44 35 43 54 61 62 45 45 42 14 50 21 39 32 39 37 50 55 56 26 39 41 24 45 26 57 34 47 45 31 49 40 71 68 39 20 20 38 10 46 51 48 30 30 33 48 58 55 31 48 17 73 14 34 65 55 36 35 57 33 50 46 38 27 27 29 25 53 31 47 35 30 26 43 28 68 61 16 41 25 41 37 56 44 39 33 23 10 57 31 32 51 58 34 63 29 42 12 29 31 30 35 46 61 11 48 55 13 23 40 36 4 56 34 67 42 45 31 25 56 39 61 53 37 41 44 36 38 60 45 41 23 44 50 52 48 30 44 37 38 31 44 32 45 38 20 20 30 18 37 33 12 49 42 39 44 20 44 53 37 51 43 40 34 19 44 34 45 41 6 51 41 25 30 31 59 20 30 61 41 39 42 23 52 43 38 14 27 64 53 55 41 52 23 41 40 41 16 48 32 28 36 40 39 28 50 32 34 56 35 42 41 43 38 69 32 19 33 17 52 37 37 50 35 24 54 52 45 49 11 42 45 58 30 32 36 36 40 45 19 52 52 34 25 48 30 47 16 54 34 36 37 50 19 14 10
33 40 41 24 52 57 32 41 32 49 45 3 56 32 40 32 57 59 49 14 29 48 36 46 50 53 22 44 43 28 41 49 62 56 50 24 22 48 1 29 39 28 47 12 35 48 60 57 8 38 36 46 36 13 56 64 43 37 55 32 26 42 27 37 46 48 22 50 46 59 50 44 38 25 13 48 67 27 26 27 61 49 42 33 41 31 27 31 50 38 48 28 45 48 41 0 46 17 46 5 22 46 50 53 24 25 47 32 30 49 44 23 42 27 54 28 45 11 14 26 32 53 43 24 53 57 41 36 48 40 32 23 45 40 53 41 33 55 41 43 32 43 34 35 40 38 34 53 35 30 22 30 47 31 13 45 29 42 32 2 53 33 20 36 22 59 41 46 41 20 41 33 35 35 48 63 33 19 67 38 39 24 57 60 54 46 24 46 51 44 60 37 51 28 43 35 46 28 57 23 47 38 46 28 25 46 37 25 52 18 40 43 53 6 56 20 44 34 8 56 32 22 24 20 32 42 50 30 53 48 35 43 59 50 40 40 27 52 48 26 68 52 48 47 41 43 28 34 39 46 43 25 47 48 26 6
33 49 44 31 36 64 43 56 37 39 45 28 38 46 24 29 40 45 39 26 49 52 34 48 27 18 32 53 10 30 45 14 54 57 20 28 20 37 50 48 50 34 43 30 18 29 35 35 16 43 31 28 30 21 36 81 34 48 35 24 49 19 24 38 40 26 30 26 39 21 42 38 5 21 34 24 31 46 17 38 30 52 38 33 29 27 44 23 45 46 16 29 31 48 45 24 36 38 42 9 28 41 51 27 61 31 37 25 48 22 46 49 20 42 45 27 37 14 12 10 23 64 33 24 31 48 44 35 33 31 24 26 65 44 19 46 32 47 39 29 19 42 54 37 58 42 42 15 23 18 34 46 28 27 36 27 42 71 21 8 40 50 40 37 7 18 34 42 36 10 30 32 27 34 30 31 30 36 44 36 42 19 32 41 21 32 47 52 31 39 35 46 33 31 9 26 28 17 41 33 46 30 42 34 19 31 42 32 38 16 23 40 41 21 30 15 37 37 28 30 41 18 39 29 33 43 20 23 34 21 43 53 57 30 42 39 45 17 44 43 46 36 22 29 41 39 57 32 20 33 20 50 60 14 35 40
25 43 12 52 28 60 37 42 41 42 26 29 37 32 20 39 8 28 43 23 28 37 46 27 26 38 14 43 46 43 43 26 40 48 43 28 28 41 22 41 45 13 31 44 18 29 23 34 26 47 16 49 35 30 45 66 28 46 27 36 29 21 22 30 38 52 24 33 23 56 13 26 17 26 33 49 43 23 20 37 48 36 50 30 36 20 5 34 21 28 21 19 21 12 48 11 23 12 39 19 24 28 16 61 36 20 12 14 23 59 28 10 30 15 35 24 45 13 17 49 13 41 39 28 34 44 28 40 45 41 44 18 54 27 23 20 50 14 29 38 26 45 23 9 31 17 46 24 19 22 53 31 20 28 9 45 29 39 35 28 48 33 33 48 28 55 31 26 14 25 41 58 25 24 30 32 6 49 48 25 16 18 16 45 32 45 33 21 40 36 39 62 43 32 25 22 22 16 24 30 36 44 28 7 27 48 41 37 23 23 29 36 58 18 35 29 34 38 6 32 42 43 23 25 13 28 52 32 34 18 9 26 43 39 24 33 45 24 29 15 61 56 25 23 43 29 22 5 36 25 31 18 67 11 36 28
27 41 36 44 38 49 46 46 21 34 48 42 43 45 22 34 28 47 50 24 53 39 60 29 26 22 21 22 41 34 50 24 53 44 52 37 50 37 0 34 33 30 33 67 12 47 51 30 12 49 48 56 26 26 53 57 56 45 51 19 35 35 54 41 32 44 32 11 51 50 34 42 42 46 34 62 63 8 10 49 48 48 49 60 39 20 26 20 26 45 40 27 17 23 79 12 25 18 34 28 35 29 56 44 30 21 73 15 44 42 19 28 40 36 23 31 62 29 25 34 14 80 64 31 49 37 47 36 53 62 34 28 32 38 38 46 30 42 13 36 35 27 36 -12 66 34 42 40 17 31 45 36 37 28 28 59 37 62 28 16 59 18 24 38 22 45 30 34 46 35 30 53 0 29 44 39 6 30 46 43 28 26 16 43 50 33 29 31 38 54 45 32 39 20 17 25 35 5 37 21 32 30 17 22 37 27 49 41 34 28 40 50 61 18 39 28 60 32 18 36 22 38 33 41 28 40 49 22 39 -2 27 26 65 42 31 43 33 16 44 32 67 23 39 16 39 31 44 11 41 28 42 25 29 42 29 35
18 56 19 40 57 45 31 37 39 55 46 46 39 46 44 37 33 54 49 8 30 28 45 51 43 41 43 37 48 31 70 61 65 63 41 37 25 27 7 42 41 45 36 55 33 38 56 31 37 36 46 54 56 32 36 85 40 29 25 32 51 30 30 64 39 59 26 25 47 48 34 51 41 49 35 75 73 14 23 43 68 42 40 57 58 46 39 29 45 56 22 40 23 35 60 8 41 24 46 33 57 46 50 63 33 11 51 47 24 71 31 29 62 37 56 15 61 29 42 59 31 71 62 59 58 44 26 58 50 66 48 26 52 25 36 30 61 62 50 58 39 44 11 36 56 32 25 63 35 12 38 42 30 51 18 43 42 58 51 3 53 26 50 68 11 67 31 22 35 40 43 43 31 45 51 43 31 43 52 51 29 27 9 53 61 47 38 37 76 41 76 43 55 36 52 47 43 25 53 31 50 32 41 20 32 53 57 50 45 34 30 48 53 18 56 49 34 64 27 62 50 58 38 35 44 35 95 38 40 16 16 50 68 54 35 32 41 46 31 43 52 51 38 16 42 24 41 5 51 21 42 49 27 44 31 43
38 49 53 18 37 55 32 79 29 45 44 30 54 26 34 23 50 19 47 32 42 34 36 44 45 55 45 45 49 48 42 51 47 60 47 30 32 53 36 27 52 51 39 20 46 50 52 23 34 24 20 47 43 21 44 68 34 44 52 32 27 38 32 43 45 33 22 42 37 56 28 8 11 22 28 57 51 45 29 37 52 33 37 41 50 43 22 17 34 41 31 31 31 31 48 3 30 43 34 21 28 30 18 63 43 37 36 43 23 26 49 41 31 31 62 41 51 24 29 23 50 39 31 13 42 47 52 37 41 42 37 30 57 34 25 35 8 52 44 26 25 42 13 58 48 13 23 25 54 39 36 27 47 46 30 20 29 57 26 22 37 47 46 48 22 34 39 41 41 6 65 56 16 42 25 51 45 49 51 59 39 23 33 53 37 58 32 51 45 46 40 33 68 43 38 50 22 19 44 39 24 34 64 29 20 44 33 31 27 47 27 29 46 12 33 9 38 42 28 31 53 19 25 17 30 29 42 41 31 28 35 50 49 23 35 28 32 41 60 32 44 41 19 28 33 42 57 33 34 30 33 38 35 10 27 18
14 62 35 47 59 67 45 34 38 27 61 53 38 22 36 33 58 53 36 32 19 26 19 70 28 35 19 38 38 28 70 33 61 36 38 21 23 43 27 44 19 33 56 49 37 32 60 29 16 38 43 56 55 41 49 71 41 46 49 41 48 46 21 24 66 19 40 34 40 52 57 50 17 33 28 38 52 39 33 50 32 44 38 49 63 24 28 36 50 63 37 47 27 44 54 12 40 25 34 34 27 29 57 35 56 30 58 36 52 42 28 35 31 54 59 46 69 5 37 55 41 74 30 47 57 59 26 35 53 47 53 2 53 33 36 38 35 28 56 37 26 23 25 26 44 37 35 31 37 29 13 38 45 52 36 47 23 53 34 42 43 32 39 47 35 46 24 43 42 23 42 36 24 24 53 43 31 35 39 68 38 25 26 71 68 57 30 30 51 32 41 40 57 -14 34 18 26 6 65 21 47 54 36 47 28 34 38 40 61 35 19 31 36 15 48 42 49 39 27 39 57 31 27 16 22 43 44 43 41 29 31 43 67 53 34 22 50 43 61 30 58 36 39 37 37 45 49 27 42 51 46 37 50 28 23 53
31 50 34 58 52 70 35 35 34 43 27 35 39 31 48 58 46 47 24 25 56 33 44 56 23 57 40 48 48 45 39 20 45 73 24 34 33 36 31 71 44 54 73 63 44 46 38 44 42 40 36 50 44 50 57 58 20 39 24 41 39 32 17 43 50 20 20 43 40 29 41 62 27 40 36 57 35 15 37 65 27 55 57 54 56 34 29 44 47 40 21 48 48 42 59 39 31 11 64 40 29 31 37 44 62 35 31 44 45 53 33 37 38 36 59 31 58 6 51 55 21 72 41 61 55 46 30 38 47 48 59 25 62 46 62 33 57 45 47 17 44 23 30 51 51 32 26 40 11 15 54 25 30 32 41 33 31 66 51 14 46 24 25 70 -8 40 42 41 38 32 32 53 37 36 56 49 36 44 46 52 38 42 33 76 60 59 28 58 55 38 43 43 30 38 43 44 26 20 56 53 35 40 50 24 41 70 55 48 51 36 63 35 48 25 46 37 45 37 44 44 45 39 44 33 25 45 74 44 49 39 9 58 59 27 38 56 38 44 70 26 42 33 35 47 55 30 53 24 35 39 45 52 46 21 55 11
18 39 39 28 56 54 39 37 59 39 49 23 42 8 42 47 20 26 42 27 42 20 17 45 35 37 7 37 28 44 49 25 41 56 49 32 43 50 15 36 27 35 38 45 12 27 40 17 22 45 25 44 49 28 37 42 37 55 57 24 18 46 41 31 36 21 22 62 29 47 17 37 31 21 14 30 39 19 40 32 30 36 62 53 45 17 33 45 35 38 42 32 44 15 47 26 46 23 28 11 14 49 21 45 42 32 35 9 37 30 40 44 33 43 66 35 39 12 39 34 30 58 32 28 26 41 47 40 35 30 47 -7 22 34 43 20 26 38 28 36 41 43 33 26 32 21 18 27 33 24 48 12 48 30 16 33 35 53 39 30 24 45 40 37 20 58 27 32 51 6 48 57 36 29 36 49 19 10 44 42 27 30 30 50 44 69 -3 42 49 49 35 58 38 14 21 13 35 1 38 45 30 58 36 33 25 52 25 24 51 35 48 43 44 17 36 19 36 21 19 41 43 33 39 26 15 19 17 42 38 46 26 33 43 28 43 29 50 20 60 29 30 41 17 42 40 21 27 20 43 33 45 36 42 33 21 48
11 35 23 46 51 27 31 33 49 30 29 22 14 40 29 39 37 18 31 29 36 35 36 39 47 28 32 28 47 44 60 25 41 57 31 28 29 43 1 36 65 24 34 44 18 42 35 24 38 35 8 56 41 26 22 42 13 39 49 45 32 27 9 39 41 19 27 41 57 55 38 29 33 17 32 49 22 31 27 0 16 16 52 37 39 32 28 38 25 46 34 33 12 18 47 18 3 24 54 34 19 22 21 42 36 21 16 35 15 42 26 34 22 10 58 15 49 3 34 30 36 40 32 42 30 34 36 40 28 39 51 6 20 12 23 30 33 31 29 28 37 42 11 26 28 13 33 35 35 39 39 36 32 45 25 40 48 38 54 23 33 48 39 54 26 53 34 11 17 12 28 39 11 26 49 30 29 26 51 63 29 26 24 51 36 44 34 14 51 36 41 51 37 23 28 34 23 15 20 37 26 29 30 9 25 30 47 64 24 30 64 31 36 36 57 20 14 51 23 44 65 38 21 46 9 30 73 24 41 19 12 42 51 43 32 28 40 36 16 39 28 47 31 31 60 18 36 22 28 27 33 13 21 8 54 13
38 41 43 50 26 61 48 35 56 38 51 45 43 55 26 40 41 37 44 14 51 39 37 63 33 45 47 58 35 42 42 41 44 79 31 27 30 50 32 46 36 10 47 25 32 32 70 36 20 25 21 56 34 37 48 55 39 66 57 17 48 30 45 40 39 31 43 43 29 35 33 41 17 37 45 34 50 35 21 45 45 49 58 50 45 33 34 30 51 49 38 35 44 30 59 31 30 33 60 25 18 42 37 61 35 44 23 12 42 28 34 36 31 52 61 31 43 0 22 32 33 57 44 39 33 42 54 29 58 39 49 5 30 65 13 33 48 43 42 33 36 43 48 23 29 23 30 37 34 15 46 18 39 29 16 61 36 67 32 22 52 40 45 48 15 59 43 38 28 3 59 44 24 46 32 62 29 39 38 48 26 28 44 53 43 40 16 27 45 47 54 61 49 13 29 38 37 18 43 39 45 51 31 16 26 57 41 26 44 28 40 41 66 27 52 35 39 37 22 46 53 41 35 25 26 34 55 31 39 59 32 37 53 43 30 34 33 30 33 17 48 62 34 40 46 21 21 14 42 39 60 53 62 17 38 36
25 47 50 43 45 87 23 44 18 42 52 30 63 44 41 22 51 42 44 43 54 48 31 47 47 52 35 30 48 22 64 57 50 43 57 47 36 56 22 17 57 30 57 38 27 45 56 33 29 42 30 47 55 27 50 65 28 45 39 39 57 52 28 46 59 53 47 42 46 66 24 43 27 35 25 48 49 64 32 45 45 43 39 44 50 22 9 42 44 50 30 29 31 50 56 12 27 29 52 15 25 49 37 63 28 29 72 44 26 27 68 20 40 25 70 29 55 15 4 55 17 67 55 47 50 42 38 28 55 38 48 38 73 31 36 58 37 49 61 69 38 51 43 56 46 18 38 39 29 48 12 31 53 64 24 36 24 48 38 27 52 52 33 38 30 56 29 16 30 21 38 66 32 40 41 53 15 36 63 40 47 30 30 58 45 52 21 43 68 34 40 23 56 32 32 28 13 20 47 7 23 33 64 22 23 45 35 36 41 24 42 34 60 9 29 6 49 41 24 22 50 30 21 30 34 21 27 33 51 34 34 40 58 64 33 33 51 46 34 28 70 34 28 18 24 41 55 15 63 11 52 65 41 26 29 3
43 64 54 38 32 43 42 52 39 40 50 44 38 54 32 30 54 55 51 10 35 31 39 34 47 37 48 43 41 33 46 40 50 62 37 29 13 47 30 39 44 31 47 22 28 53 63 56 22 41 39 58 44 44 76 69 29 47 47 30 32 48 35 51 49 16 35 43 41 58 28 50 23 36 39 45 41 30 11 33 38 51 51 38 48 46 37 17 57 46 46 23 41 31 50 31 13 21 66 47 37 37 49 49 41 38 32 14 37 37 45 9 43 45 60 26 57 9 33 43 49 52 38 52 41 47 17 40 55 50 26 20 49 47 31 60 53 38 43 42 24 19 21 45 51 43 20 42 38 11 37 21 33 38 32 50 19 38 35 8 43 41 35 49 32 67 20 36 29 17 53 49 28 9 33 33 32 37 50 57 33 7 27 54 47 44 21 35 60 44 50 58 28 22 32 33 32 29 44 23 53 45 32 33 16 33 42 45 22 31 40 47 46 33 33 21 47 62 23 45 49 30 30 27 44 46 82 48 55 37 28 55 44 42 44 32 55 33 58 36 43 62 43 44 45 48 30 17 46 29 34 22 52 28 29 31
19 38 13 28 61 49 50 29 41 43 42 41 24 48 36 36 47 47 39 30 29 37 53 36 28 15 33 56 46 38 51 50 40 59 44 38 35 39 9 33 50 32 59 39 32 24 41 33 18 39 42 47 49 30 42 54 6 50 40 32 56 42 20 39 36 46 41 38 66 44 3 51 30 36 16 47 50 28 28 35 36 51 51 47 48 17 19 32 32 38 21 58 45 24 44 26 45 24 41 39 3 23 16 58 16 39 37 30 48 55 33 19 32 52 50 22 44 17 27 30 20 47 45 57 44 37 46 38 60 24 45 12 60 38 43 32 39 38 38 29 37 45 38 12 26 20 30 22 21 20 23 20 45 31 26 46 55 42 43 20 35 44 60 18 17 68 57 23 24 37 36 57 21 28 41 49 16 18 40 58 18 23 46 57 55 42 5 29 62 44 27 62 36 23 33 40 16 8 37 35 39 40 50 3 30 49 41 26 40 33 45 50 49 26 60 45 13 48 27 27 43 63 45 45 26 52 47 36 22 36 9 22 58 43 23 42 63 49 33 28 38 21 33 29 44 19 42 4 53 17 53 40 61 6 37 24
58 51 36 51 44 38 42 59 53 58 51 52 54 53 59 41 54 48 49 17 53 49 58 56 48 43 20 29 37 34 45 46 56 71 44 23 33 46 2 35 53 33 23 44 29 59 36 32 18 60 24 49 34 37 71 33 32 37 52 44 28 32 43 45 29 55 36 58 40 37 24 38 35 44 31 68 61 24 17 40 49 37 66 28 34 32 37 40 48 41 38 34 24 33 55 22 49 13 41 24 28 39 36 79 5 30 43 30 41 22 33 17 25 50 55 24 44 27 39 24 23 74 54 23 46 51 43 53 35 23 22 32 38 62 36 36 33 46 47 48 36 38 33 23 47 39 21 35 28 32 63 18 17 29 11 33 51 67 37 17 49 30 23 32 31 41 43 37 25 18 60 41 32 28 54 62 23 7 46 30 32 19 48 51 42 37 11 28 48 73 54 33 60 23 22 23 32 3 48 28 29 27 45 28 35 56 39 37 36 15 49 56 54 12 48 47 30 37 33 24 40 55 46 41 11 38 53 29 66 30 32 48 36 63 33 31 34 57 54 31 58 41 37 38 35 50 27 27 45 21 45 40 34 19 15 21
19 55 40 46 56 33 46 60 61 48 44 36 45 51 45 34 71 40 44 23 36 41 65 42 47 31 38 31 35 64 33 38 58 54 43 23 18 50 37 37 51 24 47 19 23 46 43 29 19 46 17 45 36 33 55 47 31 46 48 36 41 45 31 32 50 15 36 56 62 53 10 56 41 12 42 53 38 35 30 24 68 44 56 29 31 33 22 42 39 62 40 46 36 36 55 12 28 15 64 15 24 29 25 49 18 39 41 28 42 33 39 38 27 36 70 13 33 5 24 49 29 67 47 40 40 53 42 55 52 41 23 33 59 64 42 44 33 49 33 47 48 45 37 43 40 24 28 25 37 28 34 26 32 40 9 32 42 49 50 37 51 41 31 37 17 60 49 34 20 20 51 40 34 28 39 49 22 18 31 46 23 24 43 53 47 48 9 21 52 53 42 62 37 15 31 36 37 13 59 35 33 35 25 39 27 47 42 23 37 19 58 49 53 24 55 42 21 32 25 40 38 28 39 46 38 47 33 31 48 27 35 40 36 42 28 30 47 42 69 27 35 35 29 56 35 25 26 11 43 24 38 35 39 25 25 26
15 33 45 41 56 46 37 51 35 50 45 37 37 44 42 47 57 44 45 15 45 33 44 43 36 36 36 32 39 56 43 51 54 75 55 36 31 66 22 30 42 23 33 43 51 43 47 19 14 37 22 55 37 33 62 44 40 37 46 31 52 29 19 38 31 41 40 38 49 46 34 42 27 23 20 61 48 23 21 37 48 45 38 29 43 26 27 28 34 41 36 68 29 40 46 14 38 21 52 28 27 29 58 42 29 41 42 44 62 13 23 27 20 45 66 35 38 19 20 49 29 76 25 26 63 51 40 31 62 48 33 20 62 39 50 47 27 48 59 28 27 34 39 28 37 50 40 21 30 22 24 21 30 18 10 38 33 59 38 14 51 47 51 35 16 44 42 41 29 26 54 47 27 37 21 52 30 20 42 44 34 25 43 62 59 32 15 54 49 44 36 40 57 21 32 45 29 8 65 37 55 22 40 15 31 61 48 6 34 9 20 50 56 33 45 14 12 50 16 36 54 26 38 16 27 51 36 31 50 27 3 29 61 51 13 43 42 52 38 22 39 33 19 37 40 63 34 16 38 35 37 35 57 19 8 29
6 61 37 39 38 20 58 25 32 25 45 29 33 46 22 45 36 40 24 31 47 48 47 37 28 24 17 33 36 33 52 52 60 45 45 38 24 34 -2 13 32 10 35 46 12 25 43 35 10 40 28 33 44 23 32 35 39 45 54 38 43 38 29 41 44 48 24 23 49 40 9 56 35 42 31 56 51 30 14 29 12 45 51 32 30 28 27 39 20 47 50 20 16 34 58 18 20 29 25 26 0 21 48 39 11 53 70 17 28 25 43 28 38 31 29 15 53 20 17 29 11 61 43 35 35 36 48 21 44 33 32 19 39 15 35 58 24 41 38 56 14 23 50 22 46 19 29 16 27 47 24 30 38 39 23 31 34 47 48 -1 22 39 42 16 48 54 27 33 28 34 29 39 19 21 21 32 14 18 39 44 37 34 23 32 39 35 30 34 54 37 32 45 24 20 34 10 38 25 19 3 28 48 28 27 0 31 34 38 50 5 48 46 41 20 26 21 33 34 11 24 29 31 30 49 30 42 36 37 27 1 23 29 67 54 31 18 52 16 35 40 49 31 39 22 50 9 37 41 53 25 41 20 42 27 30 41
55 45 21 43 46 78 21 59 30 42 20 48 68 38 42 29 50 51 41 21 46 30 38 40 31 32 36 35 44 30 38 36 53 51 41 38 50 41 23 39 55 19 48 43 47 37 62 26 34 26 26 59 68 42 45 84 31 33 20 24 47 26 17 56 60 48 17 18 31 28 51 33 14 53 27 75 62 45 10 73 55 38 29 45 64 35 39 43 61 52 22 37 21 46 44 1 60 34 50 42 55 38 58 65 36 12 44 40 18 34 20 33 42 41 55 25 55 12 26 43 32 62 69 42 53 52 39 40 42 43 50 41 51 43 33 43 40 64 54 43 28 32 17 19 73 24 38 49 38 16 41 43 43 46 35 39 20 63 28 27 59 45 43 57 32 45 27 37 24 20 41 52 26 44 44 69 27 43 45 64 57 22 39 45 39 30 33 51 37 16 65 41 65 39 21 38 23 32 36 25 29 25 49 12 40 56 56 38 36 40 41 28 54 14 46 30 53 55 34 13 65 50 16 32 25 9 68 33 58 44 37 37 70 47 20 19 31 54 49 34 66 44 28 13 54 54 59 14 37 37 57 45 42 27 20 10
39 64 48 39 42 36 47 58 29 50 61 31 52 38 38 29 45 40 40 26 41 54 37 33 43 51 12 29 27 47 42 62 63 53 51 39 33 33 23 29 42 21 16 30 19 42 43 42 26 56 29 54 46 31 36 48 36 64 46 31 46 42 43 34 44 59 25 39 53 49 7 35 59 37 20 57 50 35 9 30 53 55 66 48 50 50 24 39 38 56 52 40 41 34 44 11 43 37 32 30 20 29 42 75 22 55 48 39 31 42 55 29 45 43 41 27 56 14 41 33 23 60 54 36 43 48 49 32 43 29 36 20 41 44 41 30 29 37 48 39 36 51 34 31 53 45 26 17 39 26 47 26 46 28 9 34 29 46 51 24 46 44 53 21 25 61 40 39 23 26 39 42 44 21 39 66 18 11 57 51 29 13 37 39 51 51 28 40 42 64 39 56 57 19 20 31 37 17 15 43 29 60 49 17 23 60 18 44 31 29 25 56 62 7 43 35 43 17 16 39 30 29 37 39 38 49 41 39 32 20 36 28 47 49 37 35 53 39 61 32 39 32 38 27 49 27 38 33 56 44 40 27 56 30 37 39
17 44 45 27 47 49 39 40 49 46 38 35 41 44 36 52 55 40 27 11 65 37 25 62 31 50 34 50 46 47 40 27 48 61 42 37 28 59 34 56 18 37 30 40 32 36 53 52 16 28 35 50 28 50 46 51 39 34 33 34 34 38 16 35 44 33 43 56 47 31 37 56 23 42 32 55 49 12 37 37 37 39 81 43 51 44 17 26 35 60 41 43 29 34 51 45 40 16 44 35 18 14 48 48 43 45 42 43 35 53 23 29 39 51 46 46 48 11 25 51 43 51 40 48 61 54 42 40 43 44 48 12 42 35 49 39 42 58 43 24 42 27 35 49 37 55 21 37 30 18 29 20 39 35 30 17 43 52 35 23 37 39 38 45 1 51 39 27 47 43 47 35 38 36 41 60 51 51 41 59 46 21 31 71 42 55 29 43 59 41 50 50 35 29 30 27 37 23 49 41 48 40 50 40 45 64 46 37 43 42 62 66 60 30 47 31 32 37 20 33 54 28 38 40 41 52 57 46 28 26 14 39 49 31 20 50 53 49 77 25 48 25 28 32 58 32 46 23 36 29 42 56 68 28 22 31
44 30 36 26 55 46 37 68 22 49 28 41 39 40 41 35 72 36 51 17 60 45 35 57 8 36 40 23 41 24 56 52 43 44 67 37 28 51 35 46 51 42 42 43 14 44 59 44 26 42 27 54 19 52 44 56 47 18 47 40 45 43 33 39 20 39 21 66 61 44 38 20 37 44 25 68 53 30 26 34 64 43 50 29 23 39 26 31 51 52 37 28 31 47 52 33 46 22 36 36 30 2 29 55 29 33 68 33 24 32 11 8 38 52 57 42 51 14 42 48 61 48 70 44 63 41 29 40 61 41 47 49 49 50 39 54 33 52 32 48 51 50 21 53 54 16 16 43 17 26 25 28 49 44 23 27 35 50 52 41 53 46 31 47 25 32 36 32 33 35 60 66 13 29 34 54 39 46 48 46 53 24 38 44 47 39 26 34 51 59 39 40 62 56 21 22 37 2 44 38 29 30 38 21 51 61 53 27 30 29 71 39 48 22 43 33 27 29 22 26 21 47 29 31 30 24 29 18 41 15 31 30 44 49 26 36 45 32 53 47 44 25 18 28 32 35 62 27 53 13 35 29 38 10 10 18
45 53 51 47 62 46 38 56 46 36 66 47 50 39 41 34 83 27 59 31 49 43 63 49 45 6 32 32 40 38 48 40 43 69 54 31 57 77 38 49 53 47 45 34 54 65 66 32 29 39 28 52 38 17 65 39 39 53 63 41 40 59 47 27 49 57 43 52 48 48 43 51 46 53 44 67 57 36 19 20 43 60 60 45 41 17 21 42 43 57 36 35 32 45 65 37 50 35 32 35 17 27 23 60 27 42 45 9 44 47 52 45 45 46 62 33 42 21 22 23 45 63 44 30 42 58 72 29 62 38 46 9 51 75 18 37 27 48 30 42 51 34 37 30 37 14 21 32 45 50 42 19 55 28 28 41 56 67 56 22 54 49 45 15 34 42 30 43 34 23 45 55 23 42 43 57 44 47 65 57 47 27 70 58 20 46 15 23 60 70 33 47 68 18 45 39 35 15 39 25 31 50 56 47 40 34 47 31 49 46 74 38 56 43 57 38 47 36 20 26 58 70 48 55 38 41 37 48 35 44 42 32 64 54 30 37 50 40 43 34 69 62 32 37 46 32 49 39 61 30 63 45 47 20 25 19
35 51 42 55 40 38 30 57 43 31 76 36 50 43 33 57 55 45 56 25 27 57 43 41 29 23 42 49 33 54 40 45 33 64 28 14 41 43 29 43 44 41 33 16 25 31 55 38 22 19 36 28 19 19 31 51 27 40 33 38 62 54 45 20 27 48 39 42 41 37 44 32 17 42 26 49 47 35 12 20 37 51 49 34 55 34 23 36 48 38 39 30 45 34 45 36 42 28 46 46 23 42 20 68 35 47 34 14 4 61 37 36 64 48 39 33 44 31 33 13 55 63 36 53 34 52 47 54 32 38 49 18 50 51 14 15 49 29 32 14 35 37 36 58 35 25 33 25 52 3 35 55 56 46 29 28 45 49 31 31 50 39 42 41 31 42 38 22 28 21 56 49 38 61 36 42 36 48 38 28 46 17 26 22 23 56 28 46 50 35 55 50 40 25 44 42 19 19 29 24 37 40 47 46 16 43 50 43 24 45 45 65 53 25 33 26 19 37 25 52 45 36 45 33 44 45 53 56 36 29 37 44 37 20 27 42 38 32 31 44 51 52 14 21 43 16 57 27 38 42 32 57 51 5 27 44
8 27 34 50 64 48 39 40 23 42 46 27 44 38 43 41 42 21 45 28 33 43 47 48 34 44 14 24 31 44 52 37 47 54 49 41 51 45 14 30 56 12 45 34 19 33 21 20 17 47 17 40 32 21 47 39 37 39 34 48 46 40 13 29 26 49 59 27 53 64 30 35 53 47 22 61 46 26 32 23 43 26 39 29 62 26 -2 30 28 44 27 49 4 49 55 20 23 2 20 20 16 29 35 59 18 32 40 27 37 59 23 43 24 42 47 37 38 23 17 44 31 64 36 49 49 47 43 21 49 46 66 0 39 51 29 32 25 35 46 53 35 52 24 43 27 20 40 25 24 40 15 32 60 40 22 31 52 47 28 41 55 37 37 47 31 43 39 15 25 34 41 41 13 37 38 47 22 40 41 44 33 38 22 47 33 48 6 22 72 56 43 32 45 16 35 31 29 5 44 15 29 45 53 32 38 44 33 28 41 21 44 31 66 26 50 27 16 28 9 32 38 31 33 38 28 37 38 33 51 24 23 12 51 42 19 24 58 27 36 8 49 10 29 21 35 41 59 26 45 27 20 40 65 21 20 22
22 49 44 16 40 54 41 46 41 23 54 52 50 40 33 31 37 38 31 -7 58 29 26 37 45 25 29 40 31 46 45 16 57 69 29 38 31 33 33 38 43 9 43 40 41 33 44 33 25 37 41 56 42 35 53 78 32 48 49 43 44 35 18 24 50 28 39 47 35 44 35 46 21 32 37 62 40 32 37 35 45 43 72 42 62 16 35 24 37 37 37 41 33 34 51 18 39 19 54 25 3 24 62 58 29 55 29 22 50 39 47 46 44 35 33 33 45 -3 29 46 41 67 40 45 44 50 53 38 54 44 49 -11 28 66 38 42 28 31 31 42 30 37 41 29 30 37 28 31 32 22 33 21 41 19 26 37 10 57 46 28 53 29 40 46 11 57 48 29 39 31 21 42 16 22 30 35 38 31 53 53 24 22 24 67 35 37 18 20 69 50 21 56 45 10 21 28 19 11 45 29 54 60 29 24 39 66 32 41 53 39 32 45 29 31 65 11 42 27 13 36 55 53 22 44 31 52 50 43 42 40 11 35 43 33 30 17 63 36 55 1 39 37 33 38 53 43 43 16 52 52 58 40 49 21 34 29
35 34 53 54 75 62 14 50 32 49 30 21 55 17 29 40 53 36 49 25 52 45 39 52 48 45 20 42 50 14 36 14 86 44 42 32 34 63 19 21 36 46 39 52 34 37 30 39 32 49 7 57 34 47 68 41 14 32 35 27 44 32 13 47 51 36 29 23 31 39 41 45 24 44 18 40 36 14 20 44 21 27 51 44 47 29 19 25 42 62 28 50 38 37 69 25 25 17 31 16 25 49 34 42 44 35 30 40 38 26 50 34 37 19 72 36 49 2 27 38 18 49 39 28 51 30 33 19 41 41 56 25 58 51 37 45 40 68 42 55 28 42 29 42 46 12 31 26 29 35 32 14 32 39 32 36 25 63 47 11 29 44 28 36 13 55 45 19 22 11 44 40 0 39 48 54 20 29 66 48 35 34 31 51 26 53 29 35 65 25 50 23 51 17 45 59 40 34 57 20 38 39 45 17 30 40 50 50 53 41 43 27 69 29 38 16 45 47 8 20 53 31 28 30 44 44 41 31 33 28 17 50 58 39 21 58 46 34 34 41 54 32 31 8 30 34 44 17 38 10 29 39 62 18 29 3
34 55 32 45 19 63 51 64 37 50 34 21 44 39 48 43 33 43 38 19 51 37 47 60 42 33 29 56 47 60 45 24 60 67 31 25 24 54 29 46 49 55 56 9 40 38 30 50 16 41 27 53 10 37 71 51 32 55 62 34 42 15 31 58 57 13 42 32 24 35 21 38 23 19 59 41 51 20 29 44 27 54 52 52 63 51 34 16 26 41 35 37 43 31 53 41 30 20 44 1 28 49 24 69 52 20 5 17 46 18 49 44 41 27 61 31 36 21 14 45 12 47 38 24 10 42 42 27 45 24 52 33 65 52 32 36 36 59 43 41 24 43 45 39 32 8 68 17 28 18 50 28 26 6 40 32 39 70 44 25 27 56 29 73 25 51 41 23 32 2 48 30 40 29 29 73 31 49 45 56 35 35 44 44 3 41 42 51 40 38 42 43 41 31 35 54 31 32 42 39 29 43 46 25 32 53 45 38 42 53 27 47 71 21 45 43 49 51 11 42 55 28 43 38 48 44 59 31 56 32 48 51 37 21 18 51 35 35 41 24 34 61 23 35 33 32 38 24 20 23 51 65 67 26 35 29
27 32 47 50 77 60 42 43 25 18 43 39 30 41 47 49 46 43 42 11 56 13 32 49 37 39 32 41 47 27 62 32 73 39 41 32 26 52 5 30 27 23 23 24 44 46 46 35 16 30 3 66 32 40 53 48 29 36 42 50 46 47 9 33 46 29 30 45 47 39 38 38 24 31 54 76 58 31 20 30 39 29 48 41 44 36 12 19 46 48 42 42 27 44 51 37 37 35 35 19 31 36 62 74 21 52 50 24 28 50 31 28 42 25 49 48 46 13 32 58 29 65 29 38 36 40 51 27 61 59 42 18 52 31 36 54 38 44 20 47 49 40 28 38 40 46 47 29 30 40 31 19 44 39 38 32 21 47 35 51 46 37 42 50 25 60 12 25 17 19 61 48 5 30 37 37 20 39 49 31 41 38 18 54 54 51 20 40 62 55 50 47 47 26 61 32 15 34 59 8 30 35 43 37 28 38 36 38 41 21 33 44 54 15 43 14 37 47 11 47 31 23 33 17 23 46 41 61 23 15 27 39 55 43 39 43 48 26 56 22 41 39 22 16 34 22 35 11 41 35 38 42 46 28 29 16
31 53 51 52 53 59 51 33 57 21 53 49 59 56 34 29 32 19 39 17 47 36 25 59 44 42 47 48 50 37 53 45 51 59 41 37 26 40 12 29 50 29 28 53 40 33 54 39 55 41 30 37 39 35 30 69 38 46 46 40 44 55 54 38 60 42 42 40 46 45 39 47 33 62 59 53 64 26 36 15 48 30 62 67 47 23 38 41 24 49 27 31 36 21 45 35 39 35 51 30 1 34 41 56 23 43 40 25 22 69 47 35 50 34 22 27 68 4 28 36 25 63 47 58 32 52 42 42 64 51 70 -15 46 30 27 20 39 27 48 60 46 67 27 24 32 33 14 49 36 16 41 40 53 42 29 36 30 53 59 26 39 28 57 44 13 51 25 21 32 28 51 58 29 63 51 28 22 37 57 40 33 14 22 81 54 52 30 27 66 55 33 60 42 22 33 18 37 8 34 9 43 49 41 13 45 44 37 45 49 23 59 45 62 31 58 27 9 43 21 46 37 61 46 42 23 59 58 41 27 36 26 47 47 47 20 38 46 33 39 25 54 67 22 43 53 20 49 17 57 50 47 45 31 28 49 34
41 44 50 38 48 52 58 41 30 39 52 24 44 40 39 25 67 59 53 31 59 37 27 45 35 20 40 65 53 47 58 45 55 57 39 27 31 39 45 35 47 38 44 29 20 50 52 64 40 24 52 40 31 43 50 58 15 80 56 18 57 57 37 68 74 25 26 42 56 32 41 55 20 40 40 25 54 26 28 23 28 68 44 65 62 48 34 29 52 55 42 45 54 51 72 46 53 46 46 22 23 32 33 57 60 36 39 26 27 37 65 33 65 55 59 35 71 35 42 41 46 61 37 51 36 57 56 59 46 32 69 24 51 44 47 33 45 39 30 48 45 37 45 64 47 14 45 32 48 20 32 44 66 48 41 36 33 61 31 34 40 49 49 57 22 72 44 31 61 31 28 66 26 36 51 61 42 61 48 57 51 30 41 45 38 64 61 54 38 34 44 62 40 42 39 49 32 30 43 63 40 52 32 37 16 50 59 48 63 77 59 44 34 35 59 40 48 51 28 44 38 29 38 36 55 50 35 42 20 52 32 56 65 33 36 41 49 31 52 30 42 44 43 48 46 17 50 33 41 46 60 43 60 39 21 25
28 49 54 37 56 65 39 45 46 48 54 28 39 52 36 35 52 38 42 23 54 32 30 50 32 49 39 50 38 46 58 24 54 61 43 29 25 50 24 41 31 36 36 50 43 38 39 38 22 41 24 42 34 35 58 62 58 47 47 12 36 35 37 42 42 27 50 57 37 51 22 49 13 26 52 55 42 41 18 41 59 38 77 66 36 27 21 18 19 58 37 33 42 41 58 13 26 33 33 33 36 38 38 52 31 23 39 29 53 32 41 33 24 41 49 26 23 19 36 32 28 67 57 37 48 56 74 48 58 41 23 4 37 38 26 53 50 35 30 40 45 49 34 27 46 28 26 45 40 24 40 18 27 38 13 40 23 61 53 20 59 54 37 33 8 37 31 43 41 10 48 31 13 39 45 37 27 42 55 49 43 28 31 54 50 55 5 30 48 56 43 32 59 29 27 34 25 22 42 28 46 46 43 20 38 41 42 29 42 22 33 44 54 16 36 29 46 45 33 34 47 55 38 37 25 42 50 43 30 22 39 45 44 49 51 51 52 19 54 19 66 53 16 34 47 23 46 8 70 32 49 45 54 32 43 33
41 22 35 33 54 56 22 39 36 34 40 24 37 40 27 21 35 39 63 25 46 41 27 41 28 35 42 51 51 17 55 38 35 46 55 36 28 49 20 40 46 20 38 42 29 53 67 54 23 35 15 62 19 34 32 57 46 24 33 48 44 47 33 33 23 49 42 42 52 55 53 24 25 38 15 47 54 32 7 8 57 24 38 35 26 35 18 19 37 37 25 27 36 34 74 3 29 20 39 22 29 39 39 53 13 27 30 20 19 57 29 2 29 29 49 41 56 20 10 32 45 48 56 34 41 46 29 35 52 41 57 23 43 34 22 48 51 42 37 40 40 41 24 22 24 33 30 46 12 26 12 24 43 37 16 50 47 44 38 9 43 30 30 46 19 33 38 24 25 13 43 43 5 36 51 46 25 45 56 36 48 24 19 67 34 38 28 20 45 39 51 49 42 31 35 27 22 12 45 18 33 40 48 19 29 33 57 35 35 17 41 32 49 9 51 18 38 57 17 42 48 44 41 33 13 25 46 38 22 30 36 40 49 51 42 52 32 37 22 33 72 48 24 11 53 38 43 12 35 30 29 24 51 18 30 2
26 59 32 26 22 51 42 66 31 44 32 18 25 36 43 47 46 61 43 13 48 41 46 24 31 33 18 50 48 43 59 21 61 49 51 37 34 53 39 39 39 31 43 48 25 44 21 50 10 48 32 56 51 41 61 70 42 60 43 44 48 37 13 47 54 33 48 45 34 50 17 56 24 10 25 42 44 41 25 33 27 51 66 46 60 31 24 43 38 47 49 44 31 51 63 36 40 10 51 19 24 43 46 65 40 33 22 44 36 27 39 24 44 39 58 42 33 26 30 57 32 64 27 39 42 44 48 54 44 28 51 25 57 20 49 40 46 33 40 46 31 35 33 50 41 29 59 27 33 35 27 38 27 45 19 39 26 60 57 17 38 57 29 52 39 71 43 31 26 25 31 47 33 8 42 41 36 22 64 52 41 17 45 40 38 54 25 48 45 43 41 36 43 38 31 37 26 21 53 40 28 39 37 26 20 45 34 45 45 22 38 45 39 19 45 13 50 49 17 37 53 38 34 31 37 66 43 55 35 17 14 47 50 37 47 48 62 42 35 31 45 45 36 38 54 50 28 13 37 20 59 31 66 30 23 42
27 57 39 42 34 60 54 56 40 25 42 36 37 30 39 49 25 23 41 18 48 38 39 49 36 38 25 21 54 29 68 18 66 41 55 35 28 58 29 33 43 44 48 57 40 49 50 21 20 66 20 58 36 19 63 61 70 36 62 53 59 45 26 41 53 28 39 45 31 62 46 42 26 20 42 51 32 18 27 26 23 38 63 54 50 30 35 32 28 48 37 34 15 18 51 53 28 28 32 15 24 27 52 48 34 20 54 21 46 25 38 37 49 27 40 39 48 16 36 40 9 56 51 37 33 36 37 30 44 45 46 1 43 29 41 36 38 31 38 51 27 51 21 13 43 23 38 37 40 33 30 33 27 32 30 31 30 65 54 26 51 49 11 48 25 52 15 37 21 16 43 39 27 25 34 32 39 35 55 55 49 33 14 43 40 53 33 44 38 64 51 39 53 19 37 19 45 18 40 18 40 31 48 23 40 39 37 41 28 37 38 34 52 19 46 22 32 53 16 53 69 46 22 13 30 55 59 33 59 24 36 46 60 60 33 36 43 34 38 37 56 47 32 34 42 41 30 39 55 39 53 45 41 17 42 27
28 45 38 70 50 75 27 54 54 39 53 36 46 41 31 49 50 29 47 31 63 47 17 68 24 48 42 53 51 28 52 28 60 54 47 38 34 44 42 45 35 31 43 57 39 50 55 30 42 45 10 50 33 45 64 64 17 32 40 37 52 30 35 51 38 39 31 55 36 57 35 40 -6 28 31 52 45 41 30 41 39 26 42 35 65 41 31 30 48 53 13 38 46 24 73 24 38 38 39 31 22 37 39 71 39 36 37 35 34 47 45 20 30 39 54 31 32 25 35 42 34 48 44 33 38 63 40 63 57 41 61 25 23 56 38 40 49 31 40 56 41 61 10 30 36 21 41 28 41 49 39 29 36 66 11 41 31 59 52 40 34 55 33 39 40 53 43 27 42 14 61 49 12 36 52 70 35 57 58 54 37 30 18 73 41 56 37 33 50 39 35 34 69 32 20 28 21 22 52 49 28 42 40 12 37 53 44 57 63 50 28 25 43 25 70 29 43 61 37 25 74 37 31 20 -2 40 48 36 49 45 30 41 65 46 21 40 37 48 54 26 68 32 14 21 48 31 36 21 57 38 50 56 72 25 24 30
20 45 47 36 58 59 45 59 39 30 46 37 31 28 49 32 52 50 33 17 58 33 24 41 32 45 28 53 62 38 59 35 55 34 46 24 24 56 51 51 32 44 39 36 38 47 56 52 17 32 26 53 30 24 48 62 48 54 33 30 72 50 27 27 44 28 30 49 49 41 41 45 16 40 45 51 53 44 24 22 33 51 66 47 51 39 11 28 43 78 51 43 47 63 68 44 42 38 39 29 45 27 55 53 51 38 64 28 25 51 42 29 44 34 55 59 38 29 30 46 46 62 64 57 42 52 53 59 45 54 55 32 54 31 43 39 55 28 16 30 43 45 48 59 56 41 25 35 40 25 34 24 67 57 26 36 24 64 41 53 70 57 43 26 17 49 33 37 52 26 58 38 19 32 44 45 41 51 40 54 46 45 23 39 32 60 20 29 59 51 55 40 52 32 37 39 25 18 36 21 39 58 49 53 23 32 48 41 54 65 55 43 29 23 69 31 36 43 9 46 44 32 41 34 44 49 45 79 35 2 49 61 62 39 49 48 48 22 41 32 47 46 37 22 32 13 56 14 53 33 64 59 45 26 27 37
27 42 47 28 49 49 39 26 32 33 46 21 39 50 19 37 41 34 31 29 46 25 34 36 30 46 41 58 44 19 51 41 57 55 52 23 30 20 12 27 52 29 41 45 19 40 50 34 28 32 41 35 38 30 63 47 47 35 41 31 41 45 52 47 37 30 29 36 41 45 32 44 22 52 29 46 60 16 36 16 32 53 50 52 37 22 19 0 18 32 23 34 22 31 55 24 41 23 49 23 25 14 30 49 15 24 62 32 21 47 37 9 62 36 37 27 77 13 33 43 23 65 43 38 40 30 37 17 47 50 51 19 51 28 32 38 34 45 31 49 22 28 13 48 48 7 13 30 27 18 32 23 35 30 44 42 33 57 38 15 32 28 45 35 17 52 23 28 37 30 53 55 16 39 33 34 14 41 49 44 43 31 35 48 52 46 22 45 80 67 41 37 40 29 39 24 41 5 51 11 7 33 52 15 35 42 34 23 23 20 41 31 48 28 57 20 33 33 20 36 17 44 53 13 47 43 40 24 49 35 24 53 65 44 32 21 39 42 47 23 57 31 35 27 42 36 51 11 53 26 52 45 32 24 20 19
20 39 43 55 37 75 47 43 13 39 43 40 38 38 38 20 48 39 57 33 46 47 31 43 23 29 11 33 21 30 51 41 51 50 38 45 40 55 42 34 48 16 42 27 38 42 49 42 27 17 14 33 29 9 37 49 8 50 42 24 50 44 42 54 57 48 33 29 48 39 24 34 27 42 33 32 31 43 7 12 48 48 42 47 50 27 10 42 29 57 33 49 44 59 63 35 18 16 40 16 37 50 24 50 46 21 44 36 33 44 36 35 47 49 66 18 48 27 13 35 27 64 36 35 52 45 64 35 44 45 41 21 44 37 23 28 35 33 39 48 24 37 16 48 39 21 33 42 45 27 35 27 44 40 20 40 29 68 35 40 59 59 44 42 12 61 32 17 26 24 33 52 33 22 29 58 40 63 51 40 53 30 32 32 38 53 31 35 45 42 59 45 55 31 33 51 1 22 36 38 20 48 49 22 31 43 27 29 35 33 26 42 66 22 26 21 61 27 22 33 59 39 27 41 31 24 37 32 28 39 19 30 55 42 47 27 46 27 39 29 67 47 14 15 30 27 43 22 37 18 32 39 67 7 34 8
27 63 32 13 44 60 36 41 32 4 54 41 71 48 26 18 63 27 32 15 36 26 55 33 45 22 39 40 43 43 49 30 39 57 48 28 47 52 16 46 41 26 40 40 40 45 48 29 17 33 36 45 50 19 44 74 48 51 49 21 25 42 49 36 45 28 43 47 43 52 36 41 33 43 19 56 54 19 18 43 43 46 44 48 66 9 27 36 37 30 25 33 28 35 63 16 30 18 45 34 24 34 39 55 29 36 50 14 28 39 41 49 35 31 31 19 36 13 18 43 47 65 42 58 45 38 61 40 44 42 40 -3 32 45 12 46 28 44 26 36 36 33 34 26 48 19 35 45 35 26 41 28 50 19 43 44 24 33 27 29 52 49 40 65 37 57 30 14 38 26 32 46 12 42 30 33 31 39 44 49 50 24 34 44 47 34 13 23 41 41 47 46 22 35 56 26 20 21 46 37 51 31 29 32 51 48 48 17 29 16 42 37 46 30 29 -7 54 31 21 42 65 47 23 61 30 34 61 49 32 32 37 39 45 19 52 20 59 33 47 6 46 38 26 36 64 41 57 15 63 28 40 52 32 35 31 20
27 59 48 29 49 50 36 51 35 42 44 19 60 27 29 15 24 26 42 14 62 39 39 45 38 35 28 41 38 46 36 36 55 31 59 26 35 32 34 39 44 28 52 30 14 49 49 28 51 44 41 45 40 23 30 62 30 39 48 25 44 48 61 26 23 31 13 18 37 41 23 20 29 42 38 50 49 19 21 55 41 45 41 58 59 46 27 25 8 42 38 56 26 33 67 32 33 35 65 3 28 20 63 46 59 26 49 34 17 43 52 32 32 33 52 45 62 15 15 30 18 57 61 28 22 60 50 58 36 48 38 45 47 46 55 31 31 45 34 44 39 46 41 32 64 28 19 39 29 31 52 39 58 21 25 37 34 63 41 51 38 42 29 39 13 32 38 25 60 37 42 30 41 28 45 55 49 33 54 47 40 38 18 40 27 58 50 27 26 42 43 42 34 36 15 12 27 7 43 35 32 44 42 51 38 32 32 49 35 51 43 29 65 19 48 27 53 20 32 44 47 14 39 47 30 54 39 20 48 28 44 37 63 32 31 34 41 27 47 25 22 17 33 38 46 10 52 41 34 27 33 36 33 34 44 34
34 49 24 23 46 46 19 61 43 40 30 27 33 25 41 31 49 40 13 22 36 30 39 43 44 39 27 14 37 75 47 39 49 36 39 23 37 29 20 53 53 38 35 22 22 46 32 31 31 40 45 28 51 35 30 65 29 55 39 20 19 25 28 44 49 13 24 32 24 36 20 56 39 31 43 54 39 13 19 34 39 43 63 38 61 39 18 30 36 54 41 13 24 13 46 21 29 21 37 24 49 26 23 54 24 -2 18 37 23 25 28 28 48 25 49 16 41 18 50 32 40 51 54 38 34 53 38 26 26 30 36 34 35 39 33 22 23 57 33 34 21 37 13 23 63 5 11 32 48 5 55 5 36 38 37 44 25 34 34 29 41 50 21 54 24 52 28 26 22 19 29 18 28 22 28 45 41 38 22 66 21 14 27 35 28 35 29 46 30 45 71 22 56 40 31 43 41 25 27 43 33 26 39 14 35 37 41 37 16 59 57 26 46 16 25 57 38 37 28 39 51 40 26 37 32 40 58 35 61 21 34 37 55 31 25 9 23 56 51 23 46 47 23 29 52 28 47 30 37 45 51 49 25 36 44 28
24 57 54 33 54 46 21 56 42 18 63 50 52 31 23 42 60 23 36 31 30 22 29 33 40 49 36 35 36 51 26 33 52 35 43 13 34 51 39 39 35 24 45 38 42 36 52 16 10 44 29 36 33 26 50 52 50 33 46 14 17 49 48 19 35 9 36 48 49 48 28 39 25 23 29 43 53 33 26 13 50 39 61 36 50 20 34 31 40 54 54 18 32 29 47 6 29 25 43 30 35 34 37 28 21 30 45 32 43 38 32 29 35 39 53 47 46 7 29 27 52 64 46 25 41 52 28 48 41 55 22 6 39 41 23 32 32 33 44 32 31 30 19 38 47 43 5 27 42 11 30 24 42 26 33 32 19 38 43 29 32 22 28 22 23 45 17 25 37 12 69 39 40 42 22 36 26 25 30 55 48 3 35 52 51 49 13 38 53 57 39 30 40 6 24 22 39 3 55 21 24 54 36 39 17 48 40 15 29 20 51 41 40 5 45 22 26 29 14 49 43 23 40 25 31 26 37 45 49 39 40 33 34 37 35 28 26 45 73 27 45 42 16 34 48 55 34 20 46 47 34 42 29 33 19 36
51 47 45 32 48 51 33 47 53 45 41 15 47 61 38 24 53 42 61 24 59 36 45 32 45 33 43 46 58 41 57 21 39 52 46 12 40 49 8 32 54 32 40 53 19 54 44 44 18 40 34 53 40 43 41 59 49 66 63 11 40 29 56 53 30 32 46 49 58 56 36 16 27 28 43 51 58 31 15 46 43 43 49 59 39 24 45 55 32 26 35 33 39 31 77 19 47 15 64 18 31 41 42 72 40 20 29 39 18 21 39 27 27 36 66 32 36 32 26 32 18 63 52 41 34 47 62 60 30 20 47 28 38 48 36 47 58 47 39 36 47 43 32 40 51 9 58 46 31 22 54 37 41 26 11 55 28 58 44 39 48 53 16 68 43 56 32 23 33 14 40 45 25 31 59 56 23 25 63 49 40 30 61 39 32 60 35 20 45 41 47 34 38 41 25 42 17 -2 40 44 19 34 29 18 45 44 62 40 28 27 64 29 51 18 58 30 38 50 31 44 56 37 45 54 17 38 48 37 51 43 34 45 43 40 36 34 47 29 37 7 28 60 62 41 45 29 32 13 48 30 60 58 38 37 46 16
25 65 38 61 77 55 44 42 52 39 64 52 35 48 31 34 47 59 44 38 43 33 34 44 35 37 23 45 35 36 66 50 78 57 44 33 33 48 -3 43 51 32 21 53 40 24 49 37 2 47 23 65 34 26 42 67 44 43 22 21 37 43 15 26 48 42 53 24 45 31 48 44 38 35 39 55 62 39 30 35 38 46 61 54 45 33 33 36 54 72 53 51 33 44 54 15 43 24 26 41 39 48 73 36 25 43 52 39 34 35 32 21 34 50 54 40 48 22 27 29 15 83 55 38 45 51 46 57 57 51 41 12 50 35 31 53 37 37 60 32 26 51 49 26 59 44 48 21 21 17 26 33 39 56 39 40 42 60 53 35 27 39 68 25 11 52 28 52 39 -8 54 47 28 57 45 38 22 19 47 43 31 34 33 63 69 64 20 38 54 44 72 52 52 9 37 26 45 30 58 24 30 41 26 20 40 32 35 35 62 15 46 67 58 18 46 36 30 65 30 35 48 35 57 28 18 56 49 57 38 15 30 39 54 54 32 53 60 40 39 27 45 44 31 41 51 40 37 19 38 44 51 33 41 31 32 36
26 39 35 46 46 43 44 23 47 36 38 10 41 43 40 19 38 43 49 37 42 31 30 52 22 37 23 50 34 27 50 49 29 47 44 7 8 29 12 41 34 21 19 34 12 34 30 20 30 40 25 33 28 55 14 44 30 45 50 29 46 21 40 52 25 28 22 21 53 44 23 17 39 36 30 37 57 22 31 48 53 13 23 43 25 43 37 27 31 54 25 49 35 29 60 24 21 29 28 10 28 42 46 45 30 35 42 29 19 36 19 25 36 45 37 31 50 23 24 37 33 51 47 27 12 57 32 41 39 42 40 12 61 3 31 31 23 43 54 53 32 44 27 29 30 31 40 16 20 22 28 50 45 37 20 15 43 54 24 24 31 53 43 51 39 26 20 26 38 1 38 28 25 36 32 45 7 40 41 42 48 11 21 52 28 37 40 42 41 35 50 38 20 23 35 29 28 27 27 28 48 52 32 50 8 22 32 42 43 4 22 38 52 12 35 30 24 47 19 31 18 3 47 44 29 27 40 23 31 -4 53 33 70 50 21 29 33 19 28 37 43 23 48 18 46 22 41 35 26 27 20 27 45 25 38 32
16 44 40 15 41 50 28 29 51 40 34 32 43 38 25 39 42 37 40 26 38 31 13 49 25 51 43 66 46 34 39 40 39 53 65 36 22 49 36 49 41 29 34 32 41 28 68 53 25 38 15 49 35 41 34 69 34 38 24 25 48 37 23 16 46 33 34 51 37 38 30 44 19 32 20 44 47 31 22 31 39 41 60 37 45 40 22 18 38 48 33 44 26 41 58 25 33 42 54 28 30 27 37 50 20 46 27 30 23 53 49 18 39 32 41 29 31 3 8 41 44 40 50 36 31 41 42 38 52 53 56 26 38 28 35 43 48 52 44 26 46 42 40 47 38 36 31 35 38 20 28 25 34 42 32 38 25 35 49 16 36 52 53 28 32 56 46 28 32 22 44 37 35 33 43 44 37 32 45 46 40 26 37 50 40 45 22 33 59 34 51 51 53 42 41 24 18 27 52 29 34 59 38 20 25 49 20 51 41 37 33 45 57 34 61 32 31 48 20 48 52 38 51 15 13 49 44 44 10 52 27 27 42 41 38 36 45 41 43 26 61 35 17 29 61 18 27 4 54 30 15 36 58 31 29 29
36 46 36 17 62 55 29 59 48 35 48 22 50 19 37 37 34 44 35 18 43 43 43 49 43 39 27 31 42 49 44 27 54 62 41 31 47 49 45 38 37 36 25 68 26 44 56 32 25 37 41 52 45 31 38 74 32 40 40 31 29 37 29 15 42 28 27 46 31 50 28 63 37 43 27 58 56 16 24 21 66 37 64 41 34 34 17 32 49 50 27 36 28 24 59 -1 36 14 35 21 23 31 44 62 20 30 39 18 38 51 43 51 26 27 46 19 53 9 20 51 39 65 49 36 43 45 45 30 49 53 36 12 28 47 38 33 25 41 20 47 44 29 31 9 45 45 28 38 19 23 33 11 38 38 26 45 17 53 59 11 43 43 27 41 28 63 32 16 33 29 27 14 23 25 41 35 31 24 42 58 34 5 11 59 27 35 18 17 38 47 40 57 46 28 21 32 31 6 34 37 44 40 26 37 27 55 33 38 52 43 36 42 43 24 52 34 30 36 22 54 71 38 24 49 36 44 50 44 31 25 28 30 50 31 31 40 47 44 47 24 69 51 15 35 66 43 37 11 48 27 37 38 36 47 16 29
37 25 25 37 68 47 55 49 35 36 46 19 28 39 34 41 64 63 34 18 57 41 43 34 25 29 34 42 27 27 48 41 60 70 44 41 22 43 32 51 58 34 49 27 22 34 59 43 23 45 15 67 36 19 38 54 32 42 60 39 65 48 5 34 31 18 34 50 43 33 34 38 29 18 36 56 31 41 35 29 30 47 32 49 17 25 37 13 47 53 34 32 39 47 60 26 34 27 55 22 17 23 45 49 27 41 47 24 33 16 25 47 19 36 81 33 47 22 39 36 41 60 40 24 34 34 51 35 42 22 45 39 47 51 39 67 36 50 22 35 43 39 47 56 44 21 35 30 24 38 29 24 48 41 39 31 57 48 39 27 44 44 53 43 20 56 42 38 28 6 62 47 11 41 45 51 32 40 39 45 46 30 47 26 33 38 30 40 49 37 54 60 24 27 12 46 48 27 37 26 29 33 49 44 35 50 51 27 37 29 68 35 36 21 61 6 34 24 34 33 33 32 29 28 38 26 30 33 43 39 31 50 52 28 49 38 43 27 45 37 25 43 26 36 56 24 38 16 41 5 42 32 62 20 24 18
44 40 30 43 27 60 37 48 25 17 45 20 44 51 21 32 35 31 59 11 50 22 39 32 29 39 31 35 39 36 51 40 64 49 43 48 38 39 12 30 45 25 33 30 17 62 52 31 20 42 21 53 30 20 66 55 38 56 54 38 58 62 38 47 37 43 40 40 26 41 19 38 25 28 18 63 36 25 -1 24 28 44 59 55 65 32 22 8 16 34 37 37 39 37 71 39 19 32 47 20 26 35 26 75 0 39 42 17 40 24 15 24 58 16 36 45 45 8 30 50 39 53 43 30 35 30 57 35 45 41 27 17 38 47 37 35 28 44 37 43 36 34 32 27 38 21 22 35 43 41 35 17 47 31 32 45 17 48 51 27 49 28 29 24 32 61 40 24 20 32 33 48 30 19 31 43 31 11 48 49 24 18 25 19 48 34 18 28 39 64 37 37 55 22 33 48 28 24 49 13 28 22 42 34 28 30 31 41 34 23 33 34 58 28 38 15 39 28 15 47 43 56 35 31 34 47 58 32 27 13 35 38 59 46 32 23 36 33 37 36 59 45 9 17 31 31 31 26 64 15 51 23 53 23 24 15
29 35 32 33 35 44 39 46 44 46 19 31 32 40 48 52 33 31 35 23 43 26 16 47 31 48 22 39 55 46 57 47 35 48 47 31 18 48 22 30 53 42 39 30 33 32 52 44 28 43 7 27 21 12 43 45 40 38 40 41 53 30 7 31 40 35 32 41 37 48 18 33 26 30 37 60 43 37 18 19 21 34 52 28 40 24 16 34 24 42 55 20 21 28 55 22 16 25 30 18 39 34 11 52 11 25 16 30 23 30 19 19 25 10 62 16 44 24 31 35 34 39 47 21 26 23 27 32 44 39 54 37 41 14 37 31 27 36 48 24 31 38 17 48 40 26 28 31 41 22 32 12 32 47 25 38 29 44 50 15 35 59 34 40 54 53 28 27 14 11 60 46 31 11 28 41 39 44 57 48 17 12 44 41 29 38 21 52 49 40 49 45 60 43 36 17 24 15 27 16 22 38 60 16 32 30 36 47 25 46 46 50 48 27 43 28 22 51 15 45 46 25 35 20 22 34 40 45 33 15 32 31 34 38 18 17 18 33 36 41 45 56 15 22 50 21 19 16 30 8 27 27 57 18 29 24
17 33 43 34 47 31 46 59 21 14 47 33 40 13 34 41 28 25 38 25 36 47 48 37 22 12 38 32 42 33 49 38 74 25 53 42 44 36 22 26 45 37 40 46 19 42 36 38 44 63 14 45 37 36 59 52 40 21 33 49 29 46 21 25 38 28 12 30 35 36 47 34 18 31 17 57 29 21 25 21 6 51 53 33 37 36 28 30 28 51 32 52 5 20 53 31 32 43 33 12 24 15 53 37 32 36 48 17 31 26 44 27 45 19 49 32 56 26 40 44 29 53 41 28 33 27 24 38 37 34 42 36 40 38 47 45 40 45 28 45 27 45 22 19 62 12 7 17 32 51 39 24 40 38 24 25 37 58 48 27 33 45 40 28 12 32 45 23 31 30 51 57 21 15 36 34 24 17 28 39 42 54 7 44 46 35 29 33 39 44 42 37 58 29 25 8 36 7 25 31 3 31 47 14 23 44 41 46 44 42 44 22 39 34 71 5 17 41 27 26 32 31 38 8 16 59 16 36 30 28 13 37 48 33 35 43 34 37 65 42 44 18 9 36 27 28 45 24 40 17 25 30 26 23 16 27
35 32 47 41 44 78 37 40 26 26 38 29 44 44 35 38 34 43 53 21 52 37 33 49 10 42 49 51 52 39 47 48 44 44 49 29 32 48 16 17 44 27 48 40 12 41 70 28 26 40 23 47 23 54 60 55 58 44 49 31 58 53 44 49 20 39 40 56 49 48 20 36 8 24 21 51 53 28 26 42 42 36 44 41 49 34 24 20 30 38 40 38 56 35 57 37 35 30 58 26 22 37 37 58 26 30 58 23 21 43 26 7 61 43 48 36 43 25 26 56 28 64 56 49 29 39 37 33 46 53 42 31 53 46 42 52 49 49 39 53 40 47 39 44 41 21 45 25 20 10 31 18 51 26 25 37 17 52 39 34 48 48 24 45 27 47 20 27 39 28 59 65 35 35 21 43 5 33 41 41 44 30 24 44 49 39 14 48 47 51 32 41 50 45 38 29 24 15 46 24 42 39 36 30 20 58 56 24 47 11 31 41 57 29 43 17 25 54 20 48 26 27 36 27 34 35 37 39 43 26 29 28 54 37 34 39 43 23 51 35 63 33 18 25 20 29 50 17 57 26 43 52 61 20 24 27
30 40 63 60 42 66 29 58 42 27 29 37 27 42 37 53 42 19 44 37 60 46 44 58 27 43 43 34 55 50 39 49 55 68 40 37 21 67 12 46 52 32 44 44 40 38 69 25 32 30 4 53 33 38 47 52 34 58 50 42 43 56 37 46 43 45 47 57 49 29 27 38 19 42 54 63 49 28 17 27 38 52 59 35 37 28 32 40 40 35 40 27 38 29 68 22 31 17 54 31 17 41 14 59 21 59 30 24 33 43 44 20 38 25 64 20 52 11 29 55 15 59 36 51 28 32 42 30 56 53 49 30 54 48 36 48 46 41 52 45 47 36 38 48 20 6 18 30 35 39 38 14 46 32 12 44 38 77 67 18 43 46 28 35 22 57 20 23 16 15 56 67 34 32 27 35 41 28 53 35 20 27 31 57 48 45 17 34 46 61 42 47 61 34 60 21 20 17 42 42 10 36 49 13 25 55 43 50 65 26 63 41 64 22 40 40 18 51 27 68 50 38 43 32 22 23 56 58 43 37 17 45 53 28 25 42 36 39 52 38 56 82 18 31 36 35 16 28 41 33 55 49 39 28 37 28
11 43 12 17 51 52 38 41 47 34 38 10 36 17 42 33 17 44 16 -4 44 26 60 33 45 12 29 42 43 44 43 25 75 41 36 31 40 32 17 28 41 43 52 39 11 29 33 10 11 43 48 38 51 14 36 68 29 51 50 37 24 22 16 50 50 29 18 18 26 36 40 49 35 20 30 62 50 26 28 33 25 36 44 57 48 22 44 36 31 59 28 33 28 27 50 23 37 27 46 -1 20 43 50 34 38 17 41 22 28 39 25 61 43 19 41 33 46 15 26 30 8 52 32 22 31 41 47 26 25 47 27 20 60 31 39 26 23 62 25 35 33 36 43 2 36 27 39 42 18 20 32 31 45 22 42 38 42 73 33 6 23 30 23 49 10 54 26 22 37 32 23 30 25 32 43 45 33 14 36 46 29 15 32 40 35 36 39 37 42 48 48 46 30 31 36 50 50 10 39 24 42 22 38 42 28 41 48 33 47 35 56 30 41 3 65 19 29 45 10 58 37 20 23 25 40 45 51 32 52 22 26 48 67 38 33 33 27 35 54 42 35 30 40 32 35 29 33 24 14 31 67 41 20 48 33 23
13 42 27 35 56 58 35 30 29 51 45 15 59 21 39 32 54 40 28 18 30 40 40 40 32 25 20 30 38 42 49 22 40 53 41 34 47 38 32 43 41 33 54 39 35 48 33 25 24 46 33 35 47 26 60 49 18 33 35 46 34 37 14 41 46 27 34 37 46 57 29 63 42 30 15 55 23 22 36 19 28 49 53 39 49 14 10 38 50 41 26 50 34 51 40 34 13 13 40 22 21 17 38 31 53 27 35 36 50 62 47 46 32 23 37 17 43 4 35 47 31 58 30 51 66 56 50 22 42 58 36 3 48 45 40 31 29 33 29 37 33 37 23 27 23 38 24 40 28 44 22 20 37 37 24 31 34 50 57 15 61 37 32 34 2 47 43 42 25 42 13 40 27 2 46 43 34 36 58 62 36 24 48 75 48 39 9 29 68 48 29 34 62 25 44 45 13 13 46 35 42 45 43 43 43 50 36 48 44 26 45 35 31 43 55 21 49 32 16 29 49 37 19 53 40 48 48 42 41 32 12 24 59 49 24 38 58 40 53 22 62 28 50 49 35 37 48 41 38 32 48 29 57 25 45 -3
37 39 50 25 59 54 31 44 55 57 35 31 38 51 34 41 44 28 51 38 56 54 21 54 29 43 33 47 43 42 56 43 50 59 57 43 21 58 18 72 56 38 22 57 30 45 56 50 17 54 28 51 40 32 50 73 32 48 28 32 33 32 41 61 38 50 59 48 62 50 35 39 35 45 34 65 47 16 20 24 59 55 66 46 42 40 47 37 33 40 32 35 41 36 45 19 46 9 57 30 44 55 34 70 35 29 25 46 34 57 33 28 32 38 73 28 33 23 25 23 28 67 36 57 50 55 41 52 31 40 55 14 51 45 38 46 47 47 75 38 42 51 24 38 33 33 29 27 45 10 44 12 27 32 33 55 46 58 42 19 45 52 38 42 15 64 33 19 28 18 52 48 43 33 59 51 42 47 44 45 33 9 46 56 51 47 22 41 62 60 56 47 39 37 29 37 38 9 43 60 33 39 47 25 58 56 44 25 19 44 60 45 75 23 51 41 23 37 35 60 54 43 45 47 29 38 64 38 49 54 17 35 41 26 8 44 42 49 53 21 52 64 10 27 51 44 27 3 34 30 37 48 58 36 31 20
41 45 30 34 37 35 45 41 42 28 42 67 26 53 30 30 42 46 36 37 56 29 49 36 36 42 18 35 36 24 54 58 65 42 51 31 39 37 34 40 53 12 26 40 24 36 54 33 20 36 19 61 56 21 36 48 37 44 45 25 46 49 30 16 30 46 23 33 61 48 25 28 40 43 27 45 63 54 28 26 53 25 60 30 28 34 42 41 39 58 45 33 9 36 57 23 38 26 58 37 31 20 58 57 15 35 67 41 21 49 25 25 30 64 58 39 46 15 29 31 38 70 57 31 42 48 37 44 47 58 33 19 38 29 20 29 23 45 47 54 32 31 23 26 63 44 13 42 28 34 44 35 42 60 25 40 52 42 47 39 54 34 54 27 33 60 24 44 40 26 50 54 26 38 36 29 25 22 43 41 43 15 35 46 54 37 27 19 51 63 60 43 44 12 24 12 53 6 30 24 32 54 40 23 14 38 25 37 38 16 58 37 41 22 55 39 26 36 29 41 44 36 32 37 26 42 53 37 34 33 20 33 65 57 45 22 46 48 38 43 48 21 40 25 59 27 26 20 52 35 28 21 34 21 28 37
33 42 28 31 49 58 45 40 41 43 23 20 39 32 44 41 28 60 28 7 46 34 31 41 42 55 34 36 44 30 54 26 58 53 48 30 29 34 14 33 49 20 54 36 25 43 34 26 46 39 15 61 55 36 46 58 27 36 41 27 35 35 8 47 38 28 44 39 37 48 17 45 26 17 38 61 39 26 42 44 36 15 35 34 47 24 19 20 43 44 40 34 23 24 59 12 29 0 41 23 24 21 63 48 30 11 30 30 34 25 16 26 27 31 65 22 62 18 45 51 26 61 36 41 47 38 32 15 37 31 30 27 46 15 33 45 40 48 45 44 20 28 21 22 45 35 22 42 22 41 38 21 31 41 18 60 33 41 38 15 54 38 35 52 27 62 19 49 13 26 44 30 8 12 36 54 27 13 60 41 32 37 23 47 40 29 24 30 41 18 62 48 47 42 29 34 36 28 42 37 52 18 40 23 30 45 45 38 41 24 48 35 41 23 36 22 46 39 27 35 54 36 15 36 16 30 63 36 43 27 16 44 69 36 37 40 35 27 38 28 45 40 38 37 70 39 28 8 49 13 33 15 43 22 24 19
26 53 8 19 51 37 32 42 46 31 57 37 30 38 17 20 33 32 18 16 47 29 44 27 46 10 32 41 25 35 63 43 50 49 61 44 58 24 26 43 61 18 42 64 15 32 50 37 32 43 31 43 59 17 25 45 29 43 47 32 42 38 50 31 42 18 16 19 30 32 31 36 31 33 27 45 38 32 9 34 45 40 55 61 55 27 46 29 6 56 28 46 6 20 64 22 28 37 54 26 25 28 42 48 12 44 44 21 27 28 38 38 43 44 43 28 47 2 37 36 45 50 58 27 28 27 46 38 53 43 58 13 20 34 22 31 22 46 27 54 25 56 23 6 51 -4 17 46 43 22 43 30 33 27 34 31 32 56 52 27 24 44 70 46 23 48 47 13 25 24 34 46 8 35 50 25 30 23 35 51 23 28 27 34 40 43 26 19 51 47 39 57 37 8 24 21 50 2 22 20 19 42 41 8 34 41 29 46 20 19 33 14 49 32 71 18 42 35 27 33 53 71 44 25 27 34 43 34 29 30 27 33 69 59 46 24 58 45 41 33 25 23 13 33 58 35 47 18 63 27 38 23 16 35 35 50
34 49 32 58 45 27 40 53 28 19 36 44 43 43 25 46 50 26 25 18 27 48 46 40 36 29 50 35 48 42 38 57 73 54 49 44 41 50 19 20 60 25 21 38 37 40 59 49 36 48 11 57 25 50 62 50 36 50 52 48 60 22 41 48 51 19 19 47 54 35 41 44 34 34 28 52 50 28 15 33 30 52 44 45 57 43 32 37 32 52 29 61 37 21 54 22 33 47 56 28 27 20 37 56 17 46 50 32 30 21 36 37 58 37 50 17 49 11 37 56 18 54 55 42 35 17 27 43 42 30 63 35 33 49 35 51 46 47 36 46 24 51 17 31 48 9 40 31 28 13 46 31 33 24 23 50 38 53 51 16 35 57 46 63 33 66 37 33 17 24 61 51 39 33 25 57 12 20 20 46 49 40 29 31 54 38 39 39 45 39 57 49 50 28 34 35 33 17 49 30 24 30 27 -7 34 71 43 31 41 40 40 42 68 32 62 28 27 39 13 35 37 32 40 20 21 42 44 16 51 36 25 44 48 45 37 22 42 56 45 33 35 39 17 32 46 21 44 22 36 39 40 46 50 22 24 35
44 38 41 39 44 49 43 51 54 45 33 38 40 38 55 46 47 33 32 21 47 32 43 37 43 11 27 48 33 33 27 32 55 56 43 39 43 46 31 44 43 22 22 16 35 43 13 43 47 58 14 50 25 41 63 32 23 32 38 35 34 50 15 42 43 16 34 47 38 21 25 55 49 37 42 54 31 25 19 43 21 38 58 43 55 26 28 30 24 49 31 52 10 25 24 61 54 17 35 29 15 24 46 53 20 40 10 14 43 26 41 38 35 43 45 48 42 32 38 48 26 42 31 33 21 44 47 36 43 2 49 16 35 48 29 37 34 37 27 58 49 49 49 43 25 32 26 31 46 32 52 23 23 15 22 10 49 48 52 24 33 53 35 31 20 55 27 62 6 21 52 44 38 17 48 58 22 12 30 39 46 23 35 47 15 37 0 31 45 44 26 49 55 16 33 17 43 26 20 27 28 38 45 24 36 52 27 35 44 29 64 47 68 21 47 25 32 41 35 15 37 56 49 28 38 41 34 41 40 53 35 49 39 43 30 52 55 29 43 5 49 40 21 57 51 18 27 24 44 32 42 52 54 32 14 37
28 50 28 32 57 45 40 50 46 46 55 19 29 33 54 34 34 38 34 14 47 38 24 55 35 55 32 27 52 49 62 23 52 49 60 50 41 40 24 44 67 35 41 40 14 39 42 29 15 55 34 48 29 32 35 54 46 43 54 56 38 35 34 50 48 41 38 50 43 56 46 37 48 33 38 74 35 23 21 29 48 36 64 47 62 39 32 27 24 43 54 37 20 26 80 37 52 26 33 6 22 39 40 70 17 33 35 37 37 34 29 37 54 38 35 46 60 28 30 22 41 66 49 26 30 58 60 41 33 31 61 25 37 43 42 36 35 51 30 34 33 50 28 44 34 17 57 19 40 36 45 27 39 50 27 30 45 66 47 29 40 48 42 59 33 52 31 40 36 27 37 43 25 23 47 48 57 29 54 50 32 19 36 31 51 71 39 48 52 58 49 49 42 35 32 40 31 24 45 31 32 48 40 40 36 43 28 43 37 44 51 52 61 9 55 34 52 36 25 54 49 41 51 26 20 33 44 44 62 13 40 46 55 45 39 36 49 29 68 35 37 38 21 38 56 38 38 34 32 48 58 35 36 34 45 31
