16 -54 88 -23 -45 -78 77 -37 25 -61 104 65 -60 58 69 9 -100 100 89 -91 1 -97 30 -46 106 -126 3 86 17 -82 -38 -54 -115 -66 29 -97 -12 76 -107 -34 34 -59 -76 -54 -93 91 -104 94 -124 -65 97 -17 -127 -53 -90 -26 22 93 113 -100 -33 -90 -27 34 114 11 76 53 119 111 -65 80 73 73 -11 -102 64 -7 27 -117 -59 -128 -11 -12 -81 -61 96 13 115 65 106 -54 44 70 -30 -110 -61 -127 -20 -118 -53 12 81 61 127 84 35 81 107 -93 31 -64 -35 16 -123 13 -111 -66 78 -38 -91 45 -28 -59 -127 93 -42 57
56 62 -87 -71 0 82 -25 -19 89 -35 49 -27 -49 17 -31 95 -38 -68 35 80 96 -57 65 -97 101 -30 -78 68 87 -93 -105 9 -72 -79 27 -105 -60 70 -84 -100 30 -30 93 69 -118 -30 63 -76 105 -13 3 90 -79 -71 42 -128 59 29 -73 91 -14 103 -84 75 -3 71 125 -46 3 -32 23 19 21 23 -57 17 -29 76 22 -40 77 -86 91 -125 -67 63 -47 -15 89 -77 30 -11 -107 99 84 23 65 53 52 -20 -15 -53 41 77 9 -112 1 -127 110 -21 -113 -99 69 -18 -99 41 81 55 -38 -103 125 -102 -37 -127 -22 36 53 -117
87 120 -54 -51 -83 -94 96 -125 -50 -54 -35 -33 70 30 -93 56 126 -75 -123 89 -81 15 -3 -63 -93 -52 -120 -104 101 96 96 -68 -57 49 -21 57 123 -32 72 -35 -108 36 41 4 -107 81 117 -4 -101 80 35 -20 66 38 -27 -35 70 -11 -99 -28 93 -84 58 17 -26 8 -20 63 37 5 105 0 23 -92 -127 123 50 23 61 95 5 -94 80 -121 50 79 -107 118 82 -61 -104 -16 55 38 -4 69 -28 -15 3 47 -99 14 107 3 -36 86 123 59 -120 -2 -108 94 124 99 73 91 -111 94 -127 28 -104 -118 93 -68 99 122 35 23
-68 64 40 -105 -75 126 -19 61 62 -30 62 40 -22 -35 116 -122 66 -5 64 0 -102 -115 -121 -7 -61 -25 -48 12 -69 69 118 -38 121 -104 43 -37 -95 -109 92 121 86 124 -7 -114 -2 -27 -46 6 -127 -16 23 -26 120 -27 115 -56 -115 -71 89 -117 -25 -97 70 21 -128 7 124 65 95 -54 -66 -63 87 54 108 -89 -90 -101 -88 -20 -127 52 -80 123 -47 70 8 68 -48 -63 -40 63 107 -99 -21 -99 51 110 -104 126 10 22 -83 42 -98 127 30 52 76 122 43 -59 35 43 1 70 92 63 -91 -121 57 -49 -83 -19 -75 -43 -45 -1
-75 -42 -76 -118 72 -58 54 -85 -51 -13 -20 -57 75 96 -107 108 -87 -98 99 8 -8 63 19 93 -11 122 -90 19 -13 117 108 2 97 72 -89 -8 43 -27 86 -7 -46 15 -92 -15 31 61 -38 103 97 -123 -89 34 87 -23 108 85 69 -102 -88 -44 61 49 108 -82 -6 -97 -106 -121 106 -65 -26 -7 120 -55 -78 116 -27 103 -125 23 -83 46 42 -126 -105 74 101 -97 -113 -71 -114 -20 -6 -60 30 108 96 106 -74 -119 87 97 -20 -94 31 69 127 -102 31 59 -83 23 5 24 99 -74 58 -20 -108 -73 19 -74 62 -75 101 62 -81 -102
-10 117 -102 -22 9 -56 -128 -101 72 -17 -102 37 51 -117 60 -117 -120 -105 -74 -38 -54 -90 -90 -110 35 -126 77 -48 29 -73 -41 -50 18 26 22 -108 114 -60 98 105 55 29 69 -86 95 47 78 120 80 -92 -53 -79 55 31 -17 -106 -95 -128 79 -110 -78 80 99 102 -28 111 -31 -90 -106 -100 126 11 -21 -97 78 -95 103 -6 -16 120 79 -86 34 89 55 115 108 96 -26 -98 30 125 34 120 -10 101 -7 55 7 89 94 -47 -99 62 48 55 120 45 77 -85 42 -24 -83 72 -65 53 41 -128 29 101 -19 20 -24 88 3 -121 120 -2
119 22 127 -72 -68 0 37 32 -54 24 65 -72 -98 27 -72 30 -70 -14 17 3 -54 -13 -76 -89 -62 -109 82 -80 -124 38 59 65 -122 127 53 102 -17 124 102 -40 -71 127 73 -38 -27 114 96 1 37 114 119 32 -112 -110 106 71 -22 -21 6 -124 22 29 54 120 -125 94 69 -39 78 -79 43 103 -93 -32 -123 -40 -110 -67 87 91 4 -94 11 123 -67 39 40 -82 62 99 50 51 15 -95 -50 116 -33 59 103 -75 118 -95 -61 -125 100 -75 92 18 -115 76 120 22 -124 70 74 -25 76 -79 106 -100 -116 -2 -11 -4 99 -71 -62 75
41 -113 50 -84 75 -2 -118 89 62 98 64 -47 -9 56 38 47 -85 2 -55 -108 50 74 -67 105 -66 60 69 102 -72 125 -93 -118 7 112 91 -41 48 36 -18 -27 64 -72 110 -13 88 -32 56 -59 -2 115 64 -71 94 -125 -127 2 35 -90 7 123 2 93 -121 108 12 118 5 -29 -93 -82 -108 -56 -19 -13 -61 -56 26 93 110 -99 -14 90 96 -86 87 -48 104 114 -128 111 79 123 109 62 55 80 -108 127 3 -126 102 -91 -6 51 -42 -78 59 -11 65 -100 -9 101 -46 -35 -62 112 -19 75 18 -106 75 44 36 -58 90 -109 -81 75
-35 79 -45 -110 63 -27 -100 56 -115 64 86 -90 -101 -72 42 -121 -53 2 76 -74 49 2 -54 73 -61 12 7 15 -105 29 -33 98 -121 22 92 -22 23 81 -49 -82 -110 13 86 87 0 -113 -124 29 -113 125 34 59 104 -120 26 -24 49 94 -50 -100 91 91 -80 63 -105 -70 -27 24 127 -94 -89 -20 -113 122 -25 12 32 37 102 32 -108 99 20 -80 76 16 30 -59 69 -13 -79 50 17 111 90 -58 -62 63 48 -100 -82 60 -51 26 -95 -95 100 31 -118 121 -69 74 -62 127 -88 48 120 -44 7 99 52 -2 50 -69 6 -111 106 27
-58 -100 -24 0 120 -59 15 -23 -22 17 114 -2 -22 -32 102 109 13 110 -6 78 -26 40 56 -7 -23 -2 127 -29 -107 48 94 123 -78 25 99 -119 -118 1 -114 74 120 -49 -50 79 59 77 -21 4 74 51 33 -15 86 -28 82 74 -70 -13 -72 -36 5 -88 24 27 113 -74 76 -77 119 1 -68 -55 42 46 -97 -118 40 -11 -59 -53 -102 92 3 30 20 -12 100 92 -46 116 -63 -60 -128 0 86 -97 121 118 -102 -66 -57 47 77 104 58 60 -40 21 68 -62 -50 -78 111 -15 -75 -39 -40 -81 93 -102 92 21 -2 -108 126 -87 -15 48
-56 -5 36 -8 -79 -60 -36 102 -50 -88 -53 -118 16 96 -18 81 27 12 -86 -93 26 97 40 71 -67 97 -111 -6 52 36 -91 -60 -77 -14 97 35 75 -88 -97 -55 73 115 -117 114 116 -39 22 -40 32 -123 114 -116 -20 -101 -103 -115 60 -8 -52 -93 102 86 95 -23 31 -83 -40 -78 -113 -32 -58 36 73 111 -68 -12 -4 -80 -15 -29 33 -76 55 50 1 89 -102 119 -91 42 -5 14 -14 81 118 -3 1 76 -125 -2 -128 -39 20 77 14 31 66 -116 93 -44 6 63 62 -13 27 69 -59 -128 2 121 86 58 -4 93 -77 -77 114 -27
70 -100 13 -33 -14 116 30 90 -29 -1 -117 48 -77 80 83 -67 -100 52 -74 102 -33 -80 -110 -22 97 -115 123 85 -76 83 27 -84 80 -92 3 -39 72 123 -104 -70 92 -67 -1 -22 0 -46 25 72 -49 121 -19 -37 -80 -30 -111 119 45 -66 -18 -35 110 69 97 -22 -116 -91 14 58 -96 31 -25 -38 30 -89 23 -25 -40 -51 -56 -22 21 112 0 27 -64 36 -107 -76 47 36 -60 65 83 29 10 117 109 106 77 -122 62 -126 55 6 -35 29 91 92 -128 56 59 -113 58 -26 95 12 -24 12 -111 -58 111 -56 -104 -99 95 -88 -106 36
-50 101 81 104 112 -60 -76 -19 71 79 -126 -63 33 15 -22 119 -71 -24 -113 79 104 41 -105 20 102 -91 32 20 36 66 79 4 29 -23 76 63 -120 -14 -14 63 13 -30 -1 -122 52 39 46 115 -45 28 -30 31 32 -91 -101 -122 -3 -24 25 -125 113 85 -15 -124 -31 -14 105 122 44 -23 82 2 -100 27 88 -73 -121 52 16 -85 25 -37 -38 -77 82 45 116 98 74 -76 104 118 3 -54 -10 -48 -119 5 -121 -126 21 -119 -63 -1 -14 -127 -119 101 -81 39 64 108 91 85 -58 90 72 89 -53 80 69 76 -123 23 49 -119 59 5
-118 -103 -79 71 -12 -39 32 -115 -118 -3 -50 37 -9 93 -27 -12 -84 121 -104 -11 28 19 78 8 31 -27 -42 -54 -85 86 -57 -57 73 -95 -39 88 -48 0 116 -52 53 84 -41 99 -84 -114 124 -121 -122 47 -69 59 -71 -125 -33 61 92 46 -44 -17 -25 -50 -113 -29 -84 58 -96 -2 35 -28 -26 76 25 -35 63 -80 107 20 -108 -7 -9 7 -81 -39 125 124 -43 -127 74 -64 55 120 -50 -120 85 29 98 44 -84 46 -106 -73 -9 18 45 107 97 88 30 104 69 -113 36 119 120 -70 118 -88 -109 120 40 -82 112 39 -11 80 89 108
-12 -121 36 77 52 17 -57 -41 48 114 -120 -111 -113 101 -115 -82 12 -76 -20 -98 -5 -55 53 99 -102 -120 126 -127 3 -111 -113 20 -104 -4 -20 -108 28 -1 -62 -6 105 -89 65 11 -68 -105 65 -96 -25 -116 29 -105 40 -94 110 8 -97 -10 6 -58 51 -127 -2 39 93 -84 -12 12 64 122 -52 -65 -94 42 39 -7 -16 123 123 -54 37 60 31 104 40 -15 -103 -3 126 -101 -58 76 -68 -63 -76 65 -11 103 -85 112 36 69 -11 -105 -97 40 -54 -33 120 -105 49 91 59 65 99 -118 112 -90 -126 -121 90 120 36 -51 -115 33 -49 9
45 -56 -81 32 125 -8 -97 -84 72 65 51 50 -125 -107 -36 -82 -47 126 -32 -92 -92 -82 119 125 114 114 -124 20 -97 95 110 31 -44 -41 124 -81 -118 -5 111 -81 17 2 1 -111 -11 -28 -102 -86 103 -48 96 -27 -52 -101 60 -81 -73 -4 -39 -117 -51 -42 25 52 -105 -91 8 -82 -34 -41 -122 36 -107 -121 -105 16 -57 -127 -15 -4 -66 -94 95 46 28 -106 -106 -42 41 57 -94 14 73 -13 -114 125 119 121 -11 -122 112 -52 -43 -41 -29 -78 -53 15 14 -61 69 34 99 -10 -40 -103 -121 -22 -78 71 -80 55 46 -57 -73 -40 120 39
-125 82 93 11 70 24 92 55 -118 -92 95 29 101 28 -42 -72 -13 -27 44 -124 12 -126 -121 48 -20 109 -16 -116 35 50 31 -22 -95 81 115 98 -6 -114 -66 -24 -128 60 -52 -9 38 -102 -29 113 40 -72 113 24 53 116 -33 19 -35 -2 -75 14 -82 -58 126 18 113 -34 -116 -91 110 72 77 -123 -62 13 -57 -119 23 -3 23 63 14 -121 25 -100 -72 85 -34 114 78 -120 -82 116 -29 47 -98 -123 -72 73 22 -54 -117 109 -14 -24 -59 66 127 87 67 53 30 106 -118 -96 113 3 75 -116 100 75 124 -79 49 -91 -19 -38 32 4
66 51 89 40 97 113 -128 -99 116 -38 -73 -82 -65 -69 103 -72 8 61 86 34 53 -16 97 75 -107 -8 -78 64 97 62 -84 27 -68 15 -12 -107 -33 7 -91 -13 -19 123 116 -7 -18 111 -69 83 -70 118 61 97 -104 12 -114 122 -97 108 -48 -48 -97 -15 38 -23 -31 11 114 29 125 83 127 127 -77 -113 -87 -19 9 -39 51 60 -25 124 -28 79 -56 -61 -100 106 -5 -20 -123 104 50 8 -97 -15 30 102 84 120 106 30 -126 66 12 -118 49 111 76 50 71 109 48 61 27 83 -28 -79 -69 -30 6 -34 39 -12 122 125 118 25
122 69 -65 64 119 -99 -77 -2 106 -29 50 11 89 8 -86 52 54 -100 112 -12 41 7 123 82 -105 28 -53 13 -66 1 -95 97 68 18 61 -97 -123 25 -109 102 -7 31 -72 -46 -34 -61 66 -119 77 34 85 -108 44 -5 25 25 -12 -66 -96 114 -103 -13 -56 -48 27 101 55 52 0 -15 107 -114 46 4 114 -28 -36 -73 -104 22 13 -43 -28 77 -55 -11 -51 61 -25 -118 -114 25 -51 -43 35 -36 -114 -68 29 -106 -35 -10 -61 61 75 95 -77 24 -5 9 71 -14 -111 -116 -96 115 1 68 -109 -101 -19 -125 73 48 74 -27 59 99
-103 -49 -18 8 -13 -110 27 30 19 -34 -4 -95 53 34 -48 -54 -87 -28 124 94 -16 71 108 -48 -80 1 3 -14 1 127 -34 45 -40 -37 -118 -4 -115 -41 80 -74 109 -33 116 75 -17 -121 -26 101 38 85 94 -59 101 76 50 -72 63 -105 31 65 23 59 -69 -89 -108 -78 86 47 -86 39 83 -63 58 -105 117 -102 87 -117 -57 -111 -49 47 107 -80 -113 -1 20 -74 12 114 -114 -7 -117 119 -73 -11 -85 89 -92 94 38 -118 -68 26 -120 -99 28 -51 -124 49 -108 43 69 63 42 94 13 -59 24 122 -22 -114 106 -59 -38 66 75 -80
75 -3 22 -117 10 -57 -18 69 58 -6 19 -21 -115 -1 -43 -121 1 40 -14 -127 62 -8 -56 -21 -53 -72 -69 -95 -56 2 94 -127 -15 -77 117 -117 16 -26 -109 71 59 -19 14 -67 -47 -24 10 -49 -76 27 -54 113 -96 -13 40 -12 -76 -62 -101 45 88 57 -103 -56 25 60 -71 114 4 -50 -55 92 -59 -21 42 -6 120 9 83 32 -49 58 82 -59 -33 -5 -71 -95 -86 89 78 -45 -15 -70 -20 -56 -93 70 0 -22 43 50 111 -111 36 -66 106 -2 10 -19 36 -108 58 -81 7 123 -128 54 102 -58 -78 13 13 -121 -13 -42 -106 -19
72 -74 9 -31 -82 71 52 12 119 -55 -62 -95 -111 40 -107 73 -67 -70 -56 -60 -75 109 18 31 -99 100 40 97 -50 2 114 -5 22 -101 -92 -95 -98 82 100 73 -96 -97 -82 -28 -68 71 99 -17 -46 -45 11 -81 -33 -17 60 43 123 -86 81 -37 -4 118 -116 79 -96 50 -45 104 23 30 -9 72 -3 -56 77 87 118 30 -109 28 -20 63 32 14 75 -12 127 -54 -23 -92 17 -20 50 116 -47 112 28 37 -126 -55 -1 123 62 26 -64 -41 59 -30 58 93 41 -55 15 -42 63 -60 23 35 -124 28 27 -94 -125 120 74 103 67 55
89 96 19 -35 -7 4 -98 -97 -38 90 -112 9 -110 -43 103 -108 -126 -81 -62 -126 7 57 71 -2 -120 -94 -61 49 11 -115 35 98 89 -59 -15 -123 127 -116 101 -20 -62 -80 105 45 -57 45 -5 85 41 31 -126 -40 -120 -84 -44 -13 78 55 64 -77 -76 -28 85 65 -38 -87 31 3 26 6 -72 84 97 -109 113 -109 -119 -88 113 49 -26 106 -99 76 68 107 -100 48 -15 108 18 109 26 -109 75 42 83 -21 -39 -106 37 107 -99 -80 -72 -93 45 62 -65 117 12 -86 -79 -49 -20 -14 -105 7 -91 -12 31 98 -2 -41 -114 54 72 -39
8 -60 -127 97 97 -8 -10 70 -117 112 25 -106 18 51 109 101 30 -18 53 -122 -31 74 62 -1 -56 -8 -12 106 53 -128 105 45 -85 -92 76 -99 -90 9 -82 13 31 89 -87 -17 -32 -41 -86 71 -10 -13 -22 31 32 76 -102 11 -16 87 77 -101 121 47 -87 -47 -49 -31 92 56 -90 104 -59 -106 84 -124 -113 72 -34 -19 -56 -35 2 -116 -15 99 -6 -45 -44 50 -107 59 61 119 11 16 -105 -72 123 39 96 71 -39 48 -120 16 -116 -64 90 126 -85 2 61 24 -104 -53 78 92 86 -14 18 31 31 30 44 -114 89 73 -44 45
-92 -50 -109 -33 109 -27 -124 -118 125 -39 72 101 100 -48 -16 106 44 -40 127 -9 54 -106 106 -98 -79 75 49 121 20 -105 59 15 -24 85 -108 19 -59 81 -41 99 43 60 69 -70 33 -41 31 -62 -51 105 -37 -115 -40 -108 106 -79 -44 3 48 88 39 -73 80 99 21 45 -80 1 -24 -103 84 36 27 24 4 21 26 0 -49 73 25 44 67 -127 78 123 34 -36 91 -53 105 -91 38 -7 29 17 -97 123 -42 101 -104 69 97 12 41 79 56 -62 61 -55 108 -34 -4 104 -55 -52 96 -84 61 -8 3 -65 -96 39 -113 113 41 -67
113 102 80 82 31 -28 -93 -121 8 64 64 18 42 -27 -92 -117 -45 -88 35 71 -58 97 -88 -24 -40 24 -109 50 -13 105 98 -30 -49 75 19 -109 -121 -79 -22 -119 -33 -97 -76 -74 -96 64 -36 92 -47 63 -34 -56 62 -62 -107 -105 -28 36 -31 -15 100 -58 -36 116 -105 41 -32 -42 57 16 106 106 6 -123 -78 22 -31 -17 16 85 -17 2 19 -2 -43 -22 -32 -86 11 31 56 -36 123 1 17 12 121 1 -73 64 -69 -24 -77 97 127 28 -2 27 5 67 -77 -90 -124 -56 58 24 1 33 20 -98 46 54 -51 8 -91 88 -109 -66
-19 -22 84 -99 78 5 -95 28 11 4 45 80 -100 53 30 44 71 -117 -113 -24 88 90 28 -11 104 -119 80 101 -71 -51 -9 -24 119 -124 -111 -111 -91 61 76 -110 82 -32 36 -125 -127 66 49 126 -30 95 12 50 -20 121 1 0 -94 111 46 31 118 93 -78 94 -9 34 -70 -110 -12 -56 -33 -119 -115 -125 70 89 -64 -54 -12 103 -29 -50 -128 -109 5 -102 75 -103 -79 -100 61 -113 -115 34 -95 52 -70 -10 68 18 -98 114 34 4 84 106 -57 -107 108 23 -33 44 61 91 -63 -100 -30 26 -87 -59 113 -12 101 -72 74 35 25 -72
44 -60 -6 -64 16 60 114 104 22 21 2 60 76 -97 -105 -104 -70 -124 -105 -113 9 -79 18 81 110 -10 44 -29 37 -98 -46 -45 109 -76 63 -74 92 -70 -27 -50 -56 50 100 55 -126 -125 -32 70 109 -49 -67 46 27 121 -7 -103 -26 -27 -20 -47 -36 -96 -37 67 -21 102 78 98 41 20 -69 -55 -77 -97 81 22 115 -84 91 -117 40 102 106 -116 40 57 26 125 -40 97 -19 -1 2 81 118 17 -88 -128 14 -45 -62 29 3 41 -36 103 -60 -11 88 -34 -58 82 -86 -124 95 -37 84 81 19 65 93 -10 -75 -89 41 75 -120 97
-14 -123 101 123 -127 35 57 123 81 -52 -82 63 -35 -127 -73 -90 -102 11 -75 -62 124 -126 61 -78 -30 -80 20 40 -93 -74 100 -84 92 26 -90 -60 -8 119 107 50 -109 -32 -68 3 -44 110 -104 -106 1 -79 47 -75 -9 18 14 -53 -19 125 -94 -91 -90 -77 65 95 8 -118 127 -66 96 -60 52 109 -29 -86 -85 13 27 89 -120 91 17 97 109 -103 -45 31 2 93 2 77 -38 -76 -8 -75 4 -94 -63 -89 -78 -100 -109 -87 -74 105 117 -54 -39 122 -79 -76 61 -84 96 -127 34 30 -2 53 -22 -117 -48 -13 87 73 120 -2 34 -6
-94 -18 9 104 96 67 100 60 127 -99 -49 -95 -78 9 26 -96 -102 103 61 99 28 5 88 -2 -96 -31 102 -58 -3 -123 95 116 101 -92 121 -73 -112 3 80 55 -16 65 -6 30 -93 -70 -61 88 18 17 -3 105 -86 94 57 -9 -99 65 -124 -75 -95 -13 -36 121 93 -63 116 9 11 31 125 -22 29 -48 3 66 123 80 9 25 27 -8 121 -67 -89 72 9 -30 -6 42 75 -98 67 92 33 -105 -38 113 33 127 -109 -109 -58 19 47 -51 54 28 -54 123 25 63 -94 -128 -9 28 28 -57 26 -7 68 47 92 99 -51 -72 -95 120
59 4 121 58 -5 -81 57 -69 89 -32 -12 -42 -96 94 -104 88 124 85 3 -98 102 22 5 101 4 -80 -25 119 12 111 21 19 -17 41 81 -33 -122 117 90 48 124 -51 -24 81 66 116 105 4 53 65 -99 -50 121 88 13 -116 -31 -105 -38 -108 82 -57 -35 -87 -5 -110 55 41 97 -67 -82 -99 127 -108 -109 94 -27 76 -34 -117 114 93 -14 32 16 6 -12 95 35 72 -77 106 44 -75 30 121 17 42 127 -36 -37 35 109 9 46 29 -26 38 108 57 3 4 76 80 118 -115 -5 32 88 24 2 90 -90 121 102 53 -104 47
40 -127 127 -77 -99 99 92 -81 -78 54 43 -46 4 -51 112 -15 -91 107 45 102 -6 90 -56 74 71 -98 -96 52 101 18 -90 20 60 127 62 56 87 104 -86 65 50 107 -98 29 86 24 -68 -29 -81 -37 -68 -13 -69 -67 -37 -100 -108 -11 109 3 -58 -46 78 102 94 22 -44 26 96 -127 123 -42 -109 -110 -37 106 -15 -7 -81 -3 -112 -123 -32 76 65 -7 -77 109 41 60 36 -28 3 101 -21 -57 -53 -67 -79 -47 98 91 26 11 109 66 59 -95 -36 -28 84 75 106 123 96 46 -57 -94 48 -7 112 63 40 42 -5 -122 72 -116
-35 -54 41 -19 55 -13 -120 19 -49 -54 23 101 -54 -40 58 -45 0 -107 -72 98 -30 -101 89 7 -28 69 33 35 -53 -122 32 -37 20 -38 107 0 -64 97 85 -71 -42 47 120 80 111 2 -59 -54 -126 87 29 35 41 -54 100 -36 108 3 -6 47 96 109 -37 74 -32 51 -76 34 -67 75 -61 51 -110 -71 86 -38 83 -13 19 2 -56 121 -122 65 -70 25 55 -45 -6 -36 -85 -12 -81 -5 15 -36 97 -123 112 72 80 -27 -61 84 21 -80 -50 37 -122 19 -124 40 6 22 80 63 -114 13 11 27 -128 39 106 -13 -12 8 -112 -68
119 -51 -74 -31 -86 -84 76 20 45 97 9 112 -40 112 27 115 122 2 -102 -106 -89 -86 82 -67 125 113 89 -70 4 -24 -40 86 38 -12 -20 9 80 11 -110 -23 -77 -126 -114 -25 -2 26 -75 -125 -39 76 -123 20 7 -56 108 -115 2 55 -14 -96 19 15 106 -124 -32 -90 -95 -126 16 107 112 32 66 17 -110 82 -72 13 85 45 42 99 -93 -90 -16 54 -6 125 -111 -113 -32 22 21 122 -127 75 -47 -86 -70 -104 54 -35 85 -116 -3 42 -62 -74 -117 117 -89 -88 -124 5 -76 40 61 61 -96 -96 114 -51 -13 -124 -4 -6 45 -103
69 -86 26 59 121 88 12 31 41 -113 64 -4 122 51 -61 -116 90 51 -2 -19 -82 108 -107 91 12 -18 89 -79 70 116 -93 108 -15 89 120 47 -123 -104 23 32 57 -73 -110 70 71 -52 -3 -44 16 -45 -126 78 61 123 -118 53 -30 -83 -127 102 -47 102 23 113 29 -25 75 4 -50 33 52 73 93 -8 54 6 91 -27 86 125 -89 -57 -9 -122 -52 42 -1 -94 -102 -80 -31 51 -78 -72 118 117 24 30 69 -55 -109 52 17 61 -123 -98 -81 -39 112 32 -27 45 -51 -128 -1 123 55 0 57 -120 -65 86 -28 108 86 -31 -109 90
-34 -73 -81 -68 91 99 39 78 -30 15 111 -70 -118 -59 -122 -10 77 -104 -25 -95 0 10 88 -100 95 44 -14 91 38 60 102 97 94 83 35 14 94 40 -75 38 -34 50 -61 -115 19 102 -68 -57 -58 80 -12 -114 -4 -114 127 -51 34 20 -56 -48 -75 64 95 36 19 46 -123 8 79 -127 -110 -51 91 -17 -20 122 -97 65 -74 48 -62 106 -27 55 118 -35 117 120 -67 30 -120 -15 -24 15 -18 89 7 -116 0 -118 -118 -108 -112 77 -121 -100 85 38 -62 104 -105 73 126 72 86 -122 -35 -21 -104 110 -111 0 17 -99 -80 -32 54 -96
68 -41 -38 -39 -56 24 52 35 -1 -66 82 -39 72 59 -111 -30 -122 68 -59 -101 -108 -86 -43 -123 105 101 -77 -119 44 109 -105 115 87 -83 -44 13 71 70 -8 -121 3 26 87 102 34 -13 -31 -116 90 -77 -98 68 -122 33 71 70 -67 -78 82 102 83 -12 -18 78 -60 -90 27 -59 7 12 -87 64 -79 -20 -12 124 -88 -2 1 -22 -56 -22 -104 122 36 93 44 -66 -39 -98 -91 23 -90 -56 -3 -127 -26 -63 -117 -85 -72 56 16 -39 -110 99 -15 -128 -56 -60 -74 26 9 -67 110 89 -37 122 -96 105 -26 -105 10 -16 74 22 -32 -83
-47 33 121 -5 73 37 -33 63 15 -118 68 -35 -8 39 -39 58 38 46 -65 -26 26 35 98 -36 65 124 91 83 -95 113 19 29 69 15 -92 -52 -84 19 114 75 -21 7 -59 -71 -27 45 78 126 -85 27 -35 113 -79 -22 -19 -29 -57 45 -71 -102 9 -4 9 78 102 -2 110 4 2 -77 -89 -27 -9 66 61 -87 -104 -62 -98 -5 -96 -9 -96 -25 110 50 58 78 -64 115 -121 17 73 -39 67 -113 -90 -94 -5 16 -7 55 -66 -75 -121 120 -44 44 29 -32 -64 71 81 73 -100 -92 -72 -77 -108 66 29 -34 120 -66 -107 33 -41 -89
53 -27 -37 -123 -101 -99 16 -110 -121 58 -33 97 -25 -127 -76 -56 -87 99 73 47 -30 -5 59 24 72 24 -48 -73 -81 55 -36 100 -56 -54 -70 -113 -2 -122 -101 -101 87 22 79 122 -66 6 59 -119 41 113 91 -1 113 125 16 94 61 -7 -73 81 -44 113 -19 -107 -56 4 -99 -15 121 -107 -33 -91 -91 -19 40 72 -121 118 16 105 -79 -33 -6 3 -24 -40 112 -124 -86 79 -106 -6 17 -12 -125 24 11 -58 -36 79 -71 -102 -44 72 52 -89 86 -38 91 -36 -114 -100 -15 105 123 90 -100 -88 65 65 -101 80 -42 68 -16 -24 87 -4
-88 -115 113 64 -50 -40 -1 104 110 -36 -118 107 78 -42 81 -21 67 -123 -60 -97 89 -97 65 -56 -88 -54 -5 -103 1 -110 94 116 5 -124 63 67 34 71 110 78 -39 111 84 65 33 66 -50 -56 83 -70 72 102 59 17 -57 37 120 -64 95 49 36 -72 87 22 -33 28 -53 -69 -11 -77 -52 -92 -70 94 -46 -68 -44 -43 -42 -18 -104 67 -60 -93 -95 -106 34 119 5 121 101 -33 31 -4 -72 61 40 13 70 -83 83 56 -73 -39 104 18 -18 90 12 -10 -113 -75 -95 -8 39 75 86 -38 28 -78 -69 90 -78 52 -73 1 -44 16
-80 -19 24 50 39 121 76 110 121 66 6 -93 1 124 44 -120 -55 -98 -82 -117 -66 -71 11 -38 7 -27 -73 80 53 -98 -58 -114 -58 5 -113 13 105 19 -7 -73 -91 -76 -49 56 28 -76 45 22 -36 83 110 92 84 99 -46 100 -60 117 118 -67 -12 -54 62 96 -33 -42 -106 -5 18 -34 41 -8 -86 -106 -106 53 20 -29 77 23 61 -95 -127 -23 -71 -66 56 -20 22 60 -46 89 63 -16 16 43 123 127 9 -122 -32 -109 -118 77 -110 -48 82 -18 105 -37 3 118 -38 81 -17 93 -124 -94 -103 -43 -107 -109 70 -107 -8 84 -78 -106
-44 9 76 -62 71 111 -59 -9 119 -10 2 -125 103 -72 -41 61 109 -106 125 93 87 94 -115 21 -22 90 -83 -17 -99 -57 66 110 111 21 -85 -82 -95 -126 39 51 -66 4 101 -28 -4 110 -80 -105 -43 -118 68 76 -10 -108 -75 -93 55 -83 -96 22 101 76 39 -8 -109 -77 -66 -111 88 -112 -81 -74 4 -3 76 -95 -22 -64 -126 -72 100 52 108 -49 -21 -101 -62 -117 41 -52 -32 18 -78 64 72 26 -127 -75 -118 -71 20 -4 -11 97 11 -115 -105 -67 -6 32 89 -101 -57 6 115 -104 -27 84 -55 -107 63 -108 20 95 -119 123 89 -31
-71 116 -105 -122 26 122 6 -12 100 4 -58 74 -115 -101 -72 -85 -100 -31 -108 124 -77 -103 55 27 44 -10 -126 38 -97 117 77 -42 107 -119 66 -93 -121 -84 89 122 118 93 116 -55 -52 57 -56 -93 -40 0 91 -89 -100 94 45 -40 -87 72 106 -53 0 -119 -47 97 85 15 41 -48 71 57 119 91 -40 18 88 124 -37 -65 -99 20 54 119 -16 -101 59 40 1 -39 44 9 16 -19 -74 107 68 0 -115 13 -4 31 117 -89 62 17 -19 14 -91 31 66 37 26 127 -27 -93 -3 -23 -41 46 -45 -90 -84 -114 -45 -93 -90 -54 -115 61
66 -78 38 101 122 78 -91 34 55 59 3 -99 -57 -19 -108 -96 3 -113 -76 -109 80 57 -47 -79 46 20 -64 45 -92 65 60 16 17 -86 -85 64 43 -20 -103 -91 38 71 -30 103 70 -21 49 120 -58 -21 22 -84 107 101 126 77 121 69 63 -93 25 -1 -99 -102 22 -17 5 1 125 -47 -85 76 9 76 96 45 -66 -57 59 54 -105 -58 -85 -72 126 -83 17 -96 -105 -24 77 74 75 -99 -58 -9 26 -53 27 -14 -3 86 74 74 91 85 -16 58 6 97 -65 111 123 -50 76 60 -76 121 9 66 46 109 -99 122 68 -93 -22 48
123 49 -106 99 47 -38 58 -80 -84 123 -24 127 118 54 -12 65 121 73 0 -14 31 -35 -37 -84 24 -100 87 -93 104 -82 57 -38 56 49 -73 -21 -123 33 29 124 71 0 88 -118 95 19 -6 57 -108 -3 122 -120 3 -1 -126 99 35 -100 -7 -59 -107 -75 68 32 97 -67 3 -11 59 -98 -74 -96 88 16 -16 -121 -54 -23 26 115 -23 49 51 -126 126 104 99 111 -84 -34 -64 -125 -105 -90 -28 -70 -48 -59 34 101 6 -37 -25 -25 -28 -7 -118 50 99 107 -14 12 -36 -31 -61 -20 92 122 -46 19 -39 -125 123 5 -34 11 42 -41
-42 -57 33 -91 -120 -7 -7 4 79 59 125 -23 32 -111 115 0 3 -118 52 -11 104 -124 67 107 -29 -108 67 -108 114 -76 -62 117 -23 0 90 -67 -116 100 -103 81 64 -107 -27 -114 24 87 -30 -59 8 -125 -115 63 113 -85 -125 55 41 -37 74 5 86 88 123 76 -92 -46 114 112 -58 114 9 64 -103 57 -76 117 -72 6 113 68 -77 96 56 67 69 -23 69 -120 49 26 -49 77 25 -77 -58 -73 -18 33 -116 -107 43 -119 -7 124 -8 -125 36 100 51 -31 85 -89 125 -88 122 -28 52 -113 106 59 64 117 112 -108 -51 54 -54 -88
-93 40 -85 -87 62 8 -51 -106 -16 -35 -120 91 -21 -7 13 87 125 109 -43 108 -46 -6 108 116 -39 24 88 -114 24 -113 12 125 26 -33 80 -100 -52 -19 -52 -121 114 -126 -43 -116 26 -85 -54 15 -76 -7 -44 -54 110 -13 -32 62 90 14 -1 72 68 -27 -2 63 -49 105 117 -120 -20 39 3 -61 58 49 32 -74 -40 45 74 -93 111 16 7 -113 18 34 -83 102 -89 54 -10 -70 1 39 -28 -114 90 -121 -50 111 -71 64 -107 33 9 -98 17 117 28 -93 -111 64 -9 -17 113 41 -57 -1 110 -41 -30 102 -112 -39 122 -13 -47 -74
85 -106 48 123 37 -13 -121 98 -60 82 101 -102 -93 -89 76 -83 -18 -23 -73 -113 30 84 44 -38 -8 9 -4 -65 11 -6 -40 -4 94 -3 91 18 16 -126 -96 -128 110 81 74 115 -23 -92 57 -63 -43 -10 123 -104 -83 -16 -115 -55 -89 -97 -90 112 117 24 59 118 -27 -62 74 17 -31 -75 108 -87 90 -52 70 79 122 -117 107 36 -53 65 117 -29 64 125 -42 110 -62 94 38 -63 -84 -64 -109 -127 34 9 -6 -113 76 120 -83 -38 -93 -10 -118 -101 120 87 -45 -71 -96 11 11 -119 57 -103 110 81 107 125 76 36 30 -112 26 40
-109 -87 -127 -118 -111 -13 2 -126 -100 99 -89 -55 49 70 -34 48 -121 52 -106 5 -82 -40 104 -43 124 88 111 40 -48 20 -92 -98 25 37 -37 -7 -20 -85 -2 -34 98 52 -30 93 73 62 119 10 25 -37 -33 -57 100 19 -21 104 -118 -118 22 96 2 113 -117 -60 63 91 -70 115 0 37 72 119 91 13 46 73 2 -60 -93 42 116 -110 114 -10 16 34 2 -16 88 115 -68 -51 84 114 98 64 66 -61 -38 123 -8 -83 111 -11 -38 -128 94 85 14 62 28 21 -99 87 92 113 95 110 72 39 -75 99 -20 -94 6 -113 42 -37
17 19 60 -97 -11 97 -16 41 81 48 -58 -82 28 86 -52 15 -10 -61 118 106 6 -70 84 -31 -111 38 64 82 102 -118 -79 -39 122 -2 104 -70 19 -121 -36 -115 121 -52 19 54 42 -30 -13 -71 88 8 44 118 10 -41 60 43 10 -70 75 -28 49 76 106 -118 57 28 -4 -96 -79 -8 -9 69 111 58 111 37 -49 28 112 -40 -17 -32 -107 121 -29 -83 -70 3 122 -65 96 39 -122 -85 73 -39 -33 -23 1 -81 -53 -27 50 28 74 -55 -107 103 -2 -22 -80 -76 -53 23 119 74 92 65 66 16 -20 20 -79 92 58 -80 46 103
-103 9 -31 -120 -36 109 -105 -106 6 -32 73 -96 -121 -69 -126 -118 -46 -88 -92 94 -123 89 93 121 -115 -16 -61 -89 -36 -108 100 33 -96 29 -60 -54 83 -115 -25 74 48 -113 2 52 -76 -82 -62 -86 19 103 -84 -31 -115 40 69 101 95 -101 17 -109 -29 21 -11 58 -88 89 5 -56 78 39 28 112 17 -57 -125 -11 -46 68 29 91 -40 -112 -99 4 90 57 113 -23 -30 -86 -8 -61 95 4 -85 96 35 -33 3 99 -106 63 -52 91 14 -86 -100 -42 -17 115 94 93 -63 18 33 -118 19 -33 4 -110 -84 93 97 69 41 -94 -27 86
117 -55 -23 119 63 -62 83 -61 -34 46 20 106 11 -97 -29 116 -64 17 32 -60 -50 68 80 86 4 -42 -45 59 -90 -3 -91 66 -34 -71 126 -108 10 45 70 -72 -45 95 -75 97 13 -99 37 -95 -28 23 55 36 55 -65 -118 5 -1 121 -51 -53 113 -56 -25 55 103 -96 -60 -92 -9 48 98 -12 -112 29 0 -65 -49 -18 -60 53 -96 -64 -114 17 -96 -64 -20 83 -23 -79 -27 38 -20 15 -118 -111 -13 -66 121 26 -28 107 39 84 123 -25 -126 -71 71 -69 -5 -48 -18 -121 -100 -1 -41 25 93 -85 -76 33 64 75 73 -17 106 37
68 62 -23 -91 84 -4 -64 -124 -128 34 109 -96 40 30 61 -1 2 -13 119 56 111 -90 13 39 121 -5 97 -33 98 -17 -108 -59 44 -79 -108 -109 46 -118 -106 97 -85 0 -30 -123 -76 17 -38 -81 -103 117 126 80 45 -113 -38 -106 85 126 28 42 -50 25 -45 -46 29 9 71 -65 -104 68 98 52 -60 -28 74 89 59 -104 70 82 99 -14 -40 89 -54 -23 -44 -96 101 -33 -89 70 17 -52 117 85 75 -33 6 -68 -86 -57 -118 -108 -13 -61 54 -103 38 -119 109 -80 89 32 76 -9 26 19 -16 -8 92 -97 45 28 -49 -121 -72 -35
-68 -12 -10 -86 -27 -81 -80 32 73 123 82 24 -100 -94 -48 -24 -118 -75 98 90 -6 64 113 -83 -44 -2 27 -49 118 -73 -107 -90 -128 -12 110 53 53 -100 77 39 -57 -116 -36 127 -11 -63 -5 96 -110 85 -7 91 40 39 -98 -31 92 -18 26 60 -50 53 -21 102 109 63 91 123 -117 80 74 -30 57 17 125 -108 -102 82 127 -102 -14 19 -113 76 -127 -123 -37 60 31 25 -57 -20 -1 -98 -68 107 -15 39 -24 -104 92 -64 50 115 -102 -25 -126 14 83 53 112 -98 27 -38 -3 -92 -100 52 1 120 57 -8 -25 -76 -42 -53 124 -80
25 -70 -103 -90 79 -88 -54 -121 -81 46 -114 71 -81 -45 34 58 62 -56 -97 -63 -48 98 -29 55 -90 -74 41 61 -60 -12 70 92 -29 -2 -8 75 34 -59 75 117 78 19 -30 25 45 22 25 -43 2 -16 -54 -61 -28 69 -111 -107 19 -37 94 -33 -110 -61 93 -27 113 12 -25 -72 -100 108 -87 -103 -76 -98 8 122 -75 -25 88 -95 -74 92 2 -69 -19 1 -24 -84 0 68 122 -54 -10 9 108 50 93 92 -128 -24 -40 -68 62 94 -10 -21 -61 -15 125 -69 -109 -101 126 45 25 115 -89 -89 113 30 -4 6 -125 -76 108 87 47 82
-109 29 -59 -12 -104 -66 -120 -12 -16 127 -10 -89 -3 91 -51 17 -68 66 -127 100 77 111 -77 -20 -121 -65 88 -73 -117 -60 -19 22 9 -79 -48 -27 31 77 37 45 -1 14 -69 -70 -128 -57 -82 50 -36 -83 -51 -49 7 29 -99 -87 21 -105 36 -113 72 -82 -122 -108 25 60 -80 15 -3 101 1 30 -105 -81 -10 70 -32 -119 -103 68 -99 -61 -48 18 -118 91 -90 52 14 -49 96 62 -123 -92 -114 96 109 124 45 8 -35 -50 27 -14 -113 -113 -85 -88 127 45 67 104 58 -85 -57 -107 -74 9 -77 -110 60 -126 -77 -125 -57 -41 -54 -3
-124 111 71 52 86 -87 123 111 -43 97 -55 119 -92 70 -126 87 3 127 -38 23 37 1 -70 7 31 6 -28 -71 80 -83 100 -53 18 92 -91 59 68 50 -35 -24 111 -107 81 59 -79 41 102 -48 -90 -10 18 50 -81 47 27 62 -18 42 -119 -54 -46 -121 -24 -95 -105 79 -110 34 21 18 121 109 -93 -36 -115 -77 -7 126 -44 -56 19 74 106 13 -77 -45 27 -84 -79 -82 -91 -108 -126 80 96 110 62 52 97 16 4 55 -108 -14 63 -2 -66 107 56 9 -20 69 -105 98 -81 3 13 113 -71 -117 41 75 43 -119 -25 94 109 76
-29 66 -51 -28 -19 -94 -10 28 107 -8 -80 106 -53 -85 99 -45 -28 -61 -44 7 6 -2 -27 7 99 81 -98 -48 -67 -58 -8 72 103 57 121 -74 -20 63 -47 98 -75 -109 8 43 -46 -86 -58 91 -73 -18 -101 34 -47 -96 10 117 -113 69 -2 -16 70 -73 106 -125 -88 -44 42 58 4 32 -1 59 -15 -9 18 92 -38 108 -46 -53 41 91 -81 12 -25 -83 47 64 111 77 -3 69 51 109 -55 -51 -21 79 -12 63 -115 -111 18 94 96 59 -99 26 64 118 34 -65 71 112 62 19 59 -108 65 -86 -108 -113 69 -73 83 67 -75 91
-65 -40 7 -120 9 72 -95 -40 -89 -41 31 93 -46 107 -42 -25 83 114 93 125 -85 -21 -78 -126 111 54 38 -41 55 81 -36 -12 6 121 -61 -4 -32 -93 59 71 52 -9 -50 -8 117 -106 74 -42 -106 94 -50 -15 77 6 117 48 42 -14 71 35 -86 68 29 86 90 -5 -12 -76 22 84 -93 -65 -20 115 25 -84 114 -39 61 83 -29 -45 -119 6 -106 46 -93 41 2 65 4 -17 90 -86 -15 -69 13 -46 105 -46 33 -29 -124 44 24 75 64 -93 -104 -34 -87 94 102 -81 83 31 -38 64 0 -77 -122 -68 -124 43 33 36 -63 -10
123 109 36 -13 124 -79 -43 89 52 -70 70 5 46 9 121 118 5 61 -128 -92 62 54 -15 3 -14 25 119 18 -85 -87 -35 -94 65 102 29 109 -6 -126 47 -21 56 43 12 21 -64 -36 48 1 -86 49 74 12 -115 -71 111 -68 -15 25 -33 -107 35 -77 -53 25 -115 19 -64 -21 60 76 -71 89 -47 -123 -11 106 -49 -47 -97 11 105 38 -117 127 -29 47 4 71 -81 -104 -9 -74 127 94 17 23 -53 37 106 16 -110 53 -68 -93 38 24 91 27 -14 81 29 -80 -28 10 -46 52 -113 4 15 -63 -47 -87 75 -3 123 -1 -126 -21
-86 -42 9 25 120 -41 -36 -26 86 68 91 -65 105 -16 -111 92 26 97 -85 113 64 32 23 -22 -127 27 120 -114 126 -46 89 -54 76 126 -70 56 53 117 -2 -24 63 121 9 -65 119 -106 117 -9 72 -43 121 -92 102 25 20 -116 105 -92 39 51 -107 30 54 84 -96 51 -64 29 37 -31 39 -54 -71 12 52 -42 35 44 -26 66 60 76 -76 27 -52 71 35 -115 -4 13 -61 -65 -102 9 113 -27 26 -48 -88 69 -43 -28 124 -77 -22 88 27 82 121 -35 -109 -5 41 -21 18 -46 40 73 81 -11 68 -101 -9 -123 -78 -41 -99 1
-5 59 -65 -36 0 -106 -58 72 -5 -52 70 8 1 29 80 -69 -35 -76 13 8 71 68 -124 -111 121 -100 -36 -35 -43 -45 -3 13 -109 -86 126 -128 -10 -15 -23 -71 -93 43 -51 44 17 -110 8 23 -73 -124 -35 -119 -65 -12 -91 127 -33 16 -65 45 -21 72 75 76 19 -116 -98 68 118 108 -48 -27 -6 -128 -59 22 -27 -121 -117 -18 -40 44 108 106 3 3 119 -95 -104 -107 49 23 -18 6 26 88 76 67 -20 111 89 53 -21 24 -44 -99 60 4 -53 -86 90 -34 103 -1 105 79 71 -12 -14 61 -119 -45 -25 62 -2 -72 111 2
118 -62 32 11 26 95 116 66 55 -35 -120 91 66 88 31 -58 -62 30 2 101 108 -107 46 60 -6 -103 -102 35 33 -23 -107 103 -82 88 -26 123 -23 58 -128 -111 -110 -77 101 -79 -14 117 112 29 19 -45 84 12 39 122 100 34 118 46 -109 -64 -117 93 93 11 -13 -21 111 94 86 116 102 68 25 37 -57 -11 14 -127 62 98 -108 117 126 120 90 83 32 -30 2 -14 84 -75 75 -42 -38 61 -52 -40 -59 76 3 92 32 -114 -107 -96 -62 -114 -66 -117 -76 89 54 124 68 -19 -98 -85 -10 3 -11 -28 -23 -9 38 -40 -113 59
98 36 15 45 -128 35 80 -17 -33 -20 -13 125 -116 -12 -51 -2 -77 -45 -94 89 123 -105 -90 18 -71 45 54 7 56 108 -20 -59 115 48 11 -40 113 52 -27 -101 -75 -1 -65 7 16 -45 -5 -93 -86 -63 10 -88 17 75 -109 -8 75 -27 -11 -41 -22 60 25 -83 -61 -111 -26 -74 -78 107 118 -101 -23 -57 66 66 -30 64 99 -67 79 -13 26 -40 -11 68 50 15 63 -18 121 83 -82 -1 -9 37 -45 33 -79 86 -75 86 73 124 45 80 -116 87 13 60 -25 111 105 45 41 24 -109 33 82 -70 122 -103 72 95 -128 -119 -109 124
