70 81 -69 84 17 44 -112 -115 -86 2 3 113 -54 104 41 17
-49 -56 -106 101 -74 -120 45 -83 46 -65 -113 -38 -97 110 -90 -64
74 -2 -4 -47 -109 90 108 -76 -106 13 -19 -34 85 -1 -18 107
120 35 71 -101 -52 25 15 25 -115 75 -97 90 -2 -94 -29 -116
-102 57 71 49 99 124 -90 -14 -96 -87 -108 -112 -94 98 -37 -29
123 -5 5 19 -8 116 105 65 112 108 119 -79 -117 -118 -43 -42
-61 -48 121 -16 -40 -44 28 27 -14 -36 -19 71 22 -51 -71 108
-65 8 -34 124 7 -108 -86 121 96 64 34 9 -123 -89 -88 -127
7 55 62 -115 -76 -104 99 127 -123 127 -86 71 -18 77 -54 -10
66 -46 -84 -106 -92 -93 74 -28 95 86 113 16 -104 -32 22 114
39 -30 -113 31 -126 63 85 -56 -64 -11 -67 -113 103 -45 -104 -115
-92 109 20 -35 54 -66 120 -117 18 3 -102 -126 124 66 126 100
15 82 13 -13 -80 101 -97 67 6 -69 26 120 27 -5 -77 94
73 -7 24 -89 99 -26 34 77 -115 -22 -68 -12 -122 -81 -106 -109
40 -35 -62 -98 -16 -39 -30 -112 -23 27 127 -127 -72 -69 -32 -40
7 54 -42 5 21 -49 99 -105 3 -102 -95 20 -16 9 -123 93
1 -37 59 56 -123 81 -101 59 -23 -69 -80 -5 100 -119 -42 -14
-4 -39 52 81 79 44 -107 -57 -43 68 65 39 -125 83 45 -11
-2 69 -109 89 -25 106 -71 -80 90 -113 64 -77 109 -79 -110 -105
68 47 70 74 -88 108 50 115 -16 85 -77 18 113 84 -20 57
64 43 9 0 -106 -12 8 113 75 -106 110 53 -95 -38 -41 32
-71 -35 -92 -106 119 56 -63 37 33 94 93 -106 -66 -126 97 -89
55 -40 76 1 73 -104 -88 -88 -43 -71 20 51 -50 93 -117 -84
53 -60 92 118 -7 74 -109 -103 26 -20 -63 7 -49 4 126 78
64 -113 37 -55 -9 8 71 -102 -116 102 79 -35 89 -29 105 22
35 105 -40 61 108 10 -102 112 -80 -23 97 70 -126 37 -45 39
10 74 -48 117 35 -85 30 -65 55 93 -14 97 14 91 -93 -95
-75 77 -5 -4 36 64 67 66 123 10 30 125 93 33 31 -121
-112 65 -100 -88 -68 127 102 82 -89 78 21 37 23 -62 88 -16
-52 -43 77 11 73 114 -32 -59 47 -78 113 74 98 -11 112 -93
37 -30 81 80 38 2 -51 -111 -7 72 -92 -34 33 -101 -125 69
111 82 -8 -122 -42 -112 85 45 93 6 3 -117 -116 7 75 44
-18 -65 75 -53 -75 -108 70 -27 120 -15 -3 97 59 -87 118 -37
-3 -60 11 -60 19 -127 -58 -42 -9 87 -89 -28 -55 2 -24 -98
84 53 54 -39 -15 -102 52 -108 -45 -53 68 102 23 23 -70 -40
-5 -102 24 67 15 -119 -93 -79 115 13 20 -104 69 -29 -71 98
-74 -35 -55 -2 72 -59 -66 -29 16 3 -61 54 120 -76 -16 7
105 60 123 -56 118 -22 -126 117 26 -47 99 67 -19 -107 66 8
-65 91 100 -10 65 -85 -123 25 16 -105 -102 126 -64 24 25 124
103 123 68 58 -120 -9 42 103 -27 95 15 -16 -78 -6 111 95
123 -89 31 73 10 -91 24 -67 20 61 -53 24 61 95 -100 -121
83 39 -56 59 -49 99 -53 108 82 35 58 -87 86 125 -29 51
97 53 96 36 21 124 31 85 -66 37 -80 -97 105 -77 0 -19
-124 -39 5 36 -126 -60 -100 -34 -18 48 -117 -85 68 38 79 -5
3 71 -66 -98 -24 -35 40 22 -47 -123 -43 59 126 72 -74 -31
84 -99 37 4 95 17 47 87 45 120 81 121 115 -34 89 -40
33 15 42 -69 -127 113 -64 55 -71 89 30 100 -16 -100 15 34
-74 -128 119 38 119 -81 -1 32 89 -8 -64 53 20 -65 -94 -50
-8 -90 -67 99 -31 27 77 -26 -82 -97 -74 -95 -13 -66 -101 81
-59 -19 61 -86 -28 -107 63 3 -58 -91 14 86 32 98 -96 10
-67 -61 49 72 37 75 -70 -34 -61 -107 -62 -109 9 114 -7 47
-85 -26 64 13 -59 59 -50 -67 -125 -13 -45 -26 66 61 69 26
-59 -16 65 68 64 66 -27 107 71 -72 -63 87 92 -21 47 85
52 -29 107 -75 24 -84 -60 -116 -44 101 22 -62 60 94 -82 -119
-114 17 -85 84 72 123 54 -104 -44 -35 -83 70 61 42 7 51
107 9 43 81 45 24 51 7 14 77 -7 -108 34 47 -66 77
38 65 66 72 -34 -86 -71 98 29 -90 -57 123 -65 23 -105 -58
-119 -106 -110 -76 23 -3 27 105 13 80 -28 -54 -107 -27 -91 -45
125 17 45 -67 29 -65 -103 -98 -21 71 19 -84 -84 -45 -14 64
-32 -35 39 109 50 6 -105 -100 -124 59 -102 -99 -95 63 -32 -55
35 25 15 -60 -60 -47 51 75 109 -126 -63 -80 70 -105 -7 17
-44 66 21 32 124 40 -52 84 -44 35 -51 -25 111 13 10 -24
104 -60 85 49 117 64 77 43 39 -59 -119 87 74 125 104 -19
-25 114 -114 20 -82 76 -52 37 -24 -100 77 -10 -65 45 -97 -21
