-82 11 -120 21 -5 -68 -101 116 -66 101 121 -18 14 -8 -4 -19
-115 -38 -4 24 -92 54 -50 103 7 91 -82 64 99 -89 9 50
37 -23 107 67 97 45 67 30 -30 -30 68 0 -21 68 -5 -117
109 101 92 -114 2 102 -115 -90 39 -16 -38 59 -59 -55 -40 -45
52 -72 124 -3 -78 98 -33 46 77 -70 -63 -36 123 51 -126 21
-14 17 88 -6 24 64 -46 40 111 8 67 13 -31 -13 -90 20
-29 -15 -59 56 80 -53 54 -100 -24 81 13 108 -126 -82 9 -47
-76 42 -50 -6 41 -30 -7 121 8 -5 89 -27 -78 -18 -109 106
63 5 -33 124 -99 -22 25 -20 -30 98 -122 -109 -113 -44 -40 52
-91 49 105 45 -92 -126 -97 -83 -99 -100 0 80 -63 -9 124 98
-31 -24 -95 -74 -7 -106 -49 22 -52 45 61 50 -13 53 70 94
43 -90 -104 -97 -54 83 -9 50 -3 -107 -7 -69 -88 -42 23 -26
-72 32 37 8 9 78 105 95 116 -5 101 -41 -97 49 -109 -68
122 2 -58 74 57 65 -95 109 42 26 -90 35 -65 62 -71 -46
-50 -40 -22 55 -102 65 -42 -59 79 119 -25 -104 18 -70 -15 47
-113 125 -10 114 67 101 65 -19 126 -14 -122 13 -108 -42 51 -114
-42 23 122 -94 -27 33 37 -41 11 -39 -26 72 -70 25 -16 -54
112 86 19 36 -117 95 89 125 -65 -46 -87 71 51 -25 46 -125
14 27 -99 43 -37 0 -83 -42 22 80 11 -10 -49 86 -78 122
-88 21 -120 125 64 81 92 12 127 -49 3 16 6 48 10 72
107 71 -40 31 -65 -38 41 -106 -80 -47 -39 74 -61 -46 -91 116
-44 -45 -84 31 79 -122 -38 -112 -18 114 -124 82 -106 6 76 -16
-71 -34 -63 84 -58 -100 -34 -83 6 59 30 94 -50 113 -98 -83
17 -25 -92 -118 18 -124 79 27 103 -48 -118 58 -100 110 -25 -41
113 -127 37 -22 45 -113 40 -73 9 89 69 -96 78 14 -92 17
-114 36 114 -103 14 -61 19 11 -52 63 114 81 0 50 31 69
40 -39 -60 -63 67 -112 -42 -14 -99 -110 59 39 -80 3 -95 -40
98 -33 123 120 -72 -105 0 6 -82 7 25 100 -42 -67 -120 -58
36 -107 101 -96 91 -45 -4 67 -64 -84 -69 -107 -39 -6 102 37
-119 121 71 116 -1 -117 53 101 -101 125 -51 1 26 39 -56 -69
102 -99 92 -45 18 -80 -114 77 -22 -123 110 -20 0 25 -14 -105
84 -49 -54 53 -17 -109 -94 44 76 -20 -120 -77 -106 16 -126 71
122 -15 -53 -87 -19 -124 46 -8 -70 13 -72 -19 1 -65 39 -58
26 0 41 -127 39 -111 -107 41 81 -107 85 10 38 -77 -42 -32
99 29 -70 22 -44 -125 -80 -51 5 -90 -20 -118 66 -55 -109 -117
-73 -77 17 -91 55 -37 -69 117 52 -25 -42 -93 -121 126 115 -96
-48 92 -72 -30 117 -103 19 -107 -55 122 -5 -41 -30 47 92 -118
19 32 -36 -111 -63 -79 94 75 61 -87 -36 61 -22 -36 75 91
-33 -122 -107 47 -42 59 -115 104 67 -43 117 -41 -78 -3 -97 -79
-53 -2 85 32 119 38 44 127 105 -3 -110 97 -114 -5 -7 -79
88 -93 -32 -32 -16 -40 18 -124 81 122 113 -75 109 66 72 59
1 -79 -1 44 25 91 -119 -47 34 -77 50 74 -74 20 51 -120
-112 -85 -107 57 -42 -24 109 118 21 53 116 -82 -3 42 123 83
44 -29 -57 106 -114 -125 13 66 10 -66 104 40 -99 102 -3 -94
-73 -66 -104 -127 -31 109 -16 -89 114 -78 -62 -31 -55 -26 -62 -124
2 100 -118 126 -22 -53 17 38 -65 -66 108 -87 76 63 -117 34
73 -24 37 -46 98 63 118 43 -51 37 48 115 9 18 20 115
92 84 -2 -44 90 51 -42 -96 -65 7 105 -2 -124 -76 25 99
-49 -19 -13 77 98 -104 18 -66 57 -8 3 -116 -117 74 -85 81
-127 111 -5 -63 -54 38 -97 -122 -89 -15 112 67 -72 43 4 93
26 27 -79 -61 -98 92 -43 -1 62 9 48 -27 -96 113 48 122
-72 47 16 118 91 48 -51 10 -64 52 126 85 -38 -115 65 83
-73 37 -83 93 -18 26 -31 -120 -10 -19 -17 -26 49 -22 -108 -126
122 99 29 26 16 97 -123 83 45 46 -25 -119 77 119 -84 -47
-24 82 -101 -117 -98 100 2 14 -121 120 -65 -74 -53 -41 -28 59
-116 -126 28 98 -63 36 54 105 64 -72 52 -48 50 95 -94 64
-74 3 49 -48 -79 69 64 8 123 38 -96 -57 -19 -86 -38 1
-46 61 127 -32 -59 -50 -21 105 -24 -39 40 61 -49 4 112 -21
-73 13 -93 100 6 -2 39 121 120 -73 3 52 -10 9 79 24
-117 -64 85 14 -108 -117 -30 -35 71 -23 -100 28 46 -123 37 -112
-77 -68 -67 19 -10 -128 118 -49 -77 -70 76 -19 -122 21 -81 72
-127 86 -84 3 -19 16 -60 -5 4 -111 45 -12 74 -21 60 69
-21 -52 100 22 -43 58 99 30 95 -57 -65 97 85 -80 64 67
-17 -34 -42 58 102 -83 -9 -78 -59 -88 -60 -104 49 -110 103 33
