-58 -122 -94 -90 40 -112 -70 -19 99 -74 -5 102 11 55 73 17
-9 -4 10 -43 49 -126 100 -88 43 -13 66 50 -113 -87 98 65
-45 -10 18 -4 23 115 -66 -4 -22 106 11 -17 -10 124 -32 115
-75 -100 124 58 -92 81 -120 109 -90 111 71 -55 37 67 -71 72
-14 52 -51 -79 79 82 -22 -79 -40 -7 93 107 -43 -92 -112 94
-122 -122 73 118 23 59 98 -75 30 -120 29 86 35 -3 55 115
46 21 119 11 -34 127 32 -50 -30 -34 78 5 32 -80 -57 -120
126 -85 104 -79 8 -56 -81 -122 -15 103 35 -34 -24 24 -66 -124
126 -117 -63 -75 51 38 -24 75 -38 22 84 -103 2 58 6 -127
122 -104 109 -79 43 65 -28 -25 -71 -56 89 -75 -14 -92 30 100
-84 -96 101 88 -91 -91 -24 51 67 70 -10 0 124 -83 -95 -50
-83 19 45 -90 68 112 -96 119 -10 -63 -104 84 -96 90 -87 110
41 91 122 -57 -81 -29 108 -18 -35 27 -19 -119 4 -40 112 -25
-33 -82 -82 -57 -85 10 -24 -12 -123 -102 90 78 37 -71 -13 -103
84 -59 -24 86 74 96 30 -22 -51 -40 -98 18 81 78 -46 77
26 -17 -37 78 -26 -77 45 -35 -31 39 80 111 -25 -95 79 95
-125 -15 102 32 91 -9 96 -29 -71 34 -50 -28 -105 -68 9 103
-7 -83 25 31 37 -99 9 -72 -39 100 14 20 25 -46 61 108
84 -79 -76 5 56 27 124 -29 27 105 41 67 115 113 -75 -42
-47 89 13 74 -42 -38 -74 -98 14 -63 32 -14 34 -105 105 -54
3 -17 -104 88 10 -50 117 20 -92 110 -2 16 31 -9 -107 71
110 -10 54 -25 65 58 93 -124 -123 -44 78 -1 -104 33 -85 -73
32 126 -2 -67 -65 -5 1 -23 -111 -119 -48 -58 -29 -51 100 118
92 -48 -34 54 124 34 -30 -70 114 -66 -33 -78 14 33 -2 114
70 -8 46 10 73 -78 -49 -18 -28 17 -34 -110 72 -31 111 -111
46 23 96 -33 88 44 48 -100 102 51 18 122 45 103 -24 99
20 -12 89 -45 8 -121 112 -32 -70 21 39 6 59 49 55 53
115 70 104 -86 25 39 -109 2 54 -103 126 -42 106 62 45 -55
125 -47 10 -60 123 119 94 46 98 -49 49 -5 -90 48 28 90
20 -97 92 40 73 -10 -69 -63 -93 76 -78 2 25 14 -91 -19
1 -56 53 117 79 69 52 62 -106 -21 -123 38 -54 4 43 12
-109 -31 36 93 99 -43 -17 26 80 -13 59 -30 -121 -83 -97 -91
-99 15 88 48 -63 41 52 28 63 -13 0 -34 92 -56 0 -38
-92 7 -93 -51 -24 44 -123 -50 119 -64 -25 -63 113 -31 29 -38
46 -70 -67 -75 -62 9 107 91 -26 -32 103 -92 -28 -127 19 -108
106 -28 -30 -60 -100 85 0 -123 50 105 -1 24 81 42 13 3
89 109 14 -29 7 -21 -38 67 122 -32 -115 -63 -5 40 50 -32
35 90 119 -77 -46 -49 -126 -100 22 59 24 48 -30 -20 4 -111
-122 -77 -65 90 70 -52 95 -16 -28 -108 -96 -92 55 -4 51 -11
100 102 21 52 -9 -65 -79 -24 -83 -72 -73 -95 33 -40 -37 75
57 79 -83 56 122 110 86 94 -21 -19 29 -25 -87 40 -67 -101
33 25 37 71 106 -53 76 63 -95 99 -113 -114 -73 33 -38 127
-65 20 -66 114 83 -56 15 89 83 111 -120 -95 -88 41 36 76
67 25 -71 -15 95 -27 -98 36 -2 45 -49 -37 -90 -27 9 -9
-109 115 -56 -119 -125 86 -62 71 88 57 47 65 -71 -81 38 75
-74 -105 -102 114 50 43 -119 -82 76 88 10 75 -74 1 -90 -51
-80 -80 -107 47 89 123 -115 4 44 110 -57 31 -13 110 -50 110
-29 -67 -67 -65 -19 111 -51 -16 -93 29 -98 -97 9 -70 -127 -123
-61 54 -32 -5 103 74 -2 -5 -47 -60 76 4 -15 -1 119 -18
-29 -3 -15 74 15 35 -83 15 79 -74 7 -111 -10 -68 86 -83
113 -128 97 95 -106 80 103 68 -111 29 78 -73 89 120 58 53
15 -65 -43 -68 -16 30 -115 73 83 44 23 31 14 -18 28 -13
97 -45 82 -89 -62 -1 -69 -22 -63 79 44 41 125 -103 13 77
-40 19 -10 75 -32 126 53 -13 -96 -57 38 -126 58 -10 80 -33
-109 56 121 122 -14 84 -79 4 -87 -46 94 -56 -127 -106 -22 -110
-21 -109 55 -126 94 54 68 -61 91 60 -11 -55 -34 -11 60 -116
85 79 103 -37 -4 43 81 -13 -100 -40 4 -121 127 50 -59 11
-86 121 -122 72 -113 122 -5 22 -22 -17 112 89 28 -22 107 103
41 48 -102 -26 -84 -118 -52 95 -47 95 -53 26 34 -42 40 -14
-103 -46 76 8 -44 -51 -44 56 114 51 -90 113 60 -72 44 -106
32 -10 -71 -2 -51 11 -34 -122 -63 51 -107 65 46 -126 -5 -43
105 12 -9 -125 -45 -104 -18 52 71 -95 -100 35 -59 6 21 113
9 -89 40 30 -60 45 -74 56 88 -109 -87 -19 124 -40 104 57
25 -32 -98 86 -102 52 38 -20 120 48 -1 -17 -48 -64 -54 -60
