-123 -101 10 23 -82 -112 -4 -41 -57 83 -33 -65 37 31 -125 122
55 -2 123 54 83 77 -8 -53 -56 13 -80 9 24 120 -16 -2
-27 114 28 106 67 8 104 -35 -104 -57 -35 82 -72 -20 -55 122
90 76 120 -53 104 118 64 24 -125 -79 48 68 66 -73 -75 41
56 100 24 17 57 32 -12 16 -25 19 5 95 -92 69 33 -17
1 -25 74 113 -60 25 -123 84 67 29 -50 124 78 -99 18 14
82 8 58 95 77 117 -23 50 109 106 -81 93 125 -82 -112 -99
80 86 -84 -125 105 -95 123 26 -45 126 75 52 -26 -13 -39 19
106 111 -45 -117 -37 -46 -111 47 115 46 85 -94 -25 -77 -124 66
-79 63 -128 -37 60 -85 -40 -107 98 16 39 -92 -30 -47 99 -86
98 71 60 -97 -92 42 20 -14 -37 44 76 -50 -27 -39 14 -66
-102 -35 -50 -5 55 6 58 -86 85 -57 103 -55 61 64 -101 -76
123 25 68 -56 25 7 -36 37 -19 69 -95 -45 15 -20 -106 -102
-35 -4 -123 -15 114 -90 -30 -52 114 -14 -21 4 -51 10 -80 21
-48 62 21 59 -61 -3 96 -110 63 95 59 -71 83 -92 35 60
78 -17 -79 53 -96 -53 -97 106 63 -63 -21 -11 -95 121 29 81
73 -56 -28 23 -92 -44 0 -85 -39 -67 -118 31 -98 8 -106 57
72 -111 124 -8 3 -122 -80 115 89 -35 -93 103 89 -75 -109 86
-81 66 111 74 32 -122 -53 -119 -110 -42 32 -40 -35 -48 84 54
-50 75 -60 30 116 73 -79 126 39 103 5 113 23 125 75 -48
-1 -11 74 -19 -74 -41 97 -109 -110 -98 51 29 110 -12 -2 92
-6 22 42 44 -96 73 -95 -113 71 13 -40 -6 34 61 -122 87
83 36 61 28 -12 121 -128 -112 -101 106 -121 14 112 -109 -113 67
-99 -100 -50 -113 -4 67 44 83 115 -89 -15 19 12 -45 55 -66
-52 -86 -45 54 -83 99 98 -69 -124 27 34 0 95 -48 -86 20
16 5 -63 -99 17 -83 -10 15 -40 29 -54 15 21 -2 -17 -89
-98 -66 108 -85 -22 -79 7 -19 -65 117 52 -57 -84 106 59 14
127 66 -41 -102 20 -33 -92 91 -54 -13 -11 -124 51 24 -45 -82
88 75 75 -64 -35 84 -95 84 12 -34 -13 -85 21 -28 18 -111
67 -27 -9 -14 -30 -112 -128 -69 -91 20 -124 -46 84 46 -128 -117
-6 -118 35 -35 -19 -6 66 -58 58 78 61 120 -69 93 80 -104
-85 -88 -108 -93 40 27 76 -22 -94 91 115 18 34 -117 -52 -26
22 -32 41 -77 -4 -88 16 89 16 -57 -47 60 5 70 104 7
-56 72 6 -121 -81 -81 105 108 17 108 63 124 20 -118 -33 26
36 122 96 117 18 -77 -89 -69 -70 -79 86 -106 48 34 -17 34
56 27 -48 102 -20 -78 -123 25 -79 -69 -110 108 53 46 78 -58
108 43 -105 22 60 -121 33 117 -50 115 111 25 85 53 40 59
-25 0 -102 21 -78 -14 70 -121 -105 41 -87 -70 101 78 8 1
66 -93 -116 121 43 9 -41 -58 108 84 -27 -49 -19 -98 21 25
-10 91 -71 -13 -9 -57 119 -4 -20 -86 -102 48 -24 -94 25 -104
-20 -90 97 -55 28 -20 -96 -23 83 95 -69 -91 -50 85 -112 -93
-111 112 -88 56 53 -123 117 -110 55 125 56 89 -122 64 28 -106
43 -42 -120 123 74 42 -100 -17 15 -14 110 112 -67 11 90 64
90 -3 43 59 -41 -125 -110 -15 127 -107 1 87 -45 47 -72 57
55 39 9 -120 -83 -95 -13 16 106 126 58 -100 23 22 -100 -9
34 121 -90 118 116 -18 5 -61 -108 51 24 -121 -98 6 -51 -61
52 100 -55 4 6 -99 100 65 69 3 88 101 0 -107 -119 -91
-37 -64 44 4 53 25 121 -7 31 -5 -42 -13 67 -4 -79 71
-123 25 66 -26 -44 -126 121 -88 109 -85 -64 92 -36 100 -35 43
-47 -63 -72 -43 17 -71 -24 -127 -21 14 -115 -41 60 36 -105 -4
-44 -112 79 -118 112 -44 -40 53 113 -16 -4 -15 103 91 100 -15
72 9 -21 24 76 62 -26 59 -18 -127 -27 1 43 -29 93 -76
-81 73 -16 64 -127 30 -3 -97 -115 15 -118 -3 119 -77 30 -13
59 44 -86 -112 -1 -112 -45 -102 55 39 -19 -57 75 -98 86 118
-2 125 39 -48 -96 -12 22 -76 9 -31 -40 -81 4 -89 75 -79
11 125 93 -42 22 -108 -22 -116 39 -111 -49 70 -23 -59 -79 -84
80 -16 49 -45 -9 -116 117 98 42 -74 -6 34 119 -60 81 59
94 50 -118 -90 -120 -57 13 -32 97 118 2 -25 43 -97 66 92
9 25 -87 112 -92 -91 83 -49 -14 -53 -54 53 -11 -56 -90 -75
-105 72 45 -56 79 114 -89 116 48 40 62 -38 -32 -43 -58 -106
-77 -6 114 67 107 -55 -96 126 30 42 29 101 -93 14 107 59
-40 11 -39 113 -14 64 -38 97 40 -90 -69 60 92 87 72 -50
-119 -58 -90 63 -94 -101 -95 109 -63 -110 78 -41 -62 98 124 -32
73 15 84 27 -3 -93 46 122 -73 -126 109 65 15 -61 101 -118
