-23 94 122 -66 -16 -5 37 6 -52 -65 -127 -96 -54 -115 25 58
-34 17 99 -66 -113 69 -99 82 -18 -123 -94 -94 -98 -3 -34 81
-73 106 60 -3 -113 -58 95 -113 119 80 -95 -82 -124 99 75 99
63 -3 -3 59 -102 -70 58 -4 -28 -92 -112 88 -53 96 -85 90
106 -33 -104 22 126 -44 -106 -35 -116 42 80 119 29 -128 66 14
122 80 112 -70 -56 56 -115 -79 -3 -94 12 21 -107 -71 41 -84
-31 -10 -11 11 46 94 91 14 10 -38 -123 53 5 70 26 -88
-56 -82 -6 56 92 -112 -127 -6 0 -83 98 -60 -1 -123 92 66
-91 65 36 41 53 110 79 -31 90 109 73 105 -12 -15 -78 33
-61 -72 54 107 85 -84 26 29 -51 106 -6 28 -74 113 -83 -120
13 126 123 88 6 7 80 37 19 82 4 99 66 -67 -107 -64
-7 -13 -4 -10 111 -65 -92 31 -110 63 -24 55 -110 33 -32 117
-5 -106 -111 -117 -116 51 92 55 8 -85 122 -68 66 -72 -44 -73
9 78 38 -95 73 56 122 -77 -126 -78 -80 95 -119 61 -46 101
-117 76 37 -17 102 25 94 120 -59 30 105 86 73 -96 -83 -4
68 -36 -102 -100 47 -77 -16 124 -33 62 -113 60 -60 -54 61 -56
-19 74 -64 21 16 21 -39 90 -70 10 -60 -123 91 93 -70 -42
-14 -49 -111 -15 -9 -99 -90 -50 23 48 48 43 20 86 4 -93
53 -26 -11 -112 99 -87 -18 102 100 -86 109 115 101 -116 80 111
-86 41 -70 -111 -8 26 -4 -99 52 -37 126 8 -75 -33 -48 -64
-98 -80 56 58 111 -6 -48 -43 -54 70 -85 61 4 -45 113 8
-43 114 -6 -61 2 69 36 1 121 72 124 10 -69 100 -40 114
24 94 -104 -65 82 -113 -44 -5 14 -16 -8 -65 -64 -83 125 -25
85 73 105 76 18 -104 -106 52 105 -26 -112 -83 92 34 6 -19
21 112 92 -114 -7 33 119 112 116 -84 -52 -59 12 88 23 -56
-9 -75 65 -109 22 -88 77 114 11 -109 -98 44 120 -29 -96 -104
-76 81 -7 48 22 42 113 93 100 -30 49 84 -74 34 76 66
-104 -45 -42 40 1 -22 30 -89 -18 -70 77 -71 72 -9 -46 14
-34 -30 92 7 107 -106 -110 25 -51 108 -78 -16 -91 -62 -56 -119
98 -77 -12 31 -91 25 -104 -3 -115 -95 -74 -68 6 -37 -4 86
50 122 106 124 -33 -20 -6 1 120 -8 -119 56 -76 -128 -75 119
100 89 103 121 124 -13 42 6 96 111 109 115 -31 28 107 -27
69 -82 -96 -118 36 25 -63 -45 -28 119 -79 -7 -88 -61 119 36
91 -20 -99 -25 21 -73 -42 -82 28 -68 -92 -75 -105 -48 -124 6
-8 125 -26 100 -70 37 74 -98 77 0 -44 -80 -80 19 -125 60
110 -71 96 119 94 -107 87 -73 -110 -6 -61 -119 -65 -119 -123 3
100 -102 -89 80 -39 120 53 -101 54 -123 90 70 9 100 -128 -128
109 -48 75 -105 -92 116 66 -55 18 125 -43 -124 22 -90 89 -123
-48 17 70 36 49 -90 27 -37 5 -118 -42 32 -29 -65 76 95
55 55 -78 -30 -124 -68 -96 123 125 39 -51 62 -30 55 101 -113
-104 -32 -64 75 -81 -124 45 22 88 -72 -93 78 -79 36 120 63
60 -45 -15 -7 -28 34 -30 -72 85 -98 -26 32 69 56 79 30
80 -34 29 24 -54 -48 -122 -79 30 76 13 -121 102 -49 -112 94
-91 -65 80 -5 21 125 -99 -45 -1 -91 -6 -92 52 74 73 68
68 127 -72 84 -109 -69 -103 -47 -86 21 -49 -20 38 -127 -22 -34
126 -36 61 108 -17 -41 -66 67 52 -70 -110 -106 -24 -128 14 73
116 93 125 -8 99 63 -40 81 -111 -110 -12 100 -11 -88 88 -73
30 8 19 -102 50 8 68 -5 46 -109 12 87 -55 96 -15 -30
42 -69 -98 -8 -39 95 37 -112 -33 -12 -104 6 72 66 -86 83
-30 -15 -95 84 -35 -60 15 -120 -103 116 -78 -121 66 -77 -9 -40
-78 98 42 78 3 18 -57 -120 33 -36 -32 -55 -66 -110 113 -111
35 87 -104 7 24 96 -96 -92 -68 48 8 -6 39 119 -29 -113
2 88 -55 66 -62 55 75 88 -64 68 -13 -52 121 -114 1 45
-37 -63 13 -120 100 49 15 76 -57 -7 60 -19 -76 -81 13 -124
-110 91 112 103 51 -86 -10 120 84 31 -4 -91 66 14 -40 78
-124 -106 123 123 -119 -116 7 103 -125 3 9 35 21 -2 -7 35
53 82 86 -79 -78 118 -12 68 40 97 29 75 110 94 -87 -34
41 90 88 119 -122 -109 57 33 69 1 -56 88 -63 113 -74 -79
-59 4 44 -52 71 76 -99 -73 -41 -76 -50 -40 -107 -81 73 66
35 -26 -119 38 97 124 82 -110 -125 88 54 -34 -60 47 -9 67
62 34 -83 103 64 -106 -5 108 52 17 -76 83 -114 -93 -36 -72
-6 -19 -99 13 119 -58 50 -11 -90 55 -87 123 60 -82 8 86
42 83 50 75 21 -24 -9 16 40 31 -113 86 -28 16 124 55
55 -61 -55 11 47 -114 10 52 97 -11 8 -58 -112 -29 64 -63
