-60 41 -61 -38 16 -5 86 96 -69 -94 102 -18 41 17 1 -110
56 124 14 -45 27 -87 110 -45 53 -63 2 -77 -9 -102 -51 -103
-25 64 68 -35 -1 92 15 90 -36 108 -4 101 -125 -42 94 91
108 -52 -30 93 -77 86 89 73 -6 61 113 -23 68 -107 -89 -21
65 -122 89 -85 -95 -105 111 3 67 107 10 -5 -96 89 -95 34
121 -26 -57 114 -4 15 -82 91 94 -28 34 32 -54 85 109 -66
-124 -114 -85 55 91 -56 58 -21 -43 114 64 -63 -67 -96 63 -33
-4 111 97 -40 71 -2 -4 107 34 -111 -11 74 97 89 46 -29
0 17 -14 -33 -16 -12 -11 24 -73 2 124 62 46 111 -82 -89
-5 4 -28 -73 101 -25 -38 -128 45 -68 71 124 24 48 -117 -97
112 -36 4 117 27 -14 -125 72 1 24 -17 37 18 -13 -70 -15
-100 117 10 15 114 119 -51 112 60 -127 -2 -90 -26 117 95 -12
-122 -91 46 -120 111 118 112 -64 14 -81 -20 -43 -74 72 -83 -96
46 -122 -69 35 83 90 105 -1 44 28 -43 29 -104 99 103 26
20 39 -95 -43 36 50 -104 80 0 -92 -114 -121 4 49 83 -124
-50 -68 40 -110 -17 -107 -115 84 7 52 -97 -110 -70 -36 60 -15
-123 -9 -9 -26 107 77 -128 121 24 -92 -43 113 -88 34 126 -64
-124 -14 115 -87 66 3 -18 -62 93 -100 -108 -13 -48 -50 76 -56
45 38 18 -32 92 46 126 80 -87 -90 -122 -97 -56 -34 -43 63
-123 -11 -37 90 -86 104 -60 54 16 33 -25 -118 48 -77 1 107
32 -65 -72 -31 18 -126 127 -94 -98 24 -62 11 2 -78 70 -93
70 41 79 12 66 -17 -57 -116 -100 -18 -117 -105 -13 -74 -44 -43
91 -105 33 22 45 120 -79 -68 -128 121 -44 -47 -110 110 -128 -93
-36 -39 -118 -11 127 -11 -65 28 -125 44 -74 -82 89 -31 -71 -26
86 7 -85 27 21 71 -27 -11 -89 125 107 32 116 119 112 98
106 77 127 -99 -41 39 117 111 -84 72 -46 -128 -21 33 29 -101
-32 56 1 13 58 -105 -62 -113 97 -102 -103 5 84 -122 84 -36
40 114 -57 18 -71 -49 41 97 -101 108 -71 1 -124 -106 -105 -126
-17 -32 59 64 82 -44 114 -36 61 -51 -16 94 6 -38 118 112
-12 -14 -15 109 48 -54 9 -38 -67 -27 -112 5 -16 -45 -115 37
57 6 32 -22 31 -73 -93 -80 -104 -85 7 81 48 92 -3 -58
-50 69 118 122 85 -75 80 -37 84 -93 68 109 -20 -128 116 37
-42 5 28 -85 33 -106 53 106 73 -44 46 -72 34 -60 -28 -17
-67 123 42 16 28 -76 -111 78 -114 121 -80 95 28 91 -120 -26
121 104 50 -49 -122 -87 73 -94 71 -60 -128 55 -111 -74 -127 68
-21 27 -47 -80 -66 -23 54 -54 42 -84 -54 112 77 64 -118 50
-84 88 -116 -41 6 22 -18 6 114 -24 100 0 -91 23 94 -8
-70 71 6 36 46 -50 5 -35 104 -36 102 52 125 -73 13 103
81 4 91 -71 -80 112 98 -27 -114 -78 99 101 114 -116 -105 -122
124 85 -32 5 72 13 104 28 27 56 -106 -45 11 83 -40 -116
-127 -69 -21 29 -89 81 71 50 -72 -8 -47 -115 101 -100 -123 30
-102 1 46 19 -50 -45 53 20 70 66 114 74 85 -28 122 17
106 -11 -68 10 -95 -1 -41 -118 -58 50 -29 -64 59 -42 -91 50
98 -95 -87 -18 113 125 -79 -102 -90 28 60 91 -34 52 -7 -73
-22 -121 -21 56 -87 -29 97 -90 91 29 76 -95 63 -121 -85 66
-45 24 -104 -100 117 60 -116 121 67 93 -117 -92 9 125 -46 60
85 9 78 -60 110 37 18 29 -95 119 123 71 -81 -36 -33 67
58 108 -124 77 66 -93 -53 63 74 -45 -54 -96 -93 -116 -46 -94
68 8 29 85 -128 44 -16 -39 57 -18 14 -126 9 -88 125 18
-86 102 29 13 69 24 -52 126 -89 -74 -77 -18 -39 -74 36 1
-59 -3 -102 31 33 -89 88 127 38 57 -109 -71 -84 69 -89 -54
83 -70 -4 36 99 89 24 -110 -37 -80 125 -67 99 9 -31 -25
-101 24 40 -24 -86 -65 1 85 -9 -118 59 106 63 -89 -8 -90
-124 116 -95 53 -47 124 38 -89 1 117 -105 43 -78 -1 -15 93
-72 23 -51 14 126 68 19 -1 -45 21 43 -68 102 100 53 -14
79 -7 -55 106 -111 -118 -80 46 90 38 -122 24 75 -103 -55 122
49 112 -42 -15 -45 56 -64 -12 123 10 -87 105 38 -56 -93 -114
36 -125 61 39 73 -102 93 -9 -8 -116 -92 -120 -20 -23 101 -71
61 31 7 9 103 -51 -105 54 125 58 83 -21 -125 -15 -96 -18
119 77 -121 -102 -81 -64 108 -40 123 43 51 -121 -122 -81 63 -62
-66 110 47 58 -127 10 -96 98 -67 -12 22 83 78 -75 -118 46
-33 -24 6 46 -74 90 -5 -114 -37 -60 23 -52 -55 71 -87 40
-86 -91 79 -3 105 111 -126 -47 65 -38 -76 88 -123 -98 34 -42
30 101 -65 59 -106 -66 -71 -68 -35 12 11 25 57 -120 -45 -43
