-111 65 115 76 123 -14 -88 -63 7 -111 -84 -48 -73 72 123 -32
-12 -79 67 -74 46 112 124 -76 25 47 7 -77 77 125 -23 99
-61 -81 -52 56 -76 30 18 -57 -80 34 108 -112 42 108 -38 -25
-61 73 -13 83 -95 -5 -82 110 67 28 46 102 17 125 91 -107
-118 -98 118 105 -85 -122 -44 -114 -6 39 60 115 -30 110 23 -78
-25 45 -124 -10 25 125 114 65 -21 13 -18 91 91 -88 -43 -77
-103 -21 -127 72 31 123 112 42 -36 -49 -75 -56 -99 33 126 124
-78 -62 -40 -32 -53 -110 -41 75 -37 -102 76 96 -101 -40 69 -76
47 37 -94 -12 99 -77 -60 -116 -6 66 122 -45 105 -27 113 -93
35 -32 -47 76 -99 -72 -79 -43 -28 119 18 -2 -8 60 6 -64
33 77 -113 18 9 11 -91 -51 -4 -24 -99 -96 -75 57 125 94
-116 -89 -128 -17 -26 4 -44 31 -128 125 114 -18 -13 -72 -13 -58
-121 -42 -24 -101 -3 69 87 -32 16 -44 -4 -11 111 58 38 80
120 119 53 -78 -124 40 63 95 49 -54 -13 -45 -53 120 -67 24
-9 -58 104 82 -5 -105 46 12 -39 46 94 46 -17 -35 -59 30
-37 -45 67 -77 100 52 -9 116 -48 110 42 -19 -55 -106 -44 -48
-94 58 88 19 117 63 -5 53 -2 62 110 -7 -18 -62 -55 -77
8 32 52 71 6 86 -58 15 -75 -121 15 -103 -6 -81 -42 -44
-118 -118 -54 -127 -105 108 -78 -127 42 99 7 -64 97 82 119 79
45 -64 44 54 -3 50 73 109 -17 -43 97 79 68 -56 16 -108
60 -17 36 27 -49 56 -74 47 -57 -77 -90 124 12 38 -64 85
-88 -65 103 -55 42 -6 62 -57 -15 -36 -75 23 83 -50 -76 8
37 -10 71 -76 -50 99 74 7 -54 48 83 41 4 106 125 -2
-79 28 53 108 -75 -83 14 -7 -5 109 14 127 -123 123 -19 76
-35 -92 -119 7 -117 10 127 -37 -117 -109 28 87 -52 27 -29 1
102 -19 -128 109 86 -13 -59 -65 44 -120 116 -29 -128 4 -98 118
56 -5 -8 -120 -124 -91 -15 62 -8 -74 37 -72 -2 87 -105 -99
-117 -51 105 -45 -20 32 45 49 -118 -15 -18 -104 103 -34 -2 -10
35 40 122 110 -12 -101 41 -30 -40 37 113 -30 -125 -115 91 91
65 -26 -15 -111 69 63 37 -89 -125 -64 92 -126 -47 -38 -74 -114
-8 88 -9 -17 -99 112 -48 -78 -3 -128 66 -29 35 29 -122 0
-73 -57 127 83 -111 -56 104 94 -66 -61 34 -126 -50 103 107 122
40 -112 -114 -52 -28 -104 -57 57 -44 -32 -61 -52 40 0 22 -89
-103 -126 67 84 72 96 -54 77 -48 49 12 -11 63 -44 -76 96
-3 -79 86 -90 -5 -88 56 114 -27 -6 -10 55 44 -76 -36 -56
-97 83 41 17 -12 17 91 -38 -40 82 -31 76 -110 -59 29 -67
-73 67 56 76 -35 18 -114 -120 -15 -110 -35 -83 122 80 -46 -17
-50 -27 -48 72 106 8 60 -13 82 -78 71 47 -26 86 54 -75
-120 -84 -75 -76 -83 -47 123 32 18 100 -112 -94 -18 16 -64 -127
5 -67 -40 78 55 -117 87 81 -17 -96 -1 88 -23 -19 36 64
56 114 -64 -55 -108 -23 -10 51 -29 -89 -25 -84 58 -52 -12 16
109 61 109 37 68 18 49 -101 60 53 -104 -24 27 -77 -53 6
101 -65 -100 82 -123 -46 83 106 113 -109 -105 -50 -94 55 79 -109
-57 58 -82 50 -124 90 26 55 -23 5 48 74 96 17 -20 -113
-7 -33 80 30 12 -3 42 111 61 -4 23 -121 -4 -47 -120 89
34 -95 -96 -87 -26 73 108 -128 -125 29 0 91 45 -37 -109 -127
44 20 79 19 92 11 57 45 -34 98 44 -92 -4 -20 -21 93
0 -54 43 -27 68 8 11 -91 -99 -63 8 47 8 -117 -84 84
58 25 103 16 10 -8 -91 -22 -103 -93 21 23 37 96 21 -71
62 -37 99 -81 -115 -25 -32 -82 109 -31 -81 -104 78 100 107 1
-93 67 15 39 -86 72 117 9 68 -56 -18 -2 -125 -59 -11 -3
103 21 -61 43 90 83 68 -52 -44 -120 75 105 -14 119 39 100
-8 33 50 -3 -1 19 -41 24 -87 66 -37 4 -99 -44 84 -89
-91 110 -9 -34 -13 -6 2 -111 -18 -14 -17 -107 -22 85 -108 127
-114 45 -79 -15 63 29 17 -39 -15 117 107 18 37 52 8 74
-51 42 118 5 -78 12 -58 -4 -93 68 108 -78 18 -79 -27 -62
-32 -31 80 -4 19 -106 -76 -88 -108 -126 -115 -11 -37 102 -34 -32
85 -90 81 60 -30 -95 34 -42 -17 55 -45 44 99 -86 -64 24
89 53 -105 -121 -126 -76 -36 100 22 34 -52 75 99 42 -116 8
85 74 14 -90 -93 25 -113 75 50 40 71 -63 106 -46 -38 -113
109 81 -3 -36 89 -3 95 53 69 35 -89 1 -81 -49 -56 81
-77 112 -49 28 -34 23 31 111 -100 -120 27 -70 29 22 -33 -58
121 87 78 -92 21 -82 87 -18 -21 38 102 85 52 -24 -18 3
5 30 -2 31 39 50 -46 -1 35 46 -72 -66 -2 -88 -58 -48
