62 91 -23 -41 19 111 45 -96 67 -46 9 -10 -38 -97 86 -31
122 3 -125 86 69 126 98 -50 -16 48 60 -110 84 123 14 -39
53 -123 76 85 -36 -91 46 -67 10 -63 -68 120 6 -47 95 1
-121 -52 -82 11 57 37 55 -49 -119 64 -123 -74 -17 -56 56 -111
104 97 126 66 35 80 -12 113 -109 36 -35 15 -16 -7 18 -108
1 73 79 -28 -59 -97 -55 43 -87 81 70 -103 -1 10 71 -87
-115 -11 90 -80 -83 72 93 -18 -91 60 -30 23 87 -122 99 -13
4 78 -125 16 124 -32 -16 37 -58 -118 16 69 9 -76 -53 85
54 -23 71 -65 -101 -69 -34 74 60 6 10 127 9 -28 12 -27
5 -117 -95 69 19 94 6 57 -31 -100 88 -67 -17 11 -116 117
-61 96 -89 5 -20 -104 15 -59 -119 83 25 -64 37 79 -102 -43
4 125 126 40 -65 8 125 -44 126 114 -84 -28 -53 -3 -87 -122
-51 -34 42 67 29 11 104 -77 70 23 -70 105 -53 122 68 7
-115 -122 102 92 126 -72 70 -108 28 87 86 3 25 -126 86 39
-80 -125 105 96 67 10 1 23 104 95 -19 -118 -128 -110 91 3
-15 2 -116 18 -94 95 33 -48 -52 9 28 -29 -100 -15 -101 41
-127 -7 10 62 -21 -74 -29 19 -121 21 65 -54 3 -115 -78 110
105 -77 121 103 51 -60 48 25 126 -32 -32 -3 33 -40 -1 -98
-48 29 -24 36 -18 -11 106 101 -106 -8 -103 -84 -117 -105 5 9
9 16 31 57 120 41 102 41 -124 110 5 -51 -7 34 44 23
-123 -15 -106 -97 -27 9 17 -24 25 -103 -69 -76 -119 -26 103 -20
38 -14 74 -98 -23 15 -75 -111 30 50 -71 74 -102 -61 46 -103
-40 9 85 43 13 26 -88 -46 111 -81 -105 2 -1 -87 -30 -57
-128 -54 4 98 87 107 90 -88 100 -124 -101 -53 -93 -95 -29 -20
106 -63 -109 70 56 52 -99 -3 46 125 30 -41 -112 -84 -26 -95
-74 -30 -1 -16 -120 26 -127 9 89 33 -97 96 -47 118 -102 -48
95 -30 94 18 33 60 89 -115 -89 -19 -56 -45 -42 52 -89 -24
-111 0 -68 101 -81 -64 59 -100 -117 -126 -105 -72 -91 124 -109 -18
102 -28 57 -67 -9 -94 -45 -123 -34 -8 -50 -111 3 67 82 -71
-18 30 48 124 11 13 125 106 31 87 47 -53 94 119 -110 -83
21 13 -52 -10 36 -22 101 126 -108 119 -127 -53 -78 -73 -28 -94
-47 -13 -54 124 93 19 115 74 29 -119 -59 -107 106 -99 -52 99
-91 39 -102 9 -65 -16 -3 102 96 -117 -9 -46 -118 -23 41 0
-45 118 -65 118 50 74 111 -2 0 90 -125 0 34 91 -52 -120
46 -76 -10 95 21 -77 105 -121 123 -94 25 -115 52 -57 -86 -18
13 -28 -64 -107 -97 -43 -43 -68 -38 -66 23 81 120 106 21 -104
-6 3 -96 -95 -109 -58 -67 -76 -5 93 -20 -105 -16 95 124 79
-11 96 2 84 -87 34 -121 -67 120 -93 36 -41 -89 -74 82 -27
-36 10 22 -23 121 14 -28 75 57 -4 47 5 62 -110 -21 -123
-24 116 -65 9 -112 -79 -9 -24 75 -128 -2 81 52 71 -113 -8
-8 73 101 -34 117 -31 93 2 -21 66 22 67 -42 123 -43 -42
6 -46 35 -44 -12 -35 -68 -80 -16 28 33 108 23 -119 107 18
-35 -5 116 -88 116 62 33 5 37 78 6 -123 -5 109 -3 -14
-66 -88 -37 125 77 -119 -11 75 -62 -63 69 78 102 -49 -114 29
119 8 46 -111 110 -75 -29 31 -43 -18 -28 121 -1 -103 -126 -114
-56 -91 45 13 -10 -29 66 87 28 -102 -4 -32 -86 -117 77 57
38 115 -27 -96 -78 117 49 119 -107 -20 -79 108 0 123 89 -39
-91 -72 -80 -97 -21 -114 51 -104 109 -28 35 -12 0 66 93 32
-103 -104 -46 89 -107 114 78 -66 -104 -115 -22 -125 -121 102 61 -127
100 90 58 120 -94 -9 -21 23 -68 48 107 36 -110 -111 126 26
64 -54 -108 -89 -86 115 -126 -122 126 16 47 -62 60 74 -38 -57
-57 -21 -59 -44 42 41 121 -96 96 120 -42 -10 -80 38 127 -57
-46 -2 -52 33 44 70 -127 -23 -63 -49 -73 117 68 -31 -87 42
75 -56 -87 53 75 70 -92 69 36 -56 49 50 -124 79 96 -45
106 -3 53 99 59 8 84 26 93 -21 -99 36 -50 18 -111 19
-37 -98 20 -74 -68 66 -113 125 -69 -17 120 17 127 -5 -43 -38
57 -73 112 -109 -28 -85 -28 -94 -28 -126 -34 119 -112 2 96 71
-57 -27 -125 21 11 -79 -23 -4 95 -17 116 -121 -66 58 92 112
-29 66 88 70 -36 108 -45 31 10 -46 -108 -125 102 -65 -26 28
-49 -30 59 22 -113 125 106 39 -109 -41 99 -14 86 48 -23 -84
-58 -35 96 103 44 69 -48 98 -73 -15 -106 -96 55 8 35 -116
84 2 81 -119 10 -78 -102 66 25 28 83 -120 80 23 123 -29
-25 -114 -122 29 47 -14 12 93 74 -45 -95 8 16 -68 -109 109
40 -59 -11 24 -75 121 -122 110 108 109 121 120 76 -113 111 27
