11 25 6 -19 -9 -26 7 10 15 -10 -2 -5 15 -16 -10 -12
27 32 1 -10 19 34 -9 -10 12 11 -29 7 -18 -5 2 -14
-6 24 17 5 7 -13 -2 -25 29 4 5 -8 22 -11 -24 -11
-7 -19 18 29 -7 53 13 9 0 5 -20 -17 3 -8 -18 -8
18 9 -12 -3 -16 3 -8 -9 -17 -29 4 -12 -24 15 -3 -12
-7 5 8 11 25 7 21 -1 8 9 12 31 -11 2 -8 11
-9 8 4 4 -28 -12 20 -16 6 8 10 -15 7 -9 -35 19
27 3 -6 33 -12 -23 12 -5 24 13 0 19 -9 -11 -1 30
-3 4 10 6 -2 15 38 -2 -21 -1 -24 -15 16 24 -18 -23
-7 9 -6 4 5 21 -23 32 -43 -58 -1 7 -2 -26 17 9
51 21 -43 -16 -4 1 -26 0 -7 -7 -11 -19 10 17 -17 -15
-4 7 4 -9 -17 2 -3 15 -13 -19 3 16 13 18 -11 -9
8 4 -13 21 5 -1 24 22 11 27 2 -1 -1 9 -19 26
-4 15 10 2 -16 -5 13 18 41 4 2 9 0 -2 -24 24
17 4 -18 5 -12 -20 -4 2 25 -4 1 0 27 24 11 -4
-19 21 -18 -20 -42 8 -9 11 3 -20 1 -1 -39 -21 -11 -35
9 24 24 -1 -4 5 -26 4 2 -4 -3 -5 2 38 42 12
-4 41 20 -11 2 -24 -3 10 7 6 13 22 -9 9 -24 -10
-20 1 13 4 -13 3 11 26 4 28 -3 -5 6 -10 -21 8
-8 -29 21 -2 0 4 -5 -4 13 35 14 -17 21 1 4 26
-19 3 1 15 -13 -2 -15 -40 -14 3 29 16 -12 22 31 9
-4 9 -2 -27 -14 20 -3 29 22 -16 -14 -5 15 35 -33 23
-14 0 33 12 -34 10 3 6 -20 -20 21 12 -9 -37 13 13
2 1 -14 1 8 -23 -10 14 -15 -6 11 -11 -18 -3 -26 -3
-1 -8 -21 -33 6 9 -28 -7 -22 -5 -21 -12 -1 16 -24 -26
-8 -14 -6 12 0 3 -12 4 15 37 -10 8 10 6 -1 -16
-13 -7 15 -17 -10 3 -12 22 -2 -8 -7 6 -14 -7 9 -14
-25 -6 -14 12 3 -6 -10 13 -13 -22 -20 -10 -18 -15 13 -42
10 -23 22 -5 -19 -6 14 32 -6 -4 32 13 -6 17 -1 17
-18 11 -10 -35 -20 39 -12 16 -6 -3 19 11 -16 -22 10 9
12 8 6 11 25 14 13 4 17 2 -18 25 1 11 29 -6
19 11 27 16 -14 34 -26 -11 -14 -32 -4 -24 -14 19 -22 -4
-1 23 6 13 3 1 8 -2 11 32 11 9 -2 5 15 17
1 14 -23 11 14 15 -10 35 8 5 -10 -1 0 -6 24 -13
-15 -25 -8 -51 -45 -7 20 -5 0 -3 9 4 4 -22 -21 2
51 26 12 16 15 26 -26 -6 28 26 6 10 17 12 26 1
16 -21 -4 -2 -1 -26 -7 -9 -8 19 47 2 -13 24 -6 1
21 13 -14 -12 1 -4 11 -16 0 23 29 10 27 14 11 27
25 14 -8 7 -1 -8 -9 33 5 3 -5 -10 10 3 -11 10
0 -12 20 -2 -3 0 -23 -3 -4 -2 19 -32 30 7 17 -28
-11 24 7 36 6 6 27 12 43 5 -11 14 3 5 -11 -15
-31 -17 1 -21 -11 17 3 -5 -9 -2 -20 -6 7 2 1 24
5 -1 5 -12 -10 -14 31 -2 13 22 3 -2 -15 9 -18 12
1 -9 -8 -6 1 -8 -13 -14 -3 4 3 36 40 31 30 5
-5 -4 -21 -49 -20 -41 6 25 -22 50 10 -2 -7 -3 -5 14
8 -18 -6 6 -24 -9 -1 -4 1 -13 -10 1 -11 -5 21 8
-16 -19 37 11 5 -1 1 -10 -6 -3 -35 10 12 -5 -16 3
-18 5 -6 34 -3 9 -23 -8 1 -50 -39 5 -23 9 -6 -7
-8 3 -15 -15 -16 -13 -23 -25 -11 -17 7 -12 -9 -18 -8 -21
-12 -40 -24 12 1 16 26 8 -9 8 -43 -6 -1 13 32 -6
-4 7 12 3 -3 -21 -14 -30 7 2 -7 25 -3 7 1 13
-16 -58 38 -6 -19 2 16 9 0 20 -5 26 -24 -6 26 13
38 7 -12 -15 25 21 -6 -10 8 19 -17 -24 1 9 -48 -5
-21 -3 41 8 -22 7 -5 4 -24 -29 5 4 -16 0 13 4
-18 5 -12 11 -17 -18 -11 -4 -3 -21 14 -19 -11 -3 17 1
-25 -4 -31 -16 -24 -20 26 1 10 30 -9 14 -8 8 -2 -3
-13 -5 -3 -35 -12 1 0 27 18 2 -8 0 2 -7 -27 40
-10 -1 -23 3 22 -14 5 5 -26 10 -7 43 -33 -15 -5 -14
13 -5 3 -18 -18 -24 -16 -26 0 8 -14 4 -20 -11 38 -2
6 5 -2 7 28 13 -11 -2 -23 -16 -15 36 5 -11 19 4
5 5 10 20 23 8 24 -13 -7 -30 20 -23 0 11 0 12
-8 -9 2 -10 9 2 13 -8 -18 -27 -20 9 24 -19 -19 30
24 16 -7 -2 -20 -44 32 -5 29 16 11 -6 1 -5 33 -23
-30 -26 19 20 -14 36 4 31 -58 -13 14 6 -22 -6 -9 12
