8 1 -22 -23 -15 -32 -21 -2 -20 -26 -15 -20 1 0 8 -27
-12 -8 4 7 18 16 -1 -13 47 16 0 -26 -1 -10 4 9
7 7 -20 -16 44 -16 11 5 12 -19 -5 -10 22 -17 -16 -55
-1 11 -8 2 1 -14 10 -23 26 22 -39 0 12 5 -5 -15
-7 -12 -23 -46 15 20 4 6 -21 -14 12 -10 -10 7 5 21
2 9 17 -4 2 14 -16 8 -2 9 8 33 -2 -16 -18 -7
-16 10 -36 -17 13 25 18 3 -20 4 17 20 20 -5 -31 -7
-14 23 -10 8 16 -37 10 0 4 16 25 18 24 -18 -2 21
1 -2 -23 -42 15 18 16 19 25 9 -2 -13 -16 -1 7 2
-29 -17 -42 -4 12 12 28 -5 -15 -18 -20 16 7 -11 -2 -9
26 -20 13 -17 -14 -22 -5 -3 19 -21 8 -9 -13 0 1 -19
8 -33 17 17 -33 -11 -7 -11 -16 2 13 -4 -11 -3 11 29
-5 1 35 -1 8 34 28 7 45 15 46 -7 -3 19 -34 19
4 -2 7 -3 10 -10 21 7 11 -4 -5 13 -1 -35 7 6
38 28 -5 -4 17 -27 7 14 11 -5 22 -25 -4 5 25 5
10 1 -16 -15 23 -16 8 25 19 -48 -1 9 -20 -19 36 -12
-11 -5 -1 12 -11 17 1 -3 -37 2 -13 -12 22 17 33 -7
-27 7 19 -8 32 -13 -49 -24 11 -13 18 5 -3 -17 -12 9
-32 16 14 47 18 -7 8 7 -30 -17 15 -2 -16 -7 19 -35
-6 7 26 28 -17 18 17 14 12 25 35 -22 20 -4 25 22
-21 25 -1 13 -17 -10 3 20 -22 11 -19 -5 -7 18 -45 2
-9 -16 -16 17 -4 -27 26 -4 -23 3 10 -1 12 18 21 -2
5 20 7 4 53 -23 23 4 10 -9 21 1 -20 -4 -11 13
-6 4 -6 5 -28 -20 -16 -21 13 22 -7 -10 -29 -26 10 31
17 -8 -9 -4 -17 -11 -9 0 -19 -12 -13 -26 -12 14 -12 -8
13 0 32 -8 -22 -1 -42 -10 3 -17 8 2 29 -13 -35 23
-15 27 -15 -17 29 -6 6 -14 8 18 -7 -31 6 21 3 -14
8 -11 32 -11 -23 -36 -1 -15 -9 2 15 -20 -32 -20 7 -26
10 4 10 -1 17 -8 -7 -2 21 22 31 8 -19 -12 16 -4
-9 1 8 -9 -25 -5 -25 -31 -20 15 15 13 -14 -6 15 3
-26 7 8 6 7 10 -7 6 -13 1 2 16 -12 -6 -14 -11
4 35 11 -12 6 -2 -8 -23 9 17 -28 5 5 38 -20 5
-16 -2 8 8 21 10 9 5 -2 -17 -1 21 -13 3 -5 1
15 9 -1 1 6 -24 -2 -8 -2 -3 11 4 9 4 23 -38
-25 5 -26 -22 -1 9 -17 -39 -12 1 -32 -35 7 -1 -10 5
-5 8 2 23 -3 -9 -2 -5 -6 -4 -4 27 27 11 6 7
4 44 22 27 -10 -19 -50 26 -43 -22 -6 44 4 34 -16 -7
10 19 30 6 1 -1 4 -9 -9 6 8 5 0 5 12 -10
-28 12 9 19 3 -16 -20 15 -11 -13 5 -12 -11 -6 7 1
44 17 -15 -6 -8 7 -5 24 -25 -16 -7 -14 2 27 3 -16
24 -15 30 5 16 -38 -10 7 -22 1 -7 -1 -40 -3 -30 -49
-15 -24 -4 12 -9 12 27 8 3 -22 -11 2 6 -17 26 3
5 14 -3 5 8 -7 -19 7 10 20 23 0 -23 -6 -5 46
25 -4 -15 -7 -27 -4 6 20 -29 20 -34 -2 14 0 20 14
-23 -31 -41 -2 -36 42 -6 -5 15 5 -13 -3 -8 5 -11 19
-45 -8 -12 -17 -12 -27 31 8 12 14 -18 0 -16 -8 12 -11
-7 -45 0 -5 -13 9 10 -10 -23 11 -7 -9 10 5 -15 -14
17 -21 -17 -17 -4 -20 16 -18 -17 -10 -19 -24 14 -27 3 -37
-14 -27 19 -3 -28 -25 -19 -31 -8 17 -13 9 -15 -3 -10 1
13 -4 -37 -12 30 22 24 12 -6 -6 -17 0 -5 13 3 -8
-6 -5 29 1 -24 -10 -11 15 -20 -7 12 -15 11 -25 -4 14
1 -17 5 20 -30 29 21 9 29 34 -10 -19 23 21 13 -10
-2 10 3 2 -13 -5 -22 -3 -7 -18 -24 8 3 28 6 19
22 -12 -18 -49 36 -12 13 13 25 -1 19 14 -21 -36 4 -10
-7 49 24 11 16 25 -15 7 -9 1 -33 -10 -22 12 3 4
-13 29 3 -6 13 -13 -8 15 -8 3 -23 -20 -15 8 -26 -4
9 -2 -1 -1 9 8 -15 1 17 -3 37 -41 3 14 43 24
1 -20 6 -2 7 -3 -29 -4 2 -2 12 -9 23 -38 -8 -8
8 -12 11 9 0 -26 42 18 6 -1 13 4 -31 28 -20 -33
17 5 -4 11 31 -13 -18 -4 -19 0 -16 11 6 -4 11 -21
-17 -1 0 -36 -4 -22 -5 -8 16 19 -7 22 19 23 4 -18
1 -21 2 -1 13 17 -7 4 -3 36 -17 -33 -24 11 28 0
-4 11 -2 -6 2 -25 -7 9 21 5 14 6 -28 36 -28 -1
-12 -22 -16 -14 16 14 58 13 22 -8 -7 23 7 -11 -8 -21
