-15 -21 -43 -11 9 -27 23 -43 -29 -6 -12 8 -18 -33 -17 -39
-9 -8 24 4 18 30 16 43 -46 28 23 1 42 9 -3 6
41 -10 16 -23 -27 22 23 8 63 -1 -6 -35 2 -8 33 -8
13 7 14 26 -2 11 21 32 32 22 -20 24 24 15 17 19
-10 -4 8 -5 -38 -29 2 -26 -51 -34 -2 -17 8 -3 14 -15
12 32 1 17 -20 20 2 42 50 26 16 27 14 54 17 8
-23 22 17 -8 9 2 -8 33 -4 33 3 4 1 13 11 -50
40 0 20 13 40 22 37 19 40 37 50 -10 49 50 22 31
2 -7 7 -17 -36 10 -2 -31 -7 -6 11 -2 -3 17 -9 -38
25 -33 -42 -51 -14 -51 0 6 -29 -21 -5 18 7 -11 -21 -4
-35 43 -33 -7 -21 24 -5 -8 -29 -34 2 -6 -9 8 -13 18
-7 -4 -2 4 33 -32 -4 -7 7 -1 -17 15 1 -18 -38 13
29 9 8 40 47 16 15 48 29 19 36 24 52 75 37 54
-5 20 5 -2 36 -1 13 7 6 3 -14 3 -19 44 -12 47
63 4 18 43 11 37 39 15 21 -12 37 58 -6 -1 -35 3
10 -27 -14 -30 -7 -29 -31 -33 -34 6 19 -5 -29 -32 3 -8
-10 44 -13 31 19 -2 22 12 39 13 18 8 8 40 8 47
-33 -9 -14 -18 11 -29 -7 -1 -44 7 9 1 -25 9 -24 -28
36 29 20 39 32 4 -8 31 89 10 26 37 50 25 29 -5
22 21 36 47 31 10 25 19 45 33 6 -2 45 8 50 20
-14 -26 -10 -27 3 -11 -2 0 -3 6 -37 -32 -22 -18 8 -57
4 -32 37 -44 -14 -2 19 9 26 -6 -8 29 15 -3 -13 22
15 -3 5 3 8 16 13 1 38 15 16 -16 12 9 -8 -8
19 -18 -42 -34 -2 -45 -38 0 -34 -14 -19 -48 -4 -27 -1 -23
-11 -26 -37 -39 -25 -4 -22 -35 -28 -46 -30 -19 -24 -16 -51 -40
13 0 3 41 10 29 26 47 54 -11 29 51 21 27 21 37
-13 -16 -3 -39 -53 -40 -14 -23 -16 -22 -14 -36 -26 -35 -51 -15
-8 23 -55 -37 -67 -22 19 -20 -33 -18 -17 0 -21 -8 -17 -24
47 11 -7 21 -16 -11 -17 -5 29 -5 31 -15 19 25 33 41
-3 -30 15 -18 -16 -43 0 -6 12 1 -36 0 -21 -15 -35 -11
10 -8 2 24 0 23 37 10 0 -13 22 31 16 24 24 14
-14 -33 13 26 -25 20 1 5 -9 -6 -4 12 11 1 23 -32
6 64 -8 -15 -11 19 6 -8 18 24 41 -8 -17 -3 -17 17
2 -10 38 -5 11 18 10 11 11 -8 17 -4 0 13 28 18
-60 -38 -32 -6 -21 -14 -41 -35 -32 -39 -19 1 -21 -30 -11 -4
1 -23 41 47 52 30 -10 18 39 2 25 26 -19 7 5 47
-28 9 0 14 26 11 -3 -2 24 -16 34 11 -9 5 23 9
42 1 16 -4 -7 15 29 8 3 4 18 18 8 19 7 6
4 8 1 -26 53 -12 -8 -8 -27 12 41 9 10 -26 -4 -22
-24 11 11 -10 10 -37 -11 -67 -8 -18 -42 -9 -40 -20 -2 -8
-14 28 -31 -13 23 49 19 -2 24 8 17 26 27 42 6 -1
-43 70 4 26 6 -5 22 34 28 5 -3 21 20 14 15 33
18 -8 5 9 3 -18 6 2 -7 2 2 17 22 5 -24 -58
-18 -28 25 -12 2 19 7 -2 -13 2 -29 -22 -32 7 8 19
-2 -11 9 19 -27 -33 -27 -47 -59 -10 -47 -11 -28 0 13 35
4 -49 20 -61 -9 -17 -27 10 -25 29 -12 -18 -4 -2 4 -1
-24 -12 -36 2 25 -22 -28 -29 -11 -19 -3 15 -8 6 -8 -33
8 -28 -10 0 -26 -39 7 -23 -16 -35 -14 16 -2 3 -30 -30
-24 -25 -45 -43 -2 -35 15 -8 -22 -13 -21 -17 19 -57 -15 -6
12 -2 -17 -17 -27 7 -8 15 25 -21 5 42 13 -9 32 1
-17 -4 -34 29 71 -15 -6 0 36 7 10 8 20 6 40 -16
-6 5 34 65 15 16 24 -2 1 10 7 27 6 -15 27 25
-44 6 -15 8 31 -11 -21 -52 17 6 -7 16 -13 31 -42 -1
3 1 -20 -40 -22 -51 6 -1 2 -5 -9 -36 -51 -19 -2 -31
-24 2 -27 28 2 -17 -8 -6 6 6 -8 9 -2 -19 -32 -9
-19 -24 -20 -10 -26 3 -24 25 -13 -5 -35 -1 7 -14 -30 -49
26 -3 23 43 11 1 -16 6 17 -8 1 -1 48 25 1 -24
-33 -62 -29 -16 -51 -48 -58 -42 -20 -11 -33 19 -37 -42 -44 -58
14 2 30 31 -2 10 15 -5 3 4 -28 17 11 23 15 32
-25 -11 3 -31 -64 4 -24 -15 23 -7 -10 -43 -35 6 -30 3
12 9 -13 -3 13 12 -1 49 -17 18 1 17 0 -18 4 24
23 27 -11 31 -3 -28 -32 9 -30 -7 -4 12 39 -17 -18 0
-15 0 9 -23 -14 -7 15 7 14 19 -3 -12 -18 0 5 -28
7 4 16 26 30 15 5 -4 27 11 13 17 -2 42 47 33
