-16 -55 1 -9 -13 44 -15 -48 -5 -28 -24 -28 7 -21 -13 14
-11 -34 -41 -51 -4 0 20 17 -14 1 5 -31 9 -24 9 6
37 -8 -9 14 8 35 -33 5 -2 -2 -30 0 -4 12 -8 -22
-13 16 10 -6 28 -11 -23 30 36 -10 1 -36 -19 -16 -47 11
4 24 -25 -29 -1 -9 -37 -12 -5 -4 -4 -11 -16 -17 -32 57
21 -3 1 45 -44 7 26 35 -13 14 -38 37 4 24 -15 -37
-23 18 -23 45 -1 -35 12 15 8 46 2 26 39 8 -3 2
-2 54 38 37 3 17 22 20 45 7 1 24 -2 28 40 -20
-17 -20 58 -20 16 -15 -21 -6 40 -45 -9 -8 -11 -7 -29 -21
-25 27 -25 -29 -66 13 -2 -22 -25 2 41 -27 14 -16 23 0
11 0 -10 -15 24 -37 14 -24 -34 34 21 18 -28 -11 37 42
-18 -9 10 -19 13 -12 2 -28 49 2 1 20 -13 -3 12 -8
12 31 22 36 31 8 17 70 -18 -28 2 26 19 29 31 29
-14 4 17 -7 9 -20 46 0 33 4 -35 -6 -8 -8 30 -26
-10 5 -12 2 38 7 10 29 15 20 -13 39 30 30 10 -33
1 -12 26 -28 -33 1 14 -25 6 -9 5 -15 16 -16 2 -6
2 42 -4 19 -1 35 -2 24 -18 -5 11 -6 -11 17 24 16
22 23 13 -15 -19 -62 13 -7 -9 1 0 -2 4 -10 -15 35
38 -3 15 12 12 46 14 66 -4 -2 -9 41 -11 28 -15 -35
3 19 7 23 20 55 13 25 9 22 -25 30 -1 6 -5 35
-10 -35 6 34 -19 -8 -20 -39 -2 13 -22 26 -31 -11 -22 34
22 25 26 -33 -13 20 -35 -3 11 -1 -1 -27 24 -18 34 17
23 0 27 8 44 45 32 -5 13 -43 -9 26 11 2 -5 -4
-1 12 11 -5 -38 10 2 -3 -33 -5 14 21 15 -30 30 -1
-30 -16 -6 -35 -18 -18 -24 -3 -21 -7 -30 1 -57 -10 -16 -10
6 36 7 3 16 2 29 23 8 19 -12 -5 -28 -3 4 -9
-15 -17 -30 -1 19 16 7 -20 -24 -10 21 6 -37 -2 -11 -10
-1 -9 -37 -36 -49 -10 -5 13 -11 -53 7 -11 5 -13 20 -44
13 12 17 0 40 32 -6 47 44 15 1 13 -9 17 20 5
1 7 -7 -50 7 -44 31 4 -3 -27 -8 -3 -9 -6 -28 -7
28 -8 1 36 30 12 -12 20 7 9 11 -13 -8 -7 -1 20
-19 -39 -11 -6 -20 17 46 21 -13 -39 -20 -29 5 -26 -8 1
-19 22 16 2 -15 -3 -5 -9 0 -34 14 -16 28 14 11 -2
10 -13 5 -3 36 -9 8 17 -22 -11 3 -19 30 -11 -5 -17
-15 -37 8 -15 42 -49 -43 -16 -40 -18 -21 -13 -11 28 -37 -5
-17 6 17 30 50 -2 16 -13 27 4 -4 -27 -15 6 -1 -2
1 46 -9 16 0 -20 6 -31 42 19 13 -15 -8 -14 4 15
52 -21 6 30 -28 12 12 27 0 -5 9 -10 51 14 6 -16
-14 16 -2 -1 47 4 10 -9 -12 27 -36 34 6 -7 30 52
-24 -19 -17 13 -39 2 -4 2 -5 5 -4 -4 8 -22 -9 20
19 -30 6 20 -4 15 40 -17 -20 -27 -36 24 -4 42 22 -10
-36 22 -1 -11 29 -38 -44 -14 -8 -29 -33 2 -12 -6 11 -16
-31 10 16 -7 -6 -4 16 -15 15 2 8 13 1 -12 16 -21
-24 -52 7 15 -15 -18 1 -13 6 11 10 -60 5 2 -3 6
39 -2 15 0 -2 -10 -41 -13 -11 -6 4 -47 2 -43 -1 -38
26 22 -5 -16 7 -22 -1 41 26 9 9 -62 34 14 -13 8
-12 4 -17 13 -12 -30 1 48 -12 2 -26 10 -10 14 12 -1
6 -11 -27 -30 -13 -2 -6 1 -51 -20 -13 9 8 12 -17 5
-44 -1 -23 10 -20 -19 -9 -19 34 -40 -18 -37 14 -4 6 36
17 16 38 -12 9 -1 -36 30 15 0 11 28 6 21 -14 -22
-1 34 17 32 -5 -19 30 16 -29 -5 -13 -14 -25 25 -9 28
22 -12 27 0 33 -28 -6 2 18 18 -21 0 -37 -32 -21 22
-3 10 39 43 -3 -14 -14 -15 -12 17 2 27 3 29 -6 -15
-17 -37 -25 -26 -17 -19 -5 -19 4 15 12 -37 -24 -44 -52 1
1 -9 17 -32 7 2 17 -39 29 -35 -20 -6 3 35 -9 30
-14 -27 28 -25 -16 15 25 3 -8 -45 -19 -11 0 6 4 -31
12 26 -4 -41 48 26 4 28 17 -29 -54 8 -21 12 38 -21
13 16 -14 -23 -37 -25 23 15 -7 -21 2 -3 -13 2 -22 -21
18 -13 13 -7 1 -10 29 -9 18 15 -7 -12 19 19 24 -1
-8 10 -12 21 -32 2 37 12 -9 11 12 -11 -41 2 27 -38
-21 20 -20 -7 -5 -6 3 -10 38 6 20 21 -6 -3 12 41
-3 36 -37 -26 28 -16 25 36 -24 4 -21 11 7 22 10 -8
12 -67 -15 -8 -3 2 13 -8 5 -22 -6 3 -20 -23 -24 -14
48 -13 -27 23 30 1 17 -16 19 10 -24 0 -14 -60 25 -24
