-1 -18 -7 -38 -45 -14 -13 -16 -53 -18 6 -63 -47 9 -17 -30
15 -19 3 28 35 -3 19 -8 24 20 22 -11 34 5 18 -1
11 -9 24 -13 -17 -40 -15 24 -6 -12 21 -3 -1 -18 27 13
51 -2 8 23 -1 19 4 -8 2 38 -17 6 -8 2 -3 34
-11 -10 15 -30 -23 -6 -45 -40 -38 6 -36 -15 19 -25 10 -31
-15 29 14 30 34 16 39 3 15 12 53 38 14 55 32 27
25 0 6 -19 1 11 17 15 13 -17 17 -7 -40 -2 19 5
27 40 69 26 37 11 20 -9 37 12 41 15 23 43 0 2
-17 -22 -22 43 -25 -16 -13 -7 -11 -6 -69 -2 -18 -36 21 -16
0 -11 0 0 -11 24 -12 -7 14 1 -24 -29 -51 -5 -11 -8
-51 39 16 -29 46 15 -21 3 5 -17 -21 -22 -16 -23 -5 -1
-30 -2 -53 17 -2 37 -47 -67 21 17 0 -8 47 22 -3 -8
44 81 34 62 55 25 28 62 26 28 25 36 53 30 31 64
-27 3 23 -6 33 -7 -21 2 -5 -8 20 -5 14 16 30 -8
28 -7 29 54 49 17 38 35 54 40 -6 44 35 44 16 -11
-58 -4 -36 -40 -22 -27 -29 -16 -14 -4 -35 -28 -68 -4 -2 -34
-20 37 11 -13 -26 19 44 17 -2 -4 12 10 8 33 -6 4
8 -31 -5 -13 7 -12 -15 -7 -2 -27 -21 -14 -6 22 -15 -13
6 22 13 6 23 12 35 44 -8 45 23 28 4 60 -2 54
12 72 15 54 26 56 29 11 30 -5 28 21 64 33 27 69
-33 -2 -8 16 -11 -28 7 -38 10 -35 -16 -5 8 -43 -33 -10
16 -9 25 17 3 1 -27 -45 0 -9 37 12 35 6 9 17
-32 11 -5 3 -7 -20 -11 16 22 16 -2 4 18 16 -2 9
-35 -8 -42 -13 -12 -31 -31 -76 18 -9 0 21 -1 -2 -19 -16
-15 -25 -53 1 -36 -23 -57 -23 -11 -49 -65 -7 -3 -56 -40 -18
46 41 0 48 39 8 42 36 7 -12 21 38 58 24 36 -9
-37 -53 -15 -26 -36 -43 -42 -30 -44 -48 -32 -54 -19 -64 -31 -14
-38 -34 -29 -18 -45 -43 -23 -20 1 -31 6 3 -27 6 -26 -29
-19 1 -1 -6 -9 -20 8 7 8 -20 41 61 23 51 32 7
-35 15 12 -16 8 9 -23 -38 -12 18 -59 -30 25 -17 42 -5
-12 -19 28 11 1 31 34 29 -16 19 22 32 25 4 18 8
7 -38 6 18 -35 -35 12 -17 -10 -41 -29 -39 -26 14 -16 15
25 -18 53 -11 31 -17 29 22 4 8 4 12 22 -5 -16 -17
23 4 27 8 -2 2 -18 11 -14 14 33 18 -12 34 -23 16
17 -55 -25 -25 -33 -69 -45 -14 -45 -9 -62 -87 -39 -44 -33 -17
0 33 33 10 38 42 -13 6 32 7 9 41 22 37 1 11
7 32 2 24 -11 19 37 24 22 27 30 61 24 28 -7 5
-10 11 54 9 37 -4 22 47 28 5 -3 59 11 16 4 55
-34 -38 10 -14 -4 -4 -18 11 -9 1 -7 -11 -2 13 10 9
21 21 -26 -50 -25 -23 -42 -8 15 -32 -26 34 -21 -15 -26 -13
-8 -33 23 1 1 -36 39 -12 -30 14 33 7 -5 48 4 -21
22 -15 15 14 -14 18 -31 43 -4 -11 5 1 -11 -7 28 22
30 -4 1 47 33 -4 20 27 34 -30 -25 9 7 -6 -16 -3
-13 19 3 -43 5 14 41 -36 -15 27 6 -44 13 6 -13 -25
-50 -35 -15 2 -12 -11 16 -30 -25 -46 10 -20 -22 -9 4 -31
-30 -8 14 16 -15 8 16 -63 17 -18 -35 -25 -40 -18 -44 49
37 -21 -35 -25 -56 -29 -16 8 19 12 17 3 -15 -6 -17 1
-59 -24 11 -38 -23 -22 -1 -38 -40 -14 -20 -25 -42 2 6 -23
-9 -7 11 -10 -38 -28 -19 5 -22 -18 -69 -19 -29 11 -30 11
73 17 27 6 13 9 39 27 10 21 21 52 -16 -29 45 1
8 70 -10 37 -28 2 20 0 7 -8 -12 -14 35 20 0 -14
30 0 11 7 10 15 18 32 57 4 4 12 -7 2 31 32
13 19 -28 -10 -10 -16 19 -33 -44 -16 -26 -48 9 -37 -10 8
-43 -22 -3 -8 -48 -16 -29 -19 -11 -26 -24 10 -59 -15 3 -70
-30 -14 20 -30 20 8 -11 43 -8 21 -3 6 10 25 -20 11
13 -5 2 -22 -40 -54 23 -5 2 -7 -2 -23 -36 -22 -10 -9
-34 4 19 -11 -5 22 4 1 28 -21 33 29 13 26 37 -8
-56 0 -64 -23 -61 -3 -3 -26 -67 -37 -33 -54 -33 -16 17 -46
-31 17 29 -18 15 67 27 21 24 -9 18 -1 -16 11 2 30
-37 -53 1 -50 -21 -29 -5 -25 -21 -8 -25 -67 -44 -25 -50 -12
37 31 8 41 23 19 -3 41 -6 21 -1 14 9 27 33 44
28 18 -4 -28 12 -20 19 6 -15 8 -22 20 8 -26 16 -4
-31 -39 20 16 10 -22 -20 17 13 -17 -13 -9 -26 23 -11 -43
17 45 26 34 -9 22 -14 -16 40 28 17 7 6 -19 16 5
