-9 -29 -15 -46 -18 -33 -39 -41 -7 -72 -42 -45 -41 -42 -41 -42
-14 16 1 10 4 -7 8 22 7 8 -8 12 15 -9 -35 41
34 23 26 -9 15 24 33 4 2 12 -8 19 12 22 24 5
9 60 14 12 12 40 12 30 -24 10 3 35 49 -1 29 23
-27 -4 -29 1 6 -28 15 -15 5 -23 -20 24 -15 -15 -50 -9
49 11 35 4 43 63 20 24 24 30 25 28 17 37 3 7
27 2 25 11 -13 10 15 19 38 7 16 14 38 26 -1 13
53 21 34 68 17 27 59 20 22 34 36 19 43 42 34 19
7 -10 -35 -8 -34 21 -12 -23 -33 -17 -11 -43 -18 -54 -9 -17
-15 -28 -14 -24 -32 -29 -22 -32 -12 -32 -31 10 -52 -50 -10 -29
-30 -10 -17 -23 -16 -27 1 -11 16 3 19 -5 4 16 -15 20
-36 -21 0 27 -3 11 -16 10 4 7 0 -14 -7 28 -18 -18
30 29 45 49 30 34 -1 61 41 40 63 15 29 31 -2 46
31 -22 -13 -11 -5 -4 14 -16 2 -24 -27 6 -8 -7 21 -1
5 45 23 1 -5 32 33 36 32 38 11 -6 49 7 19 39
-35 7 -8 1 -27 -48 -22 -18 -18 -12 -52 -5 -21 -64 -28 -41
29 -7 24 20 24 -3 43 21 20 5 18 2 63 31 -5 2
-37 29 9 -18 -17 11 20 -43 -1 1 1 16 -5 5 -16 -9
38 59 74 23 29 31 11 42 41 42 30 31 53 30 26 23
17 19 35 17 54 52 35 52 23 38 36 24 43 46 15 37
-15 -37 -30 -5 -29 -21 -33 -26 2 -18 29 -28 -37 -44 -12 -16
13 26 4 13 34 9 1 18 -29 3 7 33 -6 35 10 22
53 24 29 23 16 20 19 26 21 -2 10 42 7 16 45 -1
-17 -13 -28 -5 -30 -43 -27 -41 -5 -10 -10 -45 -35 -31 -37 -30
-66 -42 -36 -35 -59 -40 -66 -66 -47 -70 -9 -60 -44 -47 -56 -56
21 27 25 30 12 40 32 8 24 25 58 26 8 35 25 51
-28 -33 -19 -55 -69 -47 -38 -56 -57 -62 -57 -23 -27 -62 -5 -57
-10 -9 -33 -7 -16 -23 -42 -4 -37 -21 -45 -60 -56 -28 -15 -55
25 -21 9 27 49 14 29 21 23 1 -4 18 9 6 25 2
-11 -3 19 -22 -41 -37 -26 -9 -21 -18 -2 -17 -16 -14 -8 -19
15 30 -9 19 13 23 25 -14 20 19 12 43 2 -3 -1 16
-6 -56 -10 -42 15 2 21 -14 -24 -29 17 -12 9 -18 -26 -21
37 31 -12 1 32 11 12 21 -10 54 27 11 15 21 19 39
5 5 43 17 17 -13 18 23 2 5 -5 16 8 19 16 -17
9 -22 -46 -51 -47 -29 -60 -73 -32 -60 -32 -27 -25 -49 -59 -50
41 29 28 22 39 15 69 39 4 19 6 35 53 9 48 23
3 -3 43 39 17 40 29 -7 -2 8 19 12 52 8 37 1
14 14 33 2 37 12 29 28 33 30 64 31 18 26 10 67
-24 5 -26 -9 -22 -10 -5 -15 -2 -13 -32 13 9 -30 0 0
-20 -22 -12 -7 -13 22 -21 -3 -32 -17 20 -35 -6 -19 -1 -13
84 23 -14 25 10 -2 -14 37 -12 3 -3 0 -3 24 -1 16
-6 -7 -18 -6 -7 17 2 10 -3 -9 2 3 -5 16 -5 -13
-2 13 -7 -10 27 7 -5 9 6 11 19 8 -9 3 -18 -5
-24 -24 -21 -22 5 -9 -19 -1 -28 -2 -8 -60 -22 -11 -19 19
-15 -13 -18 -8 -7 -12 -40 -47 -15 -25 -22 -16 -7 -26 1 4
9 -37 -4 43 15 -22 -2 23 -26 17 -18 11 -7 -18 -15 9
27 -7 -3 -2 5 13 -40 5 -11 -24 -15 -3 -9 -1 -1 -23
4 -36 -13 -37 -40 -17 -53 -31 -50 0 -40 -10 -44 -9 -37 -31
-9 -28 -36 -12 -19 -31 -41 -32 -54 -3 -32 -23 -28 -20 -6 -39
39 27 33 12 9 12 19 32 10 11 -3 20 18 -26 15 49
5 16 18 1 28 13 16 38 14 51 30 -9 16 30 -12 -7
-13 10 22 11 23 42 39 -5 38 0 -13 15 21 1 18 16
-11 -32 12 18 -29 -1 -38 -39 -30 -34 14 5 -11 5 -53 -21
-11 13 -12 -38 -14 -23 1 -18 -65 -6 -21 17 -54 -57 2 -18
6 -13 -40 -11 16 5 7 13 19 2 -36 -27 -18 -29 15 -35
-2 0 -19 -1 -17 -25 -28 -10 -6 -45 -13 1 -30 -28 -15 -38
3 -25 21 23 37 -10 35 28 19 4 6 25 -6 36 18 9
-22 -34 -15 -57 -36 -25 -36 -27 -45 -32 -46 -30 -42 -34 -32 -38
38 -21 6 6 17 -13 -4 35 -2 21 -14 -5 13 -13 32 3
5 -37 -7 -79 -24 -12 -6 -61 -40 -66 -23 -38 -12 -16 -5 -35
40 47 12 -9 35 3 33 23 5 38 -3 6 33 12 2 -28
-2 33 -16 0 5 -36 8 46 12 9 -4 -1 15 17 -14 -25
15 13 4 10 -5 -10 14 -1 -10 20 -13 -10 -26 -33 37 -41
21 43 25 23 6 2 33 40 22 6 20 29 35 20 17 2
