-27 -19 -21 -19 -17 -27 -19 -18 -13 -8 -8 -21 -18 -15 -23 -4
-12 18 -8 9 -5 -2 31 13 8 15 11 -21 25 6 0 12
14 7 9 7 16 13 2 -3 2 11 18 7 29 9 1 13
13 20 6 34 26 2 26 -16 4 26 27 1 -2 14 4 27
6 -4 -17 -21 -22 -16 10 -18 -2 -1 -14 -12 5 7 -14 -16
16 21 -6 16 9 18 8 9 -17 3 -2 11 32 5 8 -9
-4 13 9 4 -2 10 19 11 12 10 18 11 19 16 -13 0
50 18 33 -5 16 19 25 22 -1 14 29 22 25 22 2 26
-11 -13 -12 -1 -2 0 -8 -38 2 0 1 -24 -18 -11 -9 -6
-29 5 -32 -10 -12 -19 -11 -11 -10 -10 -22 -33 -24 -5 -39 -25
14 -19 -6 -38 -14 -12 -1 5 -6 -4 10 -10 -7 -9 -2 -15
-12 5 -13 -3 2 -12 -10 -6 -10 -17 -9 -2 -23 -6 12 2
34 32 39 18 23 32 10 28 42 31 19 21 12 18 35 14
-7 -3 -3 -3 -12 2 -5 9 0 -8 30 3 -12 -12 16 6
10 12 23 9 3 16 16 9 22 23 3 29 -8 29 36 18
-34 -13 -17 -16 -16 -8 -29 -14 -2 -10 15 -38 -26 -16 -37 -28
17 5 26 -8 1 6 21 16 15 15 -3 28 11 15 9 -1
-25 2 2 9 -19 -1 7 -2 -21 -23 2 -21 -17 -9 1 -6
12 13 36 27 52 19 14 27 -5 22 17 20 9 19 26 22
28 14 20 15 30 25 22 31 21 -6 3 7 20 18 19 20
-12 -30 -7 -26 -15 -1 -2 -2 -18 -18 -47 -5 -18 -9 -14 -13
5 14 14 0 -3 15 -12 -3 6 -3 6 13 18 4 8 4
9 1 22 15 21 8 -6 7 13 21 23 14 -7 1 1 8
-18 -4 -4 -26 -14 -22 -15 -6 -28 -35 -10 -25 -11 -14 -5 -18
-20 -19 -27 -29 -11 -27 -18 -39 -25 -28 -17 -42 -33 -28 -23 -22
19 25 -2 21 14 12 19 7 14 13 4 19 20 8 12 10
-1 -48 -23 -29 -15 -38 -20 -41 -20 -30 -20 -20 -26 -39 -31 -9
-6 -20 -18 -34 -3 -35 -12 -30 -27 -19 -31 -23 -40 -15 -28 -4
38 -12 11 -2 15 5 9 31 17 3 22 22 11 4 24 17
-13 -16 -14 -11 -20 -25 -7 -26 -20 3 -20 -23 -8 -22 -25 -27
13 14 6 14 11 13 24 11 12 25 -10 -5 3 18 -2 0
-21 -32 -6 -7 -16 -23 -2 -16 -2 4 -1 -10 11 11 -20 -9
27 33 14 4 11 17 4 27 17 17 -1 27 -6 13 21 13
3 0 16 0 16 -3 3 13 19 26 9 -9 -11 2 5 -13
-24 -25 -29 -5 -25 -37 -22 -61 -35 -22 -14 -26 -12 -23 -27 -24
22 24 17 32 11 18 8 32 21 37 36 24 18 25 22 17
20 -2 5 5 17 13 19 24 0 17 0 17 -1 18 20 15
16 5 10 -3 5 23 5 37 17 15 20 3 29 7 17 3
6 -17 -26 -16 -1 5 9 6 -3 -24 -16 -15 -31 -27 -14 18
-18 -15 -14 6 -12 -10 -14 -2 -9 2 -17 3 -15 -17 -22 -8
17 3 9 2 0 15 10 16 -3 12 1 15 -2 3 18 8
-24 7 -11 7 -4 -12 0 1 20 4 1 15 -8 4 2 9
-23 9 13 26 8 16 13 -6 7 -10 4 -8 -18 19 13 3
8 -14 -6 -7 -3 -22 -30 6 -10 4 -18 6 1 -12 10 5
-18 -12 -14 -6 -1 -32 -15 -12 -13 -44 -29 -13 0 -6 -1 -12
14 4 -12 -3 -11 10 -5 -3 -10 -2 -1 -25 10 -3 -8 -3
-9 -10 -10 15 -21 18 -9 -8 -1 7 -11 -10 -19 -20 -10 -6
-15 -12 -16 -33 -13 -9 -12 -20 -26 -21 4 -8 -15 -9 -27 -15
-11 -15 -16 -7 -24 -22 8 -2 -13 -24 -11 -23 -30 4 -15 14
14 37 14 33 3 13 -14 -4 30 36 3 12 11 25 -10 6
10 23 3 -2 -6 19 9 0 1 14 -1 5 27 8 22 6
13 5 12 25 1 25 19 -7 24 12 2 5 -3 14 8 16
-17 4 -9 18 -3 -4 -23 -37 -3 -25 -10 -5 -3 -19 -8 -19
-18 -11 -27 -15 -14 -17 -29 -9 -28 0 -12 -23 -18 -26 -28 -31
-6 -7 -30 21 6 -11 -8 2 -4 5 -4 8 -23 0 11 15
-26 -8 -16 3 -3 -24 -12 -28 -13 -2 -19 -24 -20 -23 -13 -10
-2 -18 13 5 -7 -4 4 12 12 -3 12 3 2 -1 10 0
-14 -18 -30 -1 -23 -15 -30 -36 -30 -30 -27 -11 -19 -34 -16 -15
1 -2 12 21 9 22 -4 23 7 0 16 18 0 2 -9 1
-9 -47 -4 -6 1 -22 -26 -25 -38 -32 -7 -19 -15 -29 -7 -16
16 18 -3 10 -1 16 23 3 11 7 -5 11 6 21 6 14
6 14 8 -7 13 -24 18 -5 15 14 8 -1 5 -3 3 -8
-12 -21 -1 -7 -19 2 -8 -4 -3 -2 -16 5 -8 2 -8 -5
11 28 8 17 24 12 12 3 -6 45 11 -1 8 20 1 -17
