7 -28 20 -26 -53 -4 9 -6 -9 1 -8 21 -35 23 -42 -14
-8 13 -17 69 -1 9 12 -34 54 34 12 -10 -17 -10 0 -8
12 19 -20 -20 5 45 -26 -11 -39 5 1 21 -3 -22 -23 1
19 -10 5 -9 35 16 11 -4 30 12 -10 30 -3 -29 -4 30
-40 -16 -23 -39 -9 12 20 -18 34 0 -15 -36 2 36 25 -16
17 26 27 12 22 11 1 -2 6 -1 58 15 -9 4 -16 17
3 9 1 -10 11 -7 13 -1 47 -18 33 -19 11 19 -11 40
2 39 17 -15 21 21 40 20 3 2 -4 10 30 5 -6 11
-38 12 -11 0 24 13 16 4 12 -11 -25 15 -17 11 -34 12
28 -15 16 -31 -10 -5 1 34 -18 5 -31 -7 -27 8 43 -18
-1 -1 -14 -22 -12 21 -24 -23 33 -17 -16 1 33 6 1 -27
23 -21 6 17 -17 4 -16 -35 -15 -31 -2 20 13 -8 36 -36
-5 13 15 49 24 17 0 30 -1 -4 -6 -25 29 -20 50 16
3 -10 30 0 27 -10 2 10 -15 31 2 36 -6 -44 -43 -16
-14 -6 -28 10 11 18 -21 4 -15 -14 12 31 44 32 1 -9
-23 -11 15 -4 -9 -10 -15 -12 1 -31 -27 4 -12 6 10 -11
-6 10 -3 11 2 5 29 -5 30 15 -12 16 18 50 5 10
-33 -5 24 -25 10 0 -3 -21 30 -7 7 -8 -10 -46 6 22
16 -7 7 43 30 27 -4 8 -20 -3 2 21 39 3 30 22
34 12 12 10 -19 21 -3 14 2 44 3 10 20 -2 36 33
15 17 -6 -12 -14 32 -7 -21 -26 32 27 -57 -8 4 -16 7
0 -10 13 -18 40 0 18 28 -8 27 -36 26 8 -25 17 26
25 -9 -6 -39 -16 6 28 -3 0 28 -7 -8 49 32 10 16
12 8 26 -16 -6 -28 -16 -15 -22 -8 15 -13 27 -16 17 -81
-34 9 -21 -3 -13 16 -37 -25 -6 -21 -34 3 -24 26 -17 -22
7 15 30 33 3 -8 5 -1 25 -3 32 40 1 17 19 -21
-13 18 -27 -30 -8 10 10 -43 12 -8 -41 -5 -36 -20 -17 4
-22 -6 -6 -3 -21 -2 -13 -4 -49 -23 -32 -34 2 8 -5 -36
37 20 50 -5 11 -29 50 -9 -19 11 33 8 51 44 -2 -33
17 -58 -22 -20 -22 5 1 5 26 14 -15 4 -31 17 29 -3
10 22 18 33 15 12 21 -1 19 -9 -1 17 0 2 -15 4
-46 8 -14 -43 -15 -18 18 6 20 1 6 22 -17 -8 -32 12
-49 16 -22 -3 21 -13 14 28 -10 -17 2 -37 34 -2 7 46
7 -2 26 1 -4 1 -1 12 4 18 -15 12 22 45 22 13
-35 -41 8 -26 16 4 6 -10 24 -20 -38 -13 -66 -21 -72 11
21 17 -1 3 22 -3 37 22 17 1 23 61 8 10 -33 23
17 -3 39 -5 7 -25 -1 -19 15 -23 -35 3 39 -4 26 41
30 -6 26 12 -3 17 -5 45 -7 12 38 32 1 -14 16 -38
-7 -30 22 -5 17 -10 -30 -29 -13 -23 -39 5 12 -8 -8 -11
-26 13 -9 -28 31 -24 -13 5 -9 -20 -5 -1 -5 6 -2 -13
30 -1 32 -10 -5 1 5 -18 -8 -3 -4 -1 -12 -22 -56 9
1 -17 6 -5 22 8 -8 16 -3 17 -15 -33 5 -3 -30 30
15 19 -17 31 18 -1 -7 -4 10 1 -10 -22 17 -10 7 4
-19 3 -20 31 9 28 -22 16 -47 -32 33 -43 -25 -28 7 -12
6 -2 20 -13 -3 13 2 -22 -15 0 1 31 -24 19 19 -13
11 -31 -33 -36 6 17 -17 -34 -6 11 -44 -15 16 23 23 -3
-12 8 -2 -7 19 -28 -38 -36 -21 0 -36 20 7 13 -3 -6
-11 -40 -23 -34 -5 3 -36 -14 -29 -24 17 -34 -3 -5 10 -8
-12 8 -7 3 -15 -1 20 -14 4 3 -24 14 -13 -36 -16 -10
-9 -12 2 -17 14 -8 -28 55 3 7 -32 -14 22 18 12 17
-13 6 2 5 22 16 15 -22 16 15 9 6 -13 13 22 -7
-10 19 -28 9 18 0 -14 -12 -1 39 -38 29 -26 11 -21 12
-34 9 -18 1 5 6 -22 -3 -3 -7 -23 -1 -15 -23 -18 21
-7 -1 -32 -18 34 -6 -17 -24 1 -6 -2 -52 -13 9 0 1
-17 -21 -15 -31 -33 -22 7 25 -18 6 -2 -50 7 1 -30 8
22 11 -6 -9 -3 17 -40 -6 -6 1 -21 1 12 5 -11 -28
20 -26 -19 -22 -21 -11 20 66 4 27 1 37 17 42 10 -20
-18 -9 6 -10 0 -4 20 -34 -23 -12 7 1 -1 -6 21 -9
-1 -17 -10 -11 7 25 8 -8 -21 0 17 -12 51 5 -8 14
-15 14 -24 -10 27 17 18 14 -40 -25 -23 -3 -32 -34 -5 -6
5 1 15 5 3 10 -11 6 12 5 -22 -15 17 0 -3 14
27 -17 -23 20 16 8 -21 20 19 11 10 9 25 20 37 -37
-20 10 -26 -23 5 22 14 -35 13 11 -7 -15 -7 18 -51 16
6 1 -16 13 37 19 10 -7 27 -1 -14 1 13 34 37 -2
