0 2 -16 9 4 -4 -12 -7 9 -7 -26 -12 -11 -5 -5 -4
6 14 11 -3 -2 5 4 -10 -4 3 -5 -29 3 11 16 8
9 -11 14 30 0 3 -5 -6 16 -11 -2 0 -16 -1 -8 14
1 20 17 4 -6 6 -6 -9 -8 -7 17 10 4 18 -10 19
-2 -19 -26 -10 -7 -6 9 3 -1 20 3 -10 6 -18 15 -6
-2 15 11 -15 22 19 -11 19 12 -3 9 4 8 10 4 -11
2 -8 -2 -4 18 11 5 17 8 5 -6 10 -24 3 12 -6
5 -5 12 18 5 9 1 3 -5 1 19 10 10 3 16 -4
-7 2 2 2 -14 -26 0 -12 -23 6 -8 5 -4 -3 0 -5
-11 -9 5 18 -6 0 2 12 -2 3 -11 -22 26 -22 -9 -17
-20 -3 -14 -20 -19 -2 4 14 14 1 -2 5 3 2 -18 12
-8 20 14 -22 24 16 -6 4 5 -9 1 5 0 7 -14 11
8 20 19 -6 5 1 -3 -6 13 6 23 2 24 15 23 31
-19 -16 10 13 -7 -5 12 -6 -18 -2 -9 2 3 5 7 -1
-4 13 28 11 18 -18 3 0 -1 19 21 15 -11 5 -5 1
6 -3 -10 4 -9 8 -15 13 -1 14 -14 -7 -11 -2 15 13
-19 4 -5 2 0 9 10 12 8 12 8 21 28 14 6 1
-6 6 2 9 -2 11 -27 -1 5 -1 4 -5 -17 2 4 14
7 33 8 -11 28 16 -7 7 11 7 11 1 24 18 0 13
4 19 13 -1 2 9 6 6 24 11 15 -1 15 -7 14 16
-11 -8 -11 1 -27 4 -6 3 -14 -21 3 -4 7 -9 -17 -12
7 -9 13 23 1 7 9 -2 13 2 8 4 11 -23 -7 2
9 8 -2 6 17 6 -1 2 16 -6 1 26 11 8 -18 -2
-15 -17 -1 -17 -3 13 -13 12 -15 -10 -3 -10 5 -3 6 -12
-15 -12 -22 -12 -17 -19 -14 -6 -4 -20 -24 -15 -9 -3 -18 -7
7 1 15 -3 3 14 -8 -1 4 6 13 8 7 12 2 10
-9 -8 -19 10 -14 -17 3 -14 -1 -9 2 -13 3 -5 -14 -16
13 2 -7 -12 10 8 -9 -9 1 -28 8 18 -7 11 -6 -3
-11 21 9 11 12 11 9 -1 -17 -2 -1 16 20 5 20 10
-5 -4 -4 -4 1 -8 0 9 14 5 12 -7 9 9 -19 -6
5 13 -8 0 -11 -9 3 -13 0 -10 16 -19 7 3 11 7
4 6 -5 18 -10 2 1 -4 -4 12 -13 -8 -9 8 -2 -10
28 -2 9 1 14 -18 -3 -8 5 5 -4 -2 8 -3 -15 7
21 19 7 -6 12 10 17 9 25 -1 29 -7 -2 6 10 -2
4 -23 -8 14 -21 -13 -11 -22 -2 10 -13 -15 -25 -14 -8 -17
-14 -2 -1 8 20 -10 17 -5 11 5 -2 14 9 1 6 13
8 11 5 1 6 3 10 -3 20 15 6 6 6 -2 -4 -18
3 22 7 9 0 11 13 16 20 -1 15 23 11 -2 16 4
-7 19 -8 -7 -2 3 2 3 26 6 1 -18 12 -11 4 15
9 -4 -2 -7 6 6 -2 -4 -2 1 -3 15 5 2 0 -4
-7 6 5 -4 20 7 -6 -22 11 -2 3 5 3 13 3 -2
8 -2 -1 6 -18 6 11 4 3 10 -9 12 12 8 -15 -4
-12 10 4 -4 -16 -10 -19 1 -8 5 -2 -10 -7 -6 -4 2
20 -4 2 -6 27 -10 -7 15 -12 -13 -4 7 -21 3 6 16
14 9 -3 -9 10 -7 4 3 -10 -9 18 -25 9 -11 3 -27
4 7 18 12 9 -12 22 5 4 -11 3 -27 -1 -20 -2 30
1 -15 11 0 16 13 11 -9 10 -25 -8 8 11 9 2 -9
4 -5 13 -1 6 10 5 9 1 7 -1 -5 3 -19 4 -14
2 -3 -2 10 -11 -4 -3 -19 -8 -3 -10 -4 -13 3 -10 -3
11 -17 12 15 7 -16 13 20 -16 8 12 -2 -7 0 -1 -6
6 -16 13 -14 -3 1 13 -5 -1 17 7 3 -3 9 -4 -5
8 10 -2 3 -5 -8 2 18 -7 3 19 -5 4 15 7 10
-5 0 -15 -4 -15 -28 -10 -15 3 9 3 -28 6 -14 -18 -12
3 -8 -4 0 0 1 -10 14 -15 -9 -5 -1 -1 -5 3 -4
6 7 3 -11 8 6 12 1 5 22 -8 3 10 24 -9 -13
-8 -12 7 -1 -17 -5 -11 5 4 1 -4 1 -6 3 -10 9
-5 15 0 3 -4 -5 3 -3 18 9 19 14 19 5 0 -10
-2 -10 -2 5 -9 -16 -8 -22 -14 1 -13 -13 -26 -16 -14 -19
14 -2 19 5 16 2 20 -4 2 -22 10 4 -7 11 -1 12
10 -7 -24 5 -7 -5 -14 -10 1 -17 -9 -17 1 6 -26 -14
17 8 6 17 -13 11 7 1 4 16 5 8 -10 -2 4 11
11 -3 -6 -18 10 -4 2 9 9 -11 19 7 -13 7 -4 6
3 -6 -5 6 -12 1 11 -9 -12 -6 10 1 0 8 -11 -5
11 7 -18 -14 18 25 -8 13 -2 -16 1 -4 1 13 23 8
