9 16 -20 21 -14 0 -37 23 -25 -15 -19 15 -21 18 18 -9
-12 -7 -22 20 -30 18 -23 27 -14 12 39 12 -4 -15 4 42
20 -48 -10 14 -6 -21 -10 9 22 -20 -34 -1 13 52 13 -26
9 30 -7 14 -5 -6 24 1 40 -3 13 24 -11 -10 -10 1
26 -13 3 13 -5 34 -11 -5 -30 -14 34 -4 -5 -26 -26 -32
32 16 29 -11 25 16 18 -8 -5 -31 -33 -3 -18 16 18 5
26 -2 -9 -40 35 23 -12 -40 10 -29 -24 8 -7 27 -21 -17
19 1 37 -2 -33 14 11 -5 7 -12 5 -24 -4 12 -27 4
-12 0 16 -9 -7 15 34 47 1 -22 8 -44 6 23 -1 -18
-18 -6 -1 33 -62 -30 23 -26 -3 7 2 -7 -19 -26 -12 2
-3 -27 25 -21 27 -26 32 12 13 5 5 -9 12 10 -54 -16
2 8 14 16 26 -41 -17 -10 -37 41 -28 -1 -2 -35 33 37
-12 -6 25 18 12 26 -17 -11 61 21 29 10 48 9 10 44
-16 38 24 -7 -7 19 24 -20 -13 -4 24 -17 28 13 44 9
24 -17 3 16 -7 -2 66 26 -25 24 -25 -24 10 7 13 46
-35 -36 17 9 -6 -32 -25 -20 -1 -1 26 5 -36 -17 13 -37
20 30 -47 -1 15 37 7 23 -5 -5 25 23 -14 19 17 -3
-34 -54 13 0 -5 -9 -42 -54 9 0 -27 -33 6 -14 -8 -27
4 2 14 -19 27 -8 -33 -12 45 20 25 50 17 0 1 69
5 -19 -37 24 -13 34 -3 8 31 -29 23 15 37 35 39 -4
-4 1 29 -23 -7 43 5 14 -11 -12 -27 -6 16 7 18 -13
-1 9 29 17 -3 -3 34 -30 -37 10 -3 33 28 34 33 -5
34 20 36 -21 -31 -7 23 -20 -15 9 -4 27 -31 -23 7 17
4 -35 -7 -1 9 -38 -19 -27 14 53 2 12 30 -7 -4 -27
-23 26 -3 -21 20 -37 -23 -14 -9 -24 -42 -67 -5 -40 -3 -20
49 16 29 16 6 9 0 13 -11 11 -36 -7 4 -42 -9 -17
23 9 -24 -31 -54 -27 10 -21 -4 -26 27 -23 -12 14 -34 -1
-12 14 25 -3 -24 -38 -39 -17 -3 -34 -40 -11 -43 -78 -34 -34
15 -5 10 34 -1 14 -10 -9 12 -11 19 19 27 -20 32 34
0 -18 27 -12 -14 11 32 0 -1 32 -20 -32 6 13 -28 -37
-34 -15 12 28 -26 10 -21 24 20 12 -21 35 40 -5 10 39
-5 5 -16 6 2 27 -8 39 -3 -17 -16 -11 27 6 28 -18
19 -19 10 1 16 -1 15 -41 5 -18 8 0 -47 36 0 2
-15 -11 12 12 -31 0 -24 3 24 -3 6 23 22 -2 -36 30
-18 -15 17 -29 4 12 -18 -36 -46 -23 -56 -9 -28 -24 -30 -47
-3 22 17 8 -14 54 30 -2 -11 15 38 40 -7 37 45 2
37 -7 34 9 -7 -16 30 -8 4 9 4 -67 -29 -37 -28 10
2 -9 15 44 32 10 -17 23 44 40 6 -6 3 56 27 35
8 -34 26 26 -45 -9 -6 -9 10 -34 -20 -46 -7 31 3 6
8 -18 -34 -13 5 5 -19 -1 -22 -12 -17 -24 -22 10 -32 -8
-6 28 32 48 -8 32 -11 -11 -22 6 -4 25 -30 -19 8 10
-9 56 -35 7 23 -6 0 -10 -25 5 7 28 1 -29 -10 -19
14 14 -5 12 23 -9 0 -25 15 -10 -1 12 15 -7 22 -27
-7 2 -9 0 17 14 -24 42 -1 -2 -8 12 24 19 9 16
-1 -18 -26 -2 -7 -26 -22 -1 17 17 14 -40 25 16 -27 -22
9 -46 59 -5 -21 7 40 -57 11 1 -39 -29 3 20 -29 -42
12 25 6 -20 -3 -9 -3 -37 -11 -10 -20 -38 18 -3 -9 14
4 -17 6 -16 6 23 -20 -1 -24 -35 -17 -16 15 7 -17 -8
-22 -27 10 51 -38 -43 -39 -45 24 -13 -33 -17 -8 -3 8 -36
-7 26 2 15 -25 -9 46 51 42 1 19 -8 -9 -16 -37 -48
2 -15 6 3 33 31 -15 2 7 3 -18 9 17 5 -7 -12
-7 -1 -18 -17 -12 43 23 43 -43 -36 60 -10 8 1 22 -13
-1 20 7 -6 21 -32 46 1 -19 -35 -31 -6 -10 28 23 -31
-20 -10 -3 17 -36 0 -31 -6 -26 -44 28 34 19 -10 7 -6
-27 -2 20 7 -29 45 -9 -6 -10 -8 -13 -16 -50 -23 25 35
-1 3 3 8 11 -7 -12 -32 -2 14 -23 -9 -15 -20 -22 -7
16 -5 -12 -2 8 30 41 -5 9 13 23 -25 23 9 42 41
33 -41 -23 -10 -11 -6 15 -6 -5 -1 -34 -34 -24 -18 -11 -22
-25 45 4 24 -5 3 30 -26 26 40 -3 22 35 48 4 -14
-8 10 23 -42 10 -70 -17 -15 14 13 -19 -28 -12 -1 -40 -7
-8 -23 35 3 -26 1 2 9 13 8 -4 -12 -12 12 -3 14
2 9 -9 -50 31 -37 -16 0 27 31 -1 7 5 9 -33 28
-13 -27 1 19 -43 29 0 -4 -18 -26 12 -10 -7 19 -15 -38
25 19 5 0 41 12 2 9 -18 25 24 69 -18 -10 -18 30
