5 -6 0 14 10 8 5 -17 20 -9 14 -5 9 6 14 -2
-10 28 -1 -5 6 17 12 -18 -15 18 0 -1 1 -6 -2 0
12 15 -13 -14 -22 15 6 7 -23 -8 -9 -11 1 -12 -5 25
12 17 8 17 -2 -26 32 -22 -4 -5 -13 4 -14 -11 14 -15
-22 -2 -8 -9 4 -12 -13 16 12 7 -2 24 3 -14 3 -8
-13 -10 -11 9 11 -13 -14 -4 -3 3 -5 -1 1 -5 -21 12
16 -24 9 14 24 -2 16 15 -7 -15 -2 -2 -11 -6 0 11
-10 -15 7 -5 -12 -8 -3 10 10 1 6 2 4 -4 -9 16
7 11 8 17 2 11 10 11 12 -1 -2 1 23 16 20 16
6 -2 -5 -9 -2 2 8 17 -2 -13 -13 -9 -7 0 3 -3
-8 14 8 18 3 -8 -19 33 -2 -1 8 -5 -6 9 -26 2
-22 9 -7 6 22 12 -4 -6 2 -7 9 1 14 12 3 -12
9 7 -1 -15 -25 10 -15 10 -4 -18 -37 -6 -8 -18 8 -12
24 -34 28 14 -20 28 -7 -3 -3 -4 18 14 -4 21 11 -25
-9 14 18 -6 -12 -3 -19 -8 5 -17 7 -1 -2 5 2 20
15 -11 -6 -3 14 -5 -5 5 26 -3 8 -3 -6 0 1 7
-16 -13 -8 9 -12 -7 -4 18 -7 14 25 8 -5 -6 0 -18
31 -2 -2 -13 -12 11 -1 -10 -2 -4 -10 -10 3 16 -9 -12
10 5 -13 13 6 -15 -8 -18 -11 -5 -19 -7 -24 -7 -28 1
-15 -2 -2 -6 -2 6 21 5 -19 -10 -23 10 2 -11 5 -2
-12 -2 -11 6 17 -2 -19 9 -17 12 -3 10 16 8 -11 -3
4 -13 2 0 -7 -19 15 8 -8 -14 17 -17 -3 7 1 -19
-18 7 -12 5 21 -4 -13 -8 -3 2 -23 2 -11 -10 -7 -5
-16 1 -2 1 -3 10 -8 20 15 24 5 -2 11 15 -5 -4
7 14 22 -5 5 2 -8 1 17 0 3 17 17 1 22 -7
-8 7 4 -5 5 -11 -1 -11 -2 7 -17 -10 0 -2 -9 29
3 14 5 -14 9 -4 -3 19 10 1 -9 11 -14 -1 9 -19
-3 19 6 19 12 -17 -1 -16 16 4 12 -4 0 -6 16 -12
-10 -11 -18 12 -13 -1 -41 -5 18 2 12 6 0 -7 24 -15
11 2 12 11 7 -23 -10 2 12 -2 -2 11 3 -9 -8 3
3 8 -21 -9 -13 -21 9 -17 2 15 -15 -15 3 -18 -14 20
-15 5 9 6 6 11 16 12 23 -1 12 9 8 -18 11 -9
-6 1 18 13 -2 2 -4 4 -10 1 -3 -6 -10 -14 -6 -9
-11 0 -19 -10 15 -7 2 23 11 -24 5 -14 -3 4 -9 4
24 -4 8 5 -2 -12 6 2 3 -1 -24 -24 3 2 1 -2
-9 0 15 7 3 -10 -20 -14 1 4 -1 -3 -20 -1 3 13
-9 -18 9 -14 1 -12 -17 -4 -4 -16 3 -15 -2 24 -7 26
10 -16 -18 -25 2 4 -20 23 -7 1 11 -8 -1 4 -30 -15
13 8 -7 11 -13 -1 -11 0 5 6 -1 -27 15 28 -11 15
-12 -14 29 7 16 -5 9 23 11 -17 -8 14 -7 -13 12 20
4 -20 6 38 -21 -21 -11 -27 -3 24 4 10 5 6 -8 -25
4 12 0 3 2 -4 26 -4 -27 -17 1 -20 6 0 3 -28
-21 21 -19 -4 -6 9 -13 -21 -8 8 -20 -27 -16 14 9 21
29 -18 2 -7 4 -5 3 -20 3 -10 -8 15 20 -8 -10 -20
8 -11 -3 4 17 -24 14 14 11 -13 -11 -4 9 -5 16 7
27 -5 -11 10 -21 -16 -8 16 -3 21 -3 -12 9 -20 -4 1
5 3 -6 12 -17 -4 -6 6 -3 8 -6 17 4 -1 20 -17
0 12 -5 22 -6 0 6 11 20 7 -1 3 -5 -11 2 2
-3 26 5 -2 7 -5 19 -8 5 2 16 -11 -15 4 9 5
15 -1 14 -13 -14 -32 8 1 -12 -3 -29 4 -10 -17 -9 10
-7 -2 1 5 -9 6 -1 13 -4 11 -2 0 5 22 -17 5
1 32 0 -20 -17 1 -9 -5 8 13 -8 -2 14 -25 11 -15
-15 -13 7 -14 -15 3 7 -5 -18 -7 7 -4 -4 10 17 6
7 -20 -25 8 27 22 -2 5 -15 8 -18 -7 -26 -15 -7 -1
-1 5 10 11 2 -11 2 -9 6 4 0 -7 -1 0 9 6
28 23 2 -14 -15 -7 -1 -5 1 -3 -17 -14 12 6 -5 6
3 12 -24 1 -9 -18 -11 -1 1 7 14 -19 0 -11 -3 4
4 5 7 6 -15 7 7 -19 13 -8 -6 12 2 19 -9 29
4 2 1 14 1 -17 -8 -5 -10 -2 2 17 -5 -10 19 -4
-8 -11 26 -11 -12 -3 3 -7 11 3 4 10 1 3 -12 -5
-6 11 -4 -6 -6 22 1 4 -17 -15 -2 -6 -7 3 -6 12
22 14 -17 -20 17 -6 -4 -2 4 4 -9 1 -30 -3 -1 -13
-20 -2 -15 9 0 -23 -2 -10 7 24 -8 -14 -7 -8 10 19
-25 -9 -27 -10 8 -9 32 10 3 19 -23 0 7 -24 -29 -5
