-19 -15 -7 -17 -9 -29 -6 -26 -5 -18 -2 -19 9 5 -17 -11
2 14 6 9 24 0 19 16 28 -4 7 -17 -1 28 15 -5
10 -7 21 21 9 -19 2 -5 23 11 8 -9 14 32 -1 18
5 -23 12 -11 11 -3 10 23 4 -8 5 4 23 3 -3 -6
-25 -6 -21 -3 7 11 -18 -8 6 -24 -5 -5 -10 -6 -8 12
14 28 9 16 23 32 3 3 13 -9 4 6 7 0 27 20
22 16 5 20 11 27 31 0 25 23 8 5 0 16 18 2
19 4 10 26 25 10 33 27 -14 20 -3 34 19 10 -17 16
-39 -9 -10 -11 1 -28 -16 -29 -4 -18 -18 2 -14 -18 -6 -9
-21 -14 -26 -24 -21 -42 -7 -1 25 -21 -27 11 10 -33 1 -14
-3 -12 -14 19 -3 -4 0 3 -12 2 -1 12 -38 -1 8 -14
-19 2 -24 -1 -10 13 -14 -26 -2 3 6 -3 -17 17 5 6
20 26 20 22 30 29 23 26 20 -2 28 7 32 30 20 26
-2 27 -9 11 19 15 17 14 8 24 -1 2 1 -4 18 -7
0 30 11 -4 5 12 6 -1 29 15 0 34 19 22 4 13
-14 1 -18 -9 7 7 -8 -28 -1 -16 -20 -28 -21 -25 -4 -23
0 24 1 28 3 38 -22 19 -17 5 8 2 9 5 3 3
1 16 4 -4 3 13 -8 3 8 11 5 1 -8 9 -1 -13
37 16 8 13 25 40 10 30 18 16 29 -8 29 20 1 24
29 5 19 28 7 12 8 28 15 22 28 11 28 18 5 1
-5 -10 -7 -6 -16 3 -8 9 3 -3 -17 -9 -33 -65 -33 -6
10 21 1 15 -3 15 -5 -7 18 21 13 6 13 18 -2 5
-3 -1 14 -13 5 5 -8 -10 22 15 8 -6 6 -11 -3 2
-28 -17 -18 14 7 13 3 2 -19 -11 -5 -13 -31 -14 -30 -1
-45 -6 -19 -15 -25 -7 -36 -21 -24 -11 -13 -4 -34 -7 -15 -15
-28 7 1 21 5 9 -3 20 19 -1 15 17 14 4 19 -9
-24 -31 -23 -25 -29 -17 -11 -26 -31 -19 -22 -16 -10 -21 -17 -17
-30 -8 -4 -22 1 -9 -28 -18 -17 -15 -1 -1 -16 -10 -3 -47
-11 20 7 9 7 37 -4 0 -3 0 36 -30 13 2 -9 20
8 -35 -11 -7 -14 -22 -41 -34 -12 -26 -14 2 -21 -5 -9 -30
-2 0 8 14 20 9 9 28 14 0 -10 9 5 -3 -19 1
-6 -23 28 -33 -23 -22 -14 -15 14 14 -8 8 -2 -22 7 -17
16 16 2 -6 4 9 -2 -16 10 4 -7 26 11 -20 -9 -7
-6 6 23 20 3 -4 -11 -2 -6 18 13 -2 0 28 5 1
-32 -38 -8 -30 -15 -6 -7 -22 -1 -39 -22 -18 -22 -3 -18 -27
12 16 21 27 14 14 11 16 8 44 11 16 19 46 12 17
31 -8 26 -4 -15 12 9 -9 4 -2 8 20 4 -10 17 5
17 11 9 22 18 1 29 34 11 19 8 0 6 -1 25 22
-6 -13 -5 -7 2 -18 10 -21 -9 0 -8 -8 -18 -7 -5 5
-24 -1 4 -15 -24 2 -29 0 -20 0 -8 -13 -28 -5 6 -19
-1 16 9 -4 16 12 5 22 12 12 14 22 -6 0 9 -2
8 26 8 4 1 14 -9 -16 7 -12 1 -4 1 12 9 -13
-8 20 3 0 4 19 -8 8 1 2 -2 -2 -5 -17 4 8
-14 -11 5 -15 5 -21 -3 13 6 -4 8 7 -13 -6 -11 11
6 -21 -4 -11 6 10 6 -14 -5 -30 -34 -20 -21 -49 -25 -36
-14 -29 -1 -11 -9 -20 -6 -14 -29 -21 11 2 18 -28 -6 -1
-6 15 -18 -21 -11 -2 -1 7 -27 2 3 -2 0 6 -3 2
-5 -12 -10 -12 1 -14 1 -9 11 -4 -6 -21 -10 -9 -14 -13
-17 -14 -1 -5 -35 -19 -18 -31 -13 -22 -16 -24 1 -47 -19 -18
-10 -8 17 -11 17 5 -21 20 -5 5 -16 23 -10 5 -8 14
-4 6 -15 27 -1 25 -6 16 12 -1 -12 4 -5 0 0 -6
19 4 15 10 3 8 22 23 -2 9 5 1 26 10 1 -12
-20 13 7 -37 -27 -4 -31 -33 -27 -5 -8 9 5 0 2 -20
-21 7 -20 -9 5 2 -11 -3 12 -2 -10 -6 -30 -28 -7 -5
10 -4 0 -37 -10 1 0 -28 2 -5 -13 10 -19 -32 -1 9
-14 8 -29 -2 28 4 3 14 -8 -12 14 -22 -14 -9 -22 18
20 13 24 24 -18 12 2 -14 -13 -8 17 -6 4 7 4 3
0 -10 -33 -16 -19 -9 -24 -25 -20 -25 -20 -21 -29 -4 -15 -27
31 6 26 -11 5 -18 5 -12 1 28 19 20 15 4 11 17
-21 -6 -16 -18 -12 -16 -45 -21 -46 -12 -23 -19 -21 -23 5 -23
8 11 10 18 13 24 8 0 19 -4 -8 7 15 22 4 8
-13 0 2 2 12 11 16 5 10 -6 -10 -22 2 36 -2 -2
12 -4 3 19 11 4 -13 -39 2 -12 -5 2 -16 -27 5 0
11 7 -9 12 12 27 13 23 0 20 -3 23 11 -18 12 -31
