7 -17 -21 -9 -4 -23 -14 -11 3 15 4 10 17 -10 -4 -10
-11 18 27 -16 12 -3 4 -4 -11 9 -8 5 -15 -9 24 -22
-26 15 -6 2 14 13 -2 0 27 12 20 -12 11 16 22 -9
0 11 10 -6 10 -4 0 -6 3 19 -16 -10 -2 0 23 13
10 10 2 11 2 11 -24 10 -8 -2 -13 7 4 -3 -12 -8
-9 7 13 10 -13 4 12 0 17 -7 -18 0 0 -7 24 0
-13 16 18 -34 -8 9 -15 -16 21 -19 -6 12 13 -3 -12 -9
-25 -4 -16 0 -10 -9 2 -15 32 -19 3 1 3 -9 -10 8
-8 8 -6 -28 4 -12 9 -10 -14 5 -6 -7 -17 9 -1 -12
3 -3 -12 36 11 5 -7 1 7 -23 29 -4 8 0 -10 15
-6 0 -14 0 -28 40 -7 -3 26 -6 -1 8 -9 5 -12 -24
1 -6 15 6 -12 -1 3 19 -11 -17 3 11 3 -15 -16 -2
-9 -28 -4 -4 -6 6 20 -5 -26 10 -30 -16 -5 37 -1 -5
3 -30 -6 6 14 6 12 1 17 7 25 -21 -11 3 5 10
-15 -7 2 0 -15 -14 21 7 -22 -5 2 -4 13 0 -20 17
16 -1 18 7 9 -12 30 6 -25 4 -5 36 6 0 -34 3
2 -34 -19 21 -15 27 -13 -7 32 -5 -10 -4 5 11 2 9
-6 3 16 5 13 7 23 13 -27 0 -7 19 -21 -16 10 0
-41 -1 6 10 13 -24 26 20 4 -6 -1 -8 3 11 17 12
0 -27 -25 8 -5 6 5 4 -2 16 -20 -15 2 -3 -6 -7
-7 4 -10 15 31 16 -19 -6 4 -25 9 11 2 -12 14 -12
23 -10 -7 9 3 15 19 1 15 7 15 2 -5 -22 -18 26
-14 3 5 19 3 -9 12 10 -5 -26 5 33 9 -1 -8 4
-31 -16 -1 12 2 4 -2 -10 16 -23 -4 9 7 5 -13 -18
-16 5 -17 -20 -4 3 -5 -15 1 22 -9 -12 13 -8 -12 -2
13 2 20 2 -16 11 1 -18 18 24 8 -6 9 -19 13 9
-7 21 -6 -13 35 -26 -14 1 5 -5 -12 -4 6 0 -4 -8
-4 -1 18 16 -23 16 17 5 -9 14 -25 30 20 -33 -6 11
-11 -2 23 15 9 17 10 9 -21 -5 -6 -28 -14 12 -33 1
16 15 22 29 -1 12 5 -2 8 9 -11 25 2 -4 -13 3
1 18 -2 -3 8 -3 28 3 -14 0 -14 -14 3 19 4 8
12 -20 -7 -24 -4 -2 5 -4 2 -7 8 19 -17 -10 -21 -1
-14 -24 9 -7 -26 -4 -15 31 -33 -12 -1 -6 12 -9 -5 16
8 19 -8 14 8 -13 24 11 21 -7 -21 -4 -15 -29 -9 3
10 9 6 -22 35 3 -2 -22 -15 -13 8 2 16 12 11 9
-16 12 -4 -34 14 6 16 -9 17 0 8 -1 0 0 -5 3
2 3 6 15 4 -10 -15 11 -19 -3 17 0 -11 -5 -15 9
11 -14 -4 23 9 34 4 -5 0 -3 -14 3 -14 -1 14 2
-6 12 -13 -3 -2 -5 -10 13 -29 10 9 -8 4 4 0 -9
13 -13 -16 -13 1 13 -24 -11 10 -7 -19 -9 0 -34 -17 2
3 -11 23 10 -5 26 29 6 -18 5 4 -5 -5 -11 19 11
13 3 -19 -9 11 -4 -21 21 0 -10 12 -12 1 16 8 -4
-15 -7 -1 -10 -4 9 6 -7 -23 12 -26 -24 5 17 -10 11
33 -10 -16 6 10 2 -29 0 5 3 17 4 31 19 24 -2
-3 -10 28 7 -36 1 -18 -1 -15 -13 -31 4 8 3 -1 15
18 39 -15 -2 9 10 -3 -4 -2 -12 18 1 3 -11 -12 6
-3 -8 13 -14 -17 -11 10 -18 12 15 -11 -2 -2 5 7 8
22 0 -5 11 4 8 -8 11 3 -8 12 16 -1 -7 -17 -1
9 9 -8 1 3 -7 -20 -17 -29 2 -5 -15 -6 -4 -14 20
9 -8 -9 4 -23 -18 16 -11 20 3 -4 0 10 1 5 18
-5 -38 -13 21 -24 -1 -11 -8 36 21 0 -5 33 12 26 -4
19 15 2 5 4 -13 13 -10 -15 25 -3 7 -27 13 -1 12
8 6 -20 -19 -14 -3 -4 13 1 10 -3 -18 9 -1 -4 -19
20 27 7 18 10 7 -14 -1 14 -9 -2 25 -11 -2 22 -4
2 -14 5 1 17 -12 -3 23 -34 -36 6 -3 2 -3 -24 -8
-4 -21 -2 2 13 -3 19 -2 5 -10 -4 2 13 -8 26 -3
-22 15 16 3 -17 -10 21 -2 14 -9 -5 -7 -16 -7 -17 14
-1 -13 0 3 -32 -1 5 15 12 4 -11 3 25 -13 6 12
-5 -3 13 -12 4 14 19 5 -26 19 2 -14 -2 17 -26 4
-19 -7 -12 6 -8 -3 -12 11 45 -18 3 -2 -13 15 7 -4
5 -1 2 -3 7 -9 -15 0 -13 5 -13 17 -2 18 12 -15
1 9 24 -9 10 -21 -27 -3 20 19 -9 -20 21 22 17 -21
9 15 13 7 4 15 0 -14 -36 -26 -9 32 -2 -8 5 5
-2 29 2 9 -9 8 5 -1 23 -18 -10 6 -2 18 -11 2
