-11 -31 -14 -15 -29 -28 -9 -21 -6 -18 -18 -26 -48 -25 -34 -7
6 16 22 9 20 -6 6 8 8 23 42 -8 7 -9 21 1
24 12 -8 -7 19 19 -1 -4 15 12 -11 -5 23 11 18 31
16 5 3 24 9 15 18 5 28 14 21 13 15 6 11 1
-22 -2 -2 -1 -14 -19 -7 15 -13 7 2 -10 -12 -18 -4 -22
10 15 19 -6 32 22 17 22 24 -7 24 30 23 15 16 25
-7 26 22 13 13 -8 15 35 -24 -2 -6 34 26 18 1 35
37 40 22 22 11 28 36 31 -8 1 25 32 48 26 9 6
-25 -33 -15 0 3 -17 3 -21 -2 0 9 -28 -33 -40 2 -1
-6 -3 -23 2 -14 -4 -23 -2 -4 -17 -22 -9 -17 -18 -14 -47
-3 -11 3 -7 -8 -1 -11 18 5 26 -10 10 6 6 -3 9
-5 -10 -10 33 -24 -11 6 -6 19 -7 11 -4 -1 23 -16 -3
24 32 21 8 37 7 34 15 24 39 24 58 9 39 38 25
14 -10 4 27 16 -1 -6 25 -15 -17 2 3 -1 7 12 8
13 19 36 21 43 26 8 -6 16 12 49 25 29 23 1 12
-23 -4 -2 -8 2 -27 -35 -4 -28 -25 -4 -39 -40 -6 -21 -28
9 45 20 31 22 27 37 18 20 6 17 43 15 36 -13 2
-8 -22 -7 -15 4 -13 -19 -7 8 -17 14 -18 15 10 -19 28
1 9 49 15 30 18 8 1 26 28 25 33 14 56 32 21
15 20 20 26 18 5 33 30 8 24 35 17 31 34 2 17
-20 -31 -15 -21 -41 -36 -18 -18 -50 -8 -31 1 -29 4 19 -26
15 -8 -8 8 18 -5 19 0 6 -6 23 -3 21 -38 2 13
-12 5 7 28 -9 7 1 20 -8 2 4 9 1 22 22 -20
2 6 -14 1 -33 -4 -15 -10 -16 0 -7 9 -9 23 -14 -5
-41 -37 -29 -23 -36 -41 -26 -34 -22 2 -47 -11 -38 -49 -21 -9
27 9 -3 13 12 24 21 11 52 26 44 19 37 11 8 12
-41 -44 -54 -29 -28 -20 -27 -32 -47 -9 -42 -32 -49 -19 -9 -35
-48 -22 -28 -10 -47 -27 -17 -25 -8 -16 -17 -12 -28 -19 -37 -32
-10 15 29 51 11 -1 17 23 16 1 17 -8 10 15 7 29
-15 -36 -19 1 -3 -3 -18 11 -3 11 -1 -15 -28 -31 -6 -21
13 10 -1 4 25 10 7 -9 15 5 -7 23 6 -3 14 39
-13 -9 4 -21 -13 -2 -2 4 2 -3 -16 -23 -28 -41 -18 4
16 16 34 -13 5 26 0 4 4 9 16 0 14 -13 6 -15
10 14 13 -3 16 -7 0 3 9 -18 22 -2 -11 11 17 10
-20 -74 -27 -36 -42 -41 -29 -17 -34 -23 -45 -35 -41 -14 -23 -35
40 26 49 36 39 31 25 27 28 17 25 20 30 36 34 22
34 11 18 8 12 22 18 33 27 20 22 -16 28 26 -2 31
1 14 31 -27 68 18 8 5 0 33 17 14 11 15 15 49
-15 -48 4 -15 5 8 -28 2 -8 9 26 -21 12 0 -15 7
-1 9 25 -9 -14 -16 10 -7 14 -2 -4 -10 -27 -7 9 -24
12 -7 31 11 12 18 10 31 5 9 8 22 16 3 27 9
4 -15 -19 11 -8 21 8 0 21 -27 -19 6 -18 -15 3 -19
4 -4 18 2 -6 20 -16 -13 11 -2 4 -6 3 6 -5 -8
7 0 -19 -26 -5 -6 0 -30 1 -10 10 2 -38 -16 -18 -11
-3 -24 10 -1 -44 -12 -7 -11 4 -26 12 3 -30 -5 -21 -21
-27 7 6 -18 -22 -15 -6 -3 9 5 -11 -18 -4 -13 -5 -19
-14 -9 4 -5 -17 -20 -1 11 -4 -27 -16 2 1 -9 -6 -15
-30 -6 -5 -20 -30 -9 -15 -24 -22 -23 -25 -28 -17 -23 -8 -41
23 -18 -16 -25 -30 -6 -17 -33 7 -16 1 -22 -13 -19 -38 -5
17 6 -13 -3 2 19 -7 7 17 29 -2 3 2 -15 22 6
24 11 20 6 4 36 13 4 11 21 12 26 44 41 -17 -19
18 -12 -3 21 -3 -8 -7 17 16 -5 -10 -3 1 3 25 8
9 -11 -26 -41 -30 -7 7 -17 2 10 -22 -21 -32 -29 0 -2
-18 -17 -22 5 -17 2 -33 -15 -37 -32 -7 -11 -30 3 -9 -30
6 -15 25 3 -29 16 -15 13 2 -2 3 -14 -23 -3 -2 -7
-32 -19 -15 -22 -1 -24 -35 -14 -23 -7 -29 -3 -43 11 -17 -29
-20 2 17 33 9 18 8 0 0 6 8 -6 -5 -24 -2 -10
-23 -24 -43 -29 -26 -29 -38 -22 -19 -18 -27 -40 -5 -36 -61 -20
6 0 27 28 -8 19 6 9 -14 -5 -21 16 17 18 11 -3
-13 -32 -36 -20 -15 -23 -26 -12 -19 -6 -39 -26 -42 -29 -18 -4
24 9 8 11 19 25 15 32 25 11 32 6 27 6 -2 36
11 15 -10 2 -8 18 -2 -11 -12 11 -8 18 4 15 -9 -3
-25 -11 15 -6 -15 3 -26 0 10 -14 -16 -14 -31 -2 7 -10
18 29 37 21 11 36 46 45 4 7 12 35 33 36 11 5
