-30 -34 -10 -22 -30 -28 -20 -21 -16 -16 -28 -30 -22 -13 -32 -36
-1 34 9 -17 11 26 5 -9 -10 20 -3 14 -3 -21 15 11
35 19 24 6 -6 26 21 11 -2 6 -1 12 6 28 12 0
25 20 29 22 -10 14 9 29 7 8 -15 20 14 20 11 13
-5 -3 -3 5 -12 -6 -3 -37 -3 -11 -11 -30 -21 -6 -15 -13
32 25 7 13 25 12 20 3 9 21 8 8 2 24 2 21
17 11 0 12 34 6 3 -8 0 5 12 4 1 -7 2 13
41 35 16 12 24 17 32 42 16 23 36 19 31 20 27 25
-7 -13 -24 -28 1 6 -21 -8 -16 5 -3 -16 -17 -1 -15 8
-38 -12 -1 -30 -10 -41 -22 -13 -37 -8 -38 -21 -25 -2 -24 -15
-12 -9 9 -9 -10 -4 -5 16 -7 -12 -2 -5 7 -2 5 9
5 -10 -18 15 -9 -5 -5 -16 5 4 2 -10 4 -14 -2 -9
16 45 43 22 13 37 41 42 34 30 44 45 47 33 29 34
7 -19 5 -9 14 -5 14 13 10 0 24 -1 6 -4 2 13
19 35 13 19 35 13 22 30 30 34 17 26 13 19 22 34
-24 -29 -18 -3 -9 -16 -21 -25 -31 -31 -11 -27 -35 -26 -32 -7
27 3 30 6 30 30 17 17 29 26 18 31 32 11 -1 14
9 0 -10 6 -3 -7 0 -25 -4 -14 2 2 16 -23 -19 15
30 29 36 23 3 34 39 14 8 0 15 49 28 35 33 26
13 24 29 17 23 32 24 26 49 21 20 52 53 16 35 22
-8 -23 -34 -8 -5 -37 -26 -19 -20 -19 -3 -18 -38 -21 -15 -13
-2 4 11 28 -15 3 -8 9 12 30 -6 16 -8 16 12 -13
16 31 -2 -3 14 24 22 -8 10 3 4 9 7 11 6 11
-20 -15 -11 -19 -10 -30 -10 -16 -1 -19 3 -12 2 -29 1 0
-39 -45 -27 -52 -52 -31 -42 -44 -56 -30 -37 -34 -34 -29 -40 -42
31 33 4 14 18 24 30 12 14 11 -12 7 22 16 37 12
-30 -19 -22 -46 -39 -42 -23 -16 -48 -20 -3 -37 -55 -22 -25 -34
-15 -5 -11 -57 -30 -21 -23 -32 -17 -11 -33 -27 -38 -16 -20 -32
25 7 18 29 9 25 23 32 21 6 9 18 5 23 26 4
-24 -11 -29 -28 -14 -22 -26 -21 -29 -26 -11 -25 -11 -8 -6 -15
-1 8 4 0 15 13 14 16 -7 37 -4 29 8 26 10 7
-8 -4 -3 -25 7 9 -22 -8 0 8 -10 -27 -5 -6 -26 -20
17 -2 22 9 12 -5 2 5 19 15 32 14 -1 6 3 -5
5 30 16 2 -3 28 0 24 16 31 -10 19 15 10 -12 14
-33 -36 -37 -35 -40 -50 -31 -32 -51 -44 -45 -46 -30 -25 -37 -47
25 25 31 32 20 29 24 38 26 27 17 16 26 20 19 32
14 11 9 42 13 4 11 19 12 13 6 13 27 43 18 19
21 14 20 23 20 36 0 40 33 16 32 33 18 20 26 31
-16 8 -6 -1 -20 -35 5 -13 -23 -2 -11 -1 -1 -3 19 -7
-2 -19 -9 -15 -10 -7 -26 3 -9 -15 -9 -8 3 -3 -17 -2
19 -2 29 8 17 8 29 14 5 13 -11 9 8 9 6 1
5 -2 -8 1 -19 4 4 2 15 4 11 -9 4 5 -11 -18
-8 22 11 17 -5 -7 -10 17 -3 8 5 7 13 -23 -2 6
-9 -34 -6 0 10 -10 -23 9 4 9 8 -18 -19 -6 -6 -11
-21 -39 -27 -26 -4 -29 -15 -4 -17 -18 -19 -9 -2 11 -4 -7
-15 3 -23 2 1 -17 -24 2 -23 -3 -11 -8 -36 3 -2 -25
-3 -26 -17 -3 4 11 -7 -18 -9 -16 -21 1 -17 -5 -11 -12
-6 -40 -9 -46 5 -20 -14 -29 -28 -22 -36 -29 -22 -5 -24 -34
-17 -18 -8 -7 -10 -23 -10 -14 3 -13 -38 -7 15 -15 0 -25
4 2 5 26 1 -2 19 27 6 5 5 4 4 15 4 18
3 3 -2 21 29 16 2 -5 23 11 14 11 40 13 8 16
17 9 -9 14 6 11 8 17 6 -7 13 13 4 32 3 28
-14 -30 -25 -5 -14 -20 -13 -15 -29 -12 21 1 -9 -6 -24 -16
-7 -15 -3 -12 8 -15 -28 -26 -16 -6 -8 -27 -34 -30 -27 -1
-20 -19 1 -8 10 -25 14 -25 12 0 4 -8 0 1 -9 0
-18 -27 -6 -3 -35 -2 -22 -21 -36 -12 -14 -17 -46 -29 -26 1
-3 13 11 8 3 26 10 3 7 -3 5 7 20 12 10 18
-21 -46 -38 -31 -21 -13 -26 -28 -25 -36 -29 -16 -18 -19 -17 -9
-5 -21 37 -2 33 10 24 5 30 -11 -8 -3 -11 18 4 23
-2 -24 -11 -38 -14 -22 -24 -14 -20 -17 -2 -15 -31 -5 -19 -27
22 29 12 39 19 11 13 5 22 9 11 18 16 16 26 14
-4 11 6 -11 10 29 -7 1 -8 -24 15 -16 -3 -27 -3 10
-2 13 -3 -8 -9 -10 6 -7 -8 11 2 -20 -7 -21 2 -1
49 38 27 19 47 27 37 16 18 5 20 14 30 33 2 22
