-26 -14 -10 -12 -14 -13 -34 -6 -6 -25 1 -11 -16 -4 -50 -20
-17 -16 -32 19 27 48 -26 -5 15 6 17 -6 23 17 -32 31
-31 2 16 -35 10 15 -19 -24 1 14 9 -8 11 21 -6 16
-12 11 -3 17 -14 -11 1 10 19 -4 -35 -11 -10 -19 -5 5
-3 -36 2 -8 -11 -14 -2 -21 -21 -3 8 -18 0 5 -9 -11
36 25 10 -10 15 23 -4 14 3 -4 15 29 28 16 8 10
11 -1 -1 41 16 28 17 20 4 14 -18 18 8 9 31 3
2 5 40 51 12 19 28 -17 3 28 4 18 -7 -6 31 52
-12 6 -2 -3 17 -5 -27 12 8 -5 37 -17 -19 -14 -16 -8
16 6 -40 24 -23 -9 -3 9 -1 -16 -22 -4 -14 -47 -3 -37
-43 -21 5 4 9 51 7 17 15 14 23 -15 -34 1 22 18
25 -3 11 6 -2 3 2 21 -16 -9 22 -12 -9 -22 32 -24
13 22 -18 4 53 21 -15 13 2 40 33 -3 18 0 37 26
6 2 14 38 -1 -42 29 51 5 25 29 24 -9 35 -12 4
6 16 43 37 20 7 3 -7 21 30 24 16 -6 62 25 19
-4 -35 4 -33 -11 -17 0 -37 -8 -38 -22 -12 19 -3 11 -28
5 52 -1 29 0 63 0 -2 34 -2 24 20 -3 -3 27 -11
-11 -52 -18 -26 -28 -3 1 -30 -20 -20 6 -15 9 -8 -7 2
21 40 10 0 5 -16 -2 -15 48 -12 -20 16 58 39 22 15
2 31 2 31 -7 31 18 8 -18 40 24 0 37 -10 39 11
38 7 -22 -4 -6 20 20 -25 -7 -5 -8 -2 -21 -3 -25 -18
-3 -34 -16 25 19 12 -2 -4 1 -8 7 10 49 -3 -11 -3
-14 30 23 12 13 -3 37 -34 39 -12 -14 2 3 -25 36 46
-3 -18 -8 -24 -18 -23 -12 -11 -26 -16 -12 -1 -7 0 11 -22
-48 -16 -49 -15 1 -5 -49 6 -20 -7 42 -16 -44 -9 -44 -39
0 26 41 -3 10 40 -7 21 -5 19 36 -15 -3 9 4 38
-16 -17 -59 1 9 -16 -10 -38 17 -37 -20 -17 -7 -23 -36 -15
-57 -18 -13 -36 -42 -22 -64 -74 -29 -8 -8 -48 -43 -46 19 -7
9 19 14 -7 -4 -17 19 -4 10 5 22 24 43 14 -1 16
-16 -5 1 -19 -5 24 17 -20 8 -14 12 15 -54 -17 -29 -9
19 3 3 -2 41 13 -51 18 9 5 29 3 9 29 -20 22
-12 -4 -5 18 -23 31 23 3 31 -10 1 -41 -38 -22 6 8
10 14 0 29 -8 -17 -30 -34 -17 12 -9 18 29 -6 39 29
9 11 -3 19 10 34 -18 -27 35 -2 1 -46 11 7 -3 13
-22 -52 -26 -29 -5 -21 -32 0 -19 -20 -18 -6 -41 6 -54 -45
28 34 35 47 22 44 7 61 36 4 30 25 23 20 -20 -5
3 17 37 2 4 -13 34 29 -10 5 29 8 -6 31 18 1
31 -29 19 1 17 16 21 22 29 -26 34 16 22 38 -2 15
-19 -31 6 2 8 -26 -3 -21 -22 -4 8 8 -23 10 -22 1
10 16 -18 6 -10 8 15 -19 8 -8 -16 -2 -10 14 7 9
16 31 18 -23 -13 -4 -22 -10 -19 27 -13 28 10 7 -16 37
15 11 24 8 -5 2 13 16 -20 -3 -35 -1 -29 -42 47 -46
6 -2 6 -24 4 -11 -12 1 -17 -25 -14 7 -10 -15 28 3
27 -32 5 -4 0 30 -1 -5 -10 1 6 -6 -11 -4 -29 -12
-17 -8 -28 25 -68 -7 -28 -18 14 -15 -5 13 -11 4 -6 -24
-18 7 17 15 27 11 3 -44 -3 -8 5 15 -18 -16 -7 18
-1 22 -4 -6 -14 5 -6 -5 19 -6 -32 7 -9 -3 6 -2
13 6 -25 11 -27 -8 -4 -19 -12 -18 -17 -14 -3 4 1 -1
-22 -24 -21 -10 -42 -21 -19 7 -44 -11 -11 -2 -29 -26 -22 -21
14 44 25 -22 20 14 -2 11 -10 41 -12 5 -3 -6 35 7
-1 21 28 -4 -19 30 26 16 -5 30 -19 18 -47 33 -9 30
37 24 -6 12 20 10 -7 -7 19 24 17 -12 2 5 -4 6
-12 4 -2 -40 22 13 -9 3 -45 -10 30 17 -28 -10 -22 -20
-19 -35 -6 -36 -27 -37 19 -30 17 -55 -25 -12 -5 -8 -15 -15
13 15 12 1 -3 -40 -15 18 3 23 27 -16 -11 30 -13 -4
7 -19 14 -63 -3 -13 -21 -9 47 -16 -16 -4 -13 4 -1 -23
-23 22 20 17 13 21 -17 10 24 4 -11 11 19 -3 -4 7
-5 -9 -47 -12 -73 -19 4 -10 -3 -23 15 2 -32 -12 -11 -32
12 3 44 18 -15 -6 -24 35 -21 -9 13 24 -16 12 5 11
0 -13 6 -3 -37 -14 -12 -22 12 -29 -23 -15 -25 -16 20 -15
9 -18 -23 -27 0 2 9 10 -1 30 32 -2 3 23 28 0
-20 -3 1 -15 6 49 23 25 14 -4 -17 15 7 6 23 41
-14 13 3 -42 5 9 -33 -51 24 -16 -13 -29 -7 2 -53 5
35 24 10 30 -30 19 20 2 33 -37 24 -2 11 -19 54 21
