-14 -3 10 -11 3 -24 -33 -6 3 10 -19 -39 -6 -31 -48 -4
9 -4 -16 23 27 -5 24 3 -3 55 -11 -44 -11 10 -18 -46
7 -10 29 8 8 0 78 70 -8 48 54 -4 27 46 30 -1
-8 -15 -18 -8 0 45 28 31 40 -34 3 22 30 33 3 38
-48 -3 -18 -16 -13 -35 -24 -42 -1 -11 -28 -6 -15 -38 -19 -33
-2 -10 8 24 37 3 -20 18 -1 9 14 -12 1 44 -10 -18
-11 11 16 11 -7 11 35 5 -18 36 36 9 -3 29 -11 45
28 -5 54 33 44 49 19 2 -23 28 -3 42 -23 4 18 -17
-36 -47 -29 -37 -24 16 12 -49 -24 29 -59 -33 -27 -6 -31 -13
41 3 0 1 4 -19 -39 25 -27 -61 1 -19 -1 -21 -60 -21
-10 -48 -36 -11 7 -7 13 5 -4 -19 21 -11 -9 -26 28 27
15 15 -25 -24 -24 -42 -21 -12 41 12 9 -28 -15 -39 -17 -9
53 42 22 15 17 45 15 15 23 -1 2 14 38 37 61 10
-68 -25 24 -13 10 36 4 -8 -43 33 -1 19 14 27 23 10
26 28 -4 52 -43 6 59 10 28 42 33 30 13 29 31 7
-44 31 -15 -47 -4 -22 -15 -57 -55 -11 -16 -20 6 -44 9 5
37 5 71 18 67 -27 -2 -14 50 -2 12 -12 8 15 -17 14
-20 10 -9 -18 8 -7 -11 -9 -7 23 -8 25 -44 -40 -3 11
36 24 14 21 -7 25 12 -6 2 -4 48 23 38 37 64 0
9 23 34 8 57 23 9 19 10 27 8 -35 17 -16 68 24
-9 -16 3 -21 11 -4 -18 -1 -36 -36 -27 -13 -26 -11 8 -26
26 -12 -1 -10 -19 32 19 38 21 -21 4 0 34 7 9 51
60 1 24 -15 -31 51 10 14 9 -9 0 15 -41 0 25 11
-6 -27 -7 1 16 -34 13 -5 -45 7 -7 -40 11 -40 -42 -52
-26 -10 -61 -28 -43 -28 -75 -50 -49 -32 -28 -16 -42 -20 0 -36
13 1 43 -10 29 -42 21 26 18 17 -10 -20 -5 17 21 -29
29 -45 -55 -36 -33 -3 -22 0 -11 -28 -2 8 -4 -50 -15 -9
-24 -7 -36 -31 -24 9 -21 -31 -8 0 -29 -19 -13 -34 1 -48
5 -7 -1 -21 7 27 46 14 -25 51 43 -20 29 11 -2 4
20 14 13 -6 -10 -9 -51 -15 22 -46 3 14 5 -5 -30 9
-4 29 16 26 21 39 30 2 -6 -2 7 -4 -4 -3 1 -35
-58 1 -2 -13 3 4 11 -10 8 -24 -26 -16 -58 3 -34 2
26 -7 9 12 14 36 -1 6 5 13 -18 -5 16 12 12 -1
38 11 31 24 -7 1 39 -37 -7 15 12 -2 -7 25 9 38
-45 -28 -22 -41 -24 -48 -31 -56 8 14 -30 37 -25 -21 -32 -15
17 15 34 7 28 -12 4 -25 33 3 15 43 38 43 -14 23
34 -13 -9 7 -11 -9 -43 -6 0 11 17 40 12 -4 0 15
4 28 34 50 32 5 31 12 -31 7 33 35 3 31 54 28
21 -51 -18 3 -5 22 1 21 1 26 -34 -41 17 -44 -24 -11
-41 32 -10 14 6 0 11 -58 -32 -25 -17 -5 -3 33 17 2
-30 -5 -4 0 36 13 10 22 2 -4 -9 -36 47 30 -8 4
4 -38 19 -20 -1 1 6 0 60 -1 -35 -22 -28 11 4 19
18 5 1 16 20 -24 23 0 -13 -3 -26 6 -16 -27 -17 -30
-9 -31 11 8 7 2 -15 12 -2 -19 4 30 15 43 -5 4
-41 -15 -23 2 -12 6 16 -35 -17 28 -26 -6 -12 -14 -40 -6
40 10 29 1 -22 -6 -20 -35 -54 -1 -10 45 -19 -25 20 -28
0 6 -30 -9 14 18 0 3 14 -6 0 18 14 -21 -14 5
-38 13 -34 -25 4 -33 -11 -23 -22 -30 -29 -26 11 -20 -31 -7
-1 -13 -7 -14 4 -9 -2 -12 -9 15 -13 -24 10 -43 -31 17
10 -33 17 -29 -21 -3 11 52 29 -30 -11 -23 41 18 10 -7
4 19 70 63 48 -39 -31 8 25 -11 -6 -14 17 33 -25 6
15 -8 8 -6 11 31 38 -5 17 8 -5 30 16 -19 26 57
-24 -25 -5 -35 4 -14 -27 19 -3 -35 -23 -8 -9 -30 -5 -36
-38 24 16 -17 20 12 8 -9 -47 2 15 7 -21 1 -17 -26
-9 29 -18 -36 1 -9 -37 -3 10 -10 17 17 -24 -4 -27 18
-18 16 22 -31 -17 -33 -4 -28 -16 -77 -18 23 -12 12 18 -29
45 26 -3 -14 25 28 8 -12 -5 8 39 26 19 -5 -1 3
-52 17 -14 -35 -27 -33 -60 -6 -22 -70 -17 -16 -2 -18 -41 -28
-49 45 -23 13 8 21 -29 -29 -5 -11 42 30 54 -6 24 1
-17 -31 -53 -22 0 -29 -30 19 7 -15 -18 16 -57 -4 24 -23
31 8 14 29 7 3 31 16 45 25 9 17 27 11 11 9
43 -13 20 53 -11 -15 12 2 23 -6 32 31 -10 9 12 1
-15 8 4 -14 -3 9 25 -33 -3 9 -5 5 -19 12 -12 -9
40 40 62 43 47 35 26 22 1 0 20 -5 -6 48 38 31
