-11 -17 -7 -16 25 1 21 5 3 -26 32 34 6 -2 20 -6
-38 4 -46 -33 -4 -25 -17 55 23 -11 26 5 -17 -8 -29 -25
6 21 -38 -31 23 23 -16 -10 27 -15 -14 -9 -21 -2 -8 -31
-32 -10 -3 16 0 6 -13 -16 16 -22 -2 -1 -7 27 2 13
-25 -6 -1 40 -20 -31 25 33 10 36 40 37 -22 -8 -25 -40
22 17 -24 13 0 -7 -11 -1 26 -30 -6 -17 4 14 3 0
-20 20 -16 23 -19 -13 14 7 11 -1 16 -15 9 49 -32 -21
-3 -15 -2 -14 35 -44 -26 7 15 -21 -26 -8 -5 9 -3 -21
9 -53 -1 15 2 -19 -13 1 10 -3 43 -18 40 -6 21 35
-1 -10 8 25 -1 -40 34 -28 -2 1 -3 17 17 -5 -8 24
-43 -15 8 7 22 -39 55 6 32 62 -22 -4 -36 20 12 -31
-15 10 21 13 15 -13 8 9 -13 -17 8 -21 49 -10 6 58
-3 -25 -18 12 -41 10 -10 -2 15 -12 18 -16 11 18 13 -2
38 16 18 -36 -21 6 2 37 49 13 -1 5 -5 -19 29 -4
-4 33 5 -10 26 5 -13 -9 2 17 -20 -1 25 -41 -6 -6
-29 0 -6 21 -15 0 -4 59 0 8 51 7 7 -5 -26 25
3 2 -8 6 -6 -18 33 25 -20 10 1 62 -9 -41 -14 6
16 6 -2 -15 -14 -13 11 12 -3 -7 7 -8 -6 54 -13 -24
2 43 -28 -4 -10 37 -24 11 54 -39 -7 -4 11 -2 19 -11
16 -10 -20 -1 26 16 -10 -12 -5 -33 4 14 -35 -9 -28 0
-13 -26 46 -11 20 -19 1 -22 -27 11 -42 -7 19 -6 7 8
-17 -10 4 0 62 -13 -36 -8 10 15 -13 37 -17 13 -22 6
-4 -12 13 2 -5 29 -14 19 6 -18 -60 1 6 -42 -19 8
2 10 -8 13 8 -43 27 -1 17 18 -5 -16 13 -9 5 4
-1 -38 23 28 13 2 -10 -1 3 7 -3 -29 4 -6 36 15
-24 -8 -16 29 1 8 -19 -18 18 -16 -9 -19 -22 -27 45 -11
0 -9 4 3 -13 -7 10 -7 9 4 -9 11 -1 13 6 12
-12 -4 22 1 18 4 -6 -5 -3 -24 -14 14 -27 -6 -1 9
35 57 4 -18 -8 -22 -18 21 14 -22 3 18 -29 -5 -2 -29
-19 -17 41 -12 -10 42 42 -21 17 32 -15 3 40 -20 11 28
22 -20 -8 -18 -22 -18 -19 4 6 14 7 -49 -9 28 18 -20
-30 -66 14 -12 36 35 26 10 -10 8 26 3 24 -15 -34 -10
3 48 7 -7 -14 -12 -13 24 -14 -8 -33 40 5 6 -25 7
-3 25 6 -3 -11 -5 -17 1 -1 -15 -18 20 -4 9 -12 5
7 -40 7 2 -21 -2 0 19 15 -11 -9 -52 48 15 21 30
22 25 12 -25 -9 8 21 28 -17 -6 -3 -12 -3 -22 2 9
17 21 16 13 -29 -6 6 -10 -1 -21 9 20 0 0 4 -35
18 17 12 -4 6 -11 10 2 18 1 2 26 10 42 2 -41
-4 18 -54 -27 14 -17 -17 7 46 -14 0 -9 -16 22 37 -15
2 42 18 -2 1 4 3 -1 -35 33 44 14 9 -30 -22 24
15 -18 -21 -31 3 9 -7 30 27 -22 -39 6 -14 -15 42 -10
10 7 42 -16 -25 -6 -13 -11 -14 31 7 9 -33 -35 27 23
34 -3 -3 22 18 -16 -16 -19 -13 -15 -36 -22 -8 -15 -22 2
-18 8 18 -35 35 20 -23 -36 -14 34 32 -26 24 -7 9 -1
11 1 7 4 41 -2 11 -2 22 16 22 -2 -15 -21 18 11
-35 -39 -6 3 4 -16 -3 -30 50 -10 -12 6 48 -21 6 24
15 -8 -29 14 11 8 6 2 -14 -24 6 -7 12 -22 -10 23
-38 -15 -34 9 39 -12 4 4 8 31 13 -20 11 -19 -9 29
-17 -12 9 -33 44 -13 -3 -8 -27 -38 3 0 8 2 -11 33
-27 -11 -20 19 -13 29 -16 -21 -16 18 -20 -13 10 -21 27 17
-11 -35 -13 41 -3 9 28 -5 1 9 26 13 5 -33 15 4
0 -37 16 0 -20 17 -8 -25 -15 -11 -14 -12 -1 -52 -11 -6
-17 6 -5 -21 11 11 5 -2 9 57 3 -11 12 -31 8 26
31 11 -32 -7 13 -47 -10 -9 14 35 27 42 -6 -16 -24 -26
27 17 19 6 -40 41 9 50 24 -11 7 -40 25 20 -2 16
27 -8 9 48 -5 13 -9 -15 19 11 2 -46 -1 29 4 7
9 39 -5 4 29 41 -28 -10 20 -28 8 33 -33 9 -21 -8
-5 6 0 -3 -18 61 19 -10 -45 44 22 -25 1 -13 -11 34
-44 -25 -17 -14 26 30 25 51 26 12 -12 -33 -14 -22 8 6
6 18 57 -9 -5 6 9 5 -9 27 -26 -15 36 26 37 7
19 4 -36 7 11 -40 18 -3 -26 -5 -4 9 16 12 -33 2
-12 34 -1 23 -13 5 -9 -31 -4 -6 -23 -18 -5 -23 -10 8
0 -47 11 -24 -16 -2 -6 -3 17 13 -19 -9 -5 -32 -12 13
10 6 -14 0 -32 -7 2 48 -24 5 5 -3 12 -30 -23 -3
