-24 -18 -9 18 -11 -16 10 -37 -4 -9 -11 21 10 0 -9 17
-1 4 -29 -10 -10 -7 -11 -3 -2 -26 -23 -25 4 37 -11 -9
-16 -1 -11 34 13 -2 18 4 32 -10 25 9 27 -10 10 30
-22 -9 2 20 -20 27 -5 -14 40 -9 -14 12 -18 -6 8 -5
12 -3 1 3 -19 -4 12 20 3 1 -13 -35 22 18 -6 -1
26 14 -25 -19 -25 -4 -6 18 -12 -15 26 15 0 9 -5 11
38 -10 -22 6 -9 3 24 18 -3 -41 21 -13 -7 6 9 -12
-4 -38 -16 53 31 7 28 30 -19 -13 -2 27 -21 15 3 -8
-9 -50 0 -5 -31 -25 1 23 0 11 -24 -6 -6 5 4 -12
-4 -19 10 -17 -47 9 13 -6 19 23 3 -19 -30 7 -17 20
-2 -2 13 3 -22 -1 10 29 13 18 -4 34 6 -9 -32 12
-17 30 13 -18 -20 -24 -16 -12 -39 -22 -23 -22 -18 29 -2 -10
23 20 5 -1 26 -4 4 -2 18 30 -7 34 -10 -6 -7 5
-19 -22 7 16 23 16 47 -8 -15 9 -15 51 -10 6 3 -5
-8 46 5 20 -5 1 43 27 4 43 10 7 -36 24 -4 13
9 -17 6 -7 -1 7 18 -4 0 19 -46 -8 -6 17 -15 -16
46 12 7 -21 40 3 14 -5 11 22 27 14 -16 17 -2 15
7 4 1 -8 -4 -18 -6 0 3 -19 -15 -1 31 14 -35 12
5 37 -25 31 15 36 17 38 39 1 -19 24 -16 2 26 -3
-6 -18 -10 -14 20 18 -35 1 2 21 23 2 -4 -22 17 -28
22 -15 -4 -23 9 2 -26 3 4 10 11 0 0 -1 3 -42
-40 -42 -10 6 -19 19 5 -16 5 -7 12 15 4 -6 -1 15
7 -16 -9 -13 26 -15 0 9 -20 26 3 5 0 -25 -24 -8
-7 0 8 27 2 -13 17 13 -4 20 -33 -7 -19 26 12 6
-24 -13 3 -14 -63 -23 6 17 6 -38 -11 -5 -27 12 0 -19
-15 34 3 12 9 4 -23 6 -10 -18 4 18 20 3 -18 8
-18 -18 -4 -49 -6 4 25 21 12 17 3 -14 -20 -9 -41 5
-9 -20 -26 -10 7 -9 -1 -37 -27 -6 -9 -7 -17 11 -9 9
-13 10 -2 -6 40 -33 -8 -9 -23 13 -13 5 0 8 25 32
0 27 6 7 -9 6 12 -17 11 44 -14 19 20 0 -81 -2
22 -2 9 -9 8 -15 -5 17 29 15 -24 9 -12 24 -6 15
24 -31 18 5 -9 -16 -26 -8 -3 18 8 15 26 6 -23 2
15 -2 -6 -12 35 -10 -1 3 0 -17 17 5 33 -8 20 -22
7 -8 -20 -10 9 -12 -7 9 12 -4 8 5 26 -11 -3 46
-36 13 7 5 -12 -7 12 4 -4 -7 -32 9 9 -38 -16 7
25 28 -1 28 36 33 21 10 15 13 3 41 19 -14 -37 -10
-7 26 -5 -7 -9 0 -4 2 7 -8 12 -28 13 -5 5 20
-3 30 23 4 17 24 -29 14 24 48 2 27 23 -19 -43 17
-39 17 -4 -13 -44 11 22 7 21 -1 -22 -19 -12 11 -28 6
28 27 7 -1 4 0 -40 12 17 15 -13 -14 22 -26 -12 -36
-18 -24 -15 -16 -1 -9 11 -15 -4 23 -5 33 -9 15 4 -2
2 -12 4 -43 -2 28 -15 -29 -24 -66 19 -3 14 -31 38 -5
-1 15 3 -14 -14 -12 -30 13 -11 -4 -13 39 -22 -9 17 5
8 -10 2 19 7 42 2 -37 6 -6 20 15 19 -9 3 -20
-3 0 -14 14 -17 -4 -27 4 -46 -10 -7 -14 17 3 16 10
-5 -18 1 1 2 0 18 -3 -10 32 24 -2 -19 -3 -1 9
21 3 -15 -34 7 -17 -4 -31 -12 10 -2 1 -25 11 17 -2
-19 -11 22 -4 -34 -26 29 -9 9 29 -3 -18 2 29 -25 9
-60 20 12 -10 -5 -11 -46 -13 -8 0 9 -56 7 -7 -22 24
9 -7 3 10 -32 22 -5 20 17 24 20 20 -17 -22 13 -25
10 27 -19 26 13 -3 -27 -9 -2 4 5 10 -3 -9 7 -23
12 9 -6 -12 55 31 -6 14 2 23 22 9 18 -6 6 4
7 9 27 3 -34 -19 -19 5 -9 7 20 13 8 -34 -15 -14
-5 -35 26 3 6 -8 -6 -11 -5 -36 -13 -18 -11 -12 -11 -13
-6 26 9 -20 1 -3 4 12 -23 26 6 -37 12 -5 -5 -21
21 13 -3 -18 -4 13 25 -6 12 13 -19 3 -27 24 -2 -16
-4 3 8 -6 -2 -26 9 9 -27 -2 -3 11 14 5 0 4
-18 27 -1 13 -27 -54 -15 -34 -16 17 -5 -2 -7 -5 -6 -16
-7 -21 -16 14 -1 4 10 -11 -21 17 -2 9 -20 1 15 -22
15 -29 4 -17 10 17 4 -5 13 -14 -16 21 -1 -17 -24 8
-28 43 2 -15 13 -12 -2 -3 7 17 14 -15 0 7 -21 32
4 34 11 -10 -11 -5 8 20 19 -4 -29 6 -13 -9 -28 0
26 7 -16 -7 6 -12 7 12 -36 20 -1 0 30 17 -26 32
50 -14 29 -7 17 20 -26 -3 8 1 -1 9 -36 -31 7 -1
