-5 -7 20 -15 22 -1 -4 -11 -32 9 -23 -18 2 -17 3 -26
5 21 2 5 22 14 -8 -11 28 -24 -23 -16 -12 17 -9 -17
-28 31 15 -6 13 5 9 13 15 -4 9 5 14 14 -12 -22
19 26 5 -4 34 11 13 11 -7 -31 27 -13 3 -23 20 7
4 -22 -8 13 -2 -2 -18 -21 -4 -30 -15 14 8 23 -46 0
-12 -7 -21 9 -7 8 1 -27 35 4 18 26 23 35 -7 11
-6 17 -1 -10 -7 29 14 -2 13 -5 14 -7 20 13 18 11
0 37 -8 18 11 34 35 35 34 46 7 14 64 22 19 -7
23 12 -20 -30 16 -21 -39 -9 -2 -5 8 -34 -6 -13 -15 14
-40 7 -1 -29 2 11 -4 27 -11 -8 -10 -20 -1 13 -16 2
2 -14 -11 14 -20 -18 4 -24 -2 29 6 11 14 19 -19 -18
26 -25 -5 12 -13 -12 -9 6 2 -9 -13 1 -23 -20 -10 -11
17 -4 14 -3 33 30 34 8 25 19 56 -2 -19 -5 10 15
2 17 13 -8 -10 -8 18 -6 -4 15 12 -26 10 -32 32 -3
13 8 1 31 23 45 6 -1 45 11 -27 36 -8 7 17 14
43 -28 -4 -30 22 -7 -7 -13 -5 29 5 -39 -12 -38 1 5
6 -3 15 29 23 7 24 16 -10 25 11 6 24 38 -27 5
18 -7 -25 15 -20 -2 -14 -26 22 -34 -5 13 -26 4 11 -8
-6 7 -16 1 16 37 46 3 39 12 17 21 12 4 11 -11
6 -4 20 -13 5 2 -3 26 -9 18 37 17 -7 21 6 7
-33 22 -20 0 -30 -10 -8 -23 1 -12 -13 9 -19 -17 -1 -23
13 55 1 10 13 22 14 20 -41 19 9 1 -3 7 -25 15
-4 30 5 16 17 5 3 50 17 39 -6 53 2 26 15 -5
-19 -13 -2 -13 -24 -12 3 -31 17 -2 -29 -16 -8 -10 2 -12
-13 -24 -21 -17 -23 -33 -18 -20 -21 -39 -24 -34 -38 -23 3 -29
13 -17 18 38 20 4 29 24 52 -8 -17 14 -2 7 10 -3
-14 -13 -55 -10 -6 -14 -9 12 -22 -4 13 -6 -5 -10 -18 -7
9 -7 -27 17 -1 -43 1 -28 1 -8 -22 3 -11 -12 -42 -36
1 14 16 25 37 -8 22 11 -27 24 12 8 25 20 -7 4
3 -45 18 7 -8 -9 -2 20 -9 26 6 -29 -11 -21 -2 -1
-11 -15 17 30 -8 1 -7 5 -4 3 -24 10 -13 3 -6 -19
26 -7 18 5 -2 6 -22 9 -12 9 10 -17 15 -23 14 -5
3 45 0 -6 22 2 25 17 12 -20 19 38 12 -21 16 48
5 -38 11 2 50 12 -13 -14 -22 60 -7 -7 2 26 -15 3
21 -31 -29 -44 -10 -13 -24 -12 -27 -39 -1 -58 -18 -34 9 13
22 -11 31 23 23 13 27 7 5 21 -27 19 46 14 23 5
9 -31 -3 19 24 -28 11 8 -11 2 14 36 15 22 5 19
-8 26 2 13 -6 31 -11 -14 0 62 -2 11 23 3 20 12
5 -8 -16 -10 10 32 16 1 21 -34 14 16 -20 24 8 21
15 -27 22 -27 21 -5 -20 -3 -9 -5 0 -11 32 -17 -41 4
4 11 23 25 1 0 -5 -5 16 -4 23 -2 -28 -16 -11 5
14 3 -9 14 6 -21 -6 2 -9 -26 -12 -29 4 0 -22 23
11 19 -11 23 -4 -5 2 -12 34 -29 -25 7 -17 -4 18 19
-26 25 -3 9 1 8 10 -30 0 13 -3 -3 -5 -19 0 -48
9 4 13 -18 -5 20 25 -21 -14 18 18 -32 -18 -31 -29 -22
12 48 -21 17 -13 5 -26 0 -26 3 15 -14 -32 -19 -20 0
4 11 9 -7 -4 -3 -2 16 -23 -38 40 -16 -34 -10 -10 -6
-20 4 10 0 -19 9 -31 -27 10 -29 15 -40 -3 2 0 -12
1 -2 8 3 -5 1 -32 -20 -51 -42 -1 -24 -9 -50 -14 -6
-17 16 -1 -15 7 4 13 7 31 21 26 5 16 -7 21 41
4 -14 28 -2 3 17 -7 -25 20 -5 11 13 5 -26 -12 10
33 -5 6 20 27 -4 26 11 -3 9 6 2 -13 8 11 11
27 -6 -20 -17 -24 -29 21 25 -13 -6 31 -3 -13 -28 11 -7
-25 51 -54 -14 8 -16 -36 -9 4 -27 4 7 19 20 -45 2
-10 -35 -19 6 -2 -2 -13 4 -1 -22 24 40 3 1 11 23
-6 -12 -16 1 -30 -19 1 -2 6 4 10 -32 -13 -39 -11 -32
-8 -7 30 37 21 7 24 38 7 15 -1 -3 -13 33 -15 5
4 -9 -24 -50 -26 -24 -12 -12 -15 -25 -3 -5 -7 -44 -10 -37
0 5 34 -22 9 17 -1 -11 -2 -5 23 0 5 -9 21 4
-20 7 -15 -15 -35 -16 -4 18 0 0 16 7 11 0 -10 -47
-1 3 -38 8 -3 -6 -9 -20 -2 -41 -10 27 11 23 -1 20
-11 1 26 17 -20 10 -25 -28 36 -19 -19 -4 1 -8 21 18
18 15 -35 13 -21 -2 -6 -33 6 -26 -32 5 8 -13 -42 2
19 -4 11 -24 -1 17 17 20 12 7 27 10 -11 30 -2 11
