14 -1 30 43 41 18 34 9 47 33 24 32 53 15 47 36 20 34 8 43 35 29 54 28 32 42 54 20 17 64 43 41 30 37 46 31 39 28 45 23 35 55 44 19 51 23 27 29 19 45 19 45 45 40 55 35 43 25 48 17 -1 36 26 36 25 16 22 23 54 47 35 40 32 30 36 55 38 35 51 25 35 38 41 44 35 62 18 14 48 22 45 7 59 27 37 19 28 17 43 39 17 31 41 34 19 13 43 52 38 42 17 52 0 35 19 38 -6 25 18 25 20 33 41 21 5 54 30 36
25 16 38 38 60 42 34 28 61 49 43 37 40 50 36 54 23 55 38 33 63 63 44 51 31 50 52 30 43 53 60 35 47 37 41 41 43 47 21 26 44 45 47 62 74 43 50 37 14 24 32 37 44 59 38 45 11 40 15 52 28 50 27 52 8 23 39 7 44 37 59 46 53 31 52 30 30 56 13 46 31 49 57 25 54 41 74 22 44 31 57 40 13 40 43 37 31 52 18 32 42 53 34 33 51 39 46 32 39 38 10 39 47 60 39 32 29 50 25 49 42 47 32 29 30 28 28 30
25 40 36 49 37 30 25 48 53 71 54 35 54 60 48 86 23 52 41 62 33 23 36 72 51 43 61 52 39 56 33 74 31 52 66 54 49 44 46 28 41 25 36 36 25 9 48 62 26 54 33 41 28 92 63 40 44 44 33 60 32 26 36 44 38 41 49 40 55 46 10 33 43 49 72 47 55 49 12 53 71 34 42 52 36 68 45 61 24 20 22 13 66 52 53 32 17 52 49 29 21 55 43 55 49 66 56 36 48 68 30 47 55 70 8 62 55 42 27 49 23 28 54 37 52 18 59 28
36 42 37 98 52 40 28 54 65 67 40 51 59 55 64 50 65 69 41 76 69 79 51 73 49 38 51 71 76 51 45 68 74 40 50 53 55 37 34 63 53 39 57 78 60 39 47 56 43 50 33 50 95 72 65 54 58 59 35 29 78 59 65 40 49 22 55 36 69 77 49 59 34 46 51 72 58 33 45 28 47 37 43 57 54 56 44 48 57 43 73 35 53 77 29 48 72 67 72 59 55 60 72 68 48 40 58 50 24 82 51 55 66 51 37 34 33 36 54 66 71 52 45 41 38 71 55 37
38 37 41 69 30 32 37 39 36 27 51 46 49 39 52 48 35 62 38 55 71 56 21 61 42 28 60 41 52 61 42 47 36 22 33 51 22 62 50 39 25 33 58 49 45 35 15 8 42 -13 40 61 53 44 49 47 74 33 56 56 81 51 30 53 19 20 43 67 59 39 37 50 60 26 45 40 59 37 45 41 30 35 50 35 39 56 45 42 46 49 48 50 51 50 38 25 61 46 52 37 18 28 58 31 69 24 40 41 19 38 32 28 50 71 28 41 26 68 35 61 62 48 58 57 40 46 33 39
25 47 29 70 28 10 15 26 54 45 39 23 41 35 36 33 60 67 37 42 43 42 41 71 33 18 52 33 58 53 57 38 43 52 39 36 35 50 25 34 42 22 34 70 45 17 31 41 28 32 43 49 46 41 31 32 47 38 36 44 49 44 30 45 30 36 32 27 62 43 18 54 36 50 50 42 43 38 34 30 24 60 27 33 45 23 36 43 30 35 48 13 18 52 41 47 58 45 42 32 32 36 59 44 43 17 34 21 28 38 37 36 39 59 5 44 26 41 12 25 30 56 31 45 43 56 24 17
11 27 18 17 35 43 32 26 22 21 30 29 38 56 25 73 19 36 33 39 45 41 49 56 26 44 50 35 43 61 62 25 34 16 29 51 3 10 9 15 49 44 43 44 19 33 29 35 0 16 15 46 11 46 35 37 38 19 36 33 50 16 21 9 22 26 22 33 37 38 1 38 27 14 46 32 31 32 20 41 66 29 32 17 42 39 47 29 26 38 26 28 49 29 19 54 48 44 17 27 18 32 26 30 21 17 -1 4 59 49 57 55 35 43 14 17 29 40 30 7 4 28 20 19 36 1 56 11
40 61 64 54 44 37 70 65 41 48 57 42 51 68 46 66 74 75 45 70 67 59 61 64 56 55 60 30 54 92 79 79 37 58 74 58 43 62 40 38 83 67 56 54 67 43 59 22 41 44 59 45 58 36 66 70 58 62 21 36 35 59 57 64 41 50 14 63 64 35 52 69 70 47 58 53 64 41 59 43 64 54 57 42 44 65 51 36 77 60 60 57 58 66 56 70 45 82 54 59 47 30 65 35 62 10 44 43 59 65 36 65 40 66 45 57 30 62 40 41 71 50 70 28 41 65 31 69
38 27 66 78 35 22 44 48 60 71 65 51 37 59 60 38 53 38 40 51 43 57 57 75 45 45 74 58 53 53 29 41 45 45 55 27 27 28 57 61 33 42 49 66 65 59 46 56 83 21 38 26 46 55 45 71 42 59 33 55 45 46 56 26 38 38 50 33 65 51 18 60 40 33 50 68 69 56 43 34 56 38 60 52 37 49 41 60 41 55 37 27 54 78 63 37 54 59 59 59 24 28 64 64 67 37 41 53 49 52 28 68 45 62 30 22 17 44 29 70 50 56 37 34 42 74 52 25
26 13 11 35 36 0 27 30 54 18 30 46 19 34 41 37 16 24 10 18 40 37 42 38 15 21 26 38 24 53 69 33 25 22 35 18 20 24 40 1 39 14 42 36 19 19 33 30 24 44 25 27 34 25 27 34 21 36 27 31 15 53 40 16 20 19 18 26 39 36 23 24 36 9 40 51 37 19 12 40 47 36 30 50 32 32 30 -1 21 26 25 26 23 37 39 31 43 47 5 41 4 29 39 18 31 34 47 16 43 23 17 11 27 35 -3 23 26 29 14 40 30 30 19 17 21 30 40 26
20 29 22 37 16 29 37 31 21 22 43 21 34 34 28 10 19 50 33 28 38 36 42 49 12 28 27 14 31 29 27 30 17 25 -1 24 35 25 0 30 17 28 26 45 17 20 17 27 33 31 55 10 30 28 29 41 18 30 31 30 29 30 21 28 16 20 49 35 22 42 37 -1 28 33 11 30 11 28 24 22 43 17 54 25 22 29 25 35 33 41 17 25 26 32 8 42 19 20 49 27 25 38 19 -4 42 17 33 28 5 31 6 39 39 57 16 26 33 35 12 10 53 13 39 49 35 22 1 19
5 34 23 27 -13 -12 2 6 14 30 17 6 31 14 32 44 16 26 13 37 20 12 4 33 14 3 39 38 23 14 35 31 6 26 21 23 28 38 12 3 7 -3 15 27 6 -11 16 13 1 24 1 36 8 14 42 34 16 13 17 4 37 24 3 50 -13 1 37 28 25 15 12 29 11 31 31 16 17 24 28 22 19 19 -1 24 -3 27 26 12 19 -5 24 20 34 22 21 8 13 14 27 23 4 28 22 15 14 -9 16 20 11 35 36 23 21 41 -18 14 8 -15 6 25 18 26 33 15 9 16 16 16
29 13 33 44 16 8 28 26 39 34 58 30 53 16 56 52 23 22 7 37 37 30 58 49 30 29 62 38 24 45 11 18 37 44 39 31 32 30 21 32 28 8 20 42 44 1 21 47 59 37 38 21 41 32 32 48 26 52 34 30 44 36 34 17 39 18 45 29 49 24 23 21 20 22 39 55 31 11 24 6 40 43 34 38 8 39 33 42 17 38 11 17 56 41 47 20 40 27 57 26 20 15 26 51 50 23 38 36 25 38 39 58 35 45 30 41 13 32 19 48 23 24 57 33 26 48 28 34
33 23 38 25 26 13 23 41 4 13 6 -10 26 7 15 8 26 50 4 31 22 25 45 54 20 25 35 20 13 18 37 38 23 29 22 53 16 27 21 38 25 33 26 31 39 40 21 17 23 27 16 31 21 10 27 39 25 27 -1 -4 13 31 20 24 23 17 1 27 3 2 7 28 20 14 38 19 36 31 35 16 34 26 35 20 20 24 43 20 32 24 42 39 25 46 41 39 27 47 25 40 19 27 40 16 40 3 46 21 13 48 23 42 22 28 8 38 29 31 27 11 47 24 24 3 15 25 12 19
49 35 28 62 26 50 41 49 62 26 41 49 37 60 53 74 54 68 42 42 78 72 58 74 46 55 72 63 46 57 70 36 40 31 44 48 15 37 33 47 52 29 56 50 76 59 37 36 25 38 36 32 37 41 33 38 46 41 45 48 40 38 31 31 55 35 54 31 62 67 24 49 51 24 66 53 76 36 46 61 57 44 46 46 70 64 38 30 36 58 69 56 32 60 75 68 51 71 50 47 34 54 61 44 52 46 44 19 51 45 38 61 43 69 27 57 21 68 47 40 27 64 38 59 50 34 29 21
34 44 39 53 42 28 47 26 49 27 42 35 34 38 41 38 21 40 39 43 48 39 43 55 48 11 48 37 23 61 36 36 40 49 45 34 32 51 29 8 34 38 29 50 46 16 46 31 43 29 39 15 49 57 40 40 65 29 39 47 21 48 42 23 36 28 21 30 41 40 53 74 58 27 50 51 46 41 20 22 56 65 51 50 49 57 19 11 49 35 37 26 49 37 56 39 56 47 40 54 20 17 50 33 59 44 40 44 48 35 69 48 44 51 33 35 28 24 27 56 42 29 45 45 46 36 62 23
42 66 60 66 43 30 25 49 43 34 26 43 37 35 63 38 57 29 40 50 60 64 52 69 33 32 45 54 40 74 40 24 55 44 38 50 18 50 54 38 58 31 53 56 51 27 41 34 39 32 42 45 47 61 58 79 64 39 55 49 42 45 42 42 12 15 59 52 34 60 47 60 49 31 49 67 60 64 48 71 54 59 49 59 38 62 51 33 38 35 48 44 57 57 48 49 32 68 44 67 49 44 34 47 44 22 33 29 57 60 19 44 44 55 32 47 31 57 44 58 47 51 28 29 45 38 39 38
26 41 39 40 22 42 42 39 47 47 47 55 39 49 64 63 26 34 37 60 42 49 34 37 64 40 29 42 38 59 41 50 50 51 56 61 31 29 44 42 20 26 66 49 47 15 38 34 31 9 33 47 54 80 49 40 58 50 10 47 22 48 40 31 55 23 36 38 59 16 48 57 49 55 28 28 39 28 16 47 47 23 49 49 43 49 39 43 44 41 38 25 46 37 31 42 17 48 32 55 34 33 54 51 48 43 61 32 40 47 34 31 48 32 29 14 33 35 25 69 34 32 50 18 30 48 75 25
31 35 46 37 19 36 41 10 38 23 22 33 38 32 55 36 22 14 30 34 35 48 46 45 41 45 32 30 32 48 25 38 45 43 39 24 15 23 25 34 39 56 41 35 40 2 20 25 41 30 8 35 29 49 39 53 35 51 15 35 29 46 41 54 26 25 33 37 56 21 29 51 37 35 34 34 17 40 57 27 27 44 19 17 41 30 32 26 46 30 55 21 39 28 48 58 37 29 36 41 50 30 22 22 32 3 38 25 35 42 25 42 36 47 36 33 10 36 51 35 32 30 36 37 33 62 42 18
26 20 43 61 20 43 27 20 42 52 52 55 46 37 45 42 47 45 33 49 48 29 28 58 45 58 38 31 37 39 10 46 45 45 46 49 35 33 44 34 44 49 52 45 23 28 34 39 30 23 33 33 36 51 38 50 35 54 10 34 31 27 21 18 45 11 36 40 35 45 18 36 19 28 30 37 19 25 52 38 30 28 36 31 30 10 31 64 30 11 42 13 32 50 19 33 25 48 65 49 49 42 33 25 33 38 44 32 50 58 12 34 52 64 29 33 33 37 42 44 59 34 47 52 41 21 45 12
11 44 44 59 38 20 19 37 44 35 19 44 18 39 48 43 36 40 21 27 43 50 33 52 21 33 40 39 19 74 31 45 26 28 38 29 30 5 40 7 45 41 40 26 54 14 35 27 29 7 30 16 35 33 31 44 31 16 53 22 56 54 34 34 33 13 31 50 47 44 27 17 48 29 46 20 39 22 23 22 22 51 28 23 38 25 8 22 20 43 48 51 13 29 38 41 54 51 39 32 55 37 39 12 60 26 50 10 13 43 20 53 53 43 42 28 24 63 29 45 49 1 49 38 57 20 13 19
20 35 40 24 28 32 12 38 41 41 20 43 76 44 50 77 6 25 27 25 52 44 44 43 47 32 37 71 10 39 38 45 46 13 47 17 28 26 34 10 34 41 41 51 38 -1 42 37 20 32 30 25 42 45 44 44 42 38 32 24 39 64 34 27 19 12 49 18 39 22 50 23 35 31 52 27 14 48 35 37 30 32 33 38 36 20 42 17 17 47 57 32 29 28 37 46 33 31 34 23 63 31 39 19 34 47 41 34 35 34 4 44 65 45 30 28 25 34 46 44 14 17 32 44 40 32 34 40
15 15 2 59 11 25 32 35 36 13 35 12 23 26 36 20 50 41 20 29 42 52 21 43 9 22 32 27 36 40 48 48 18 43 18 23 38 45 25 7 39 15 30 64 32 19 42 2 38 31 22 23 30 32 39 23 3 45 34 40 40 41 34 30 16 33 28 30 17 39 62 46 23 24 20 27 24 33 49 21 29 21 37 17 33 34 31 7 31 26 21 32 41 68 9 42 57 41 66 21 25 41 25 11 39 15 30 34 18 54 17 34 15 31 19 44 -9 29 14 32 54 17 24 26 34 33 20 29
32 26 26 25 15 2 17 34 2 19 33 15 5 7 24 34 28 32 0 23 40 26 35 40 7 16 20 17 21 37 36 14 12 31 16 23 17 25 9 25 34 27 25 40 36 16 7 15 22 19 40 18 23 25 21 16 -7 30 9 21 24 24 20 18 14 32 2 21 31 41 13 17 20 22 10 37 33 17 7 -3 21 18 36 0 5 25 10 28 43 15 18 17 7 21 24 18 38 21 22 11 9 11 39 13 27 13 12 -3 8 46 28 36 14 27 16 -6 5 22 13 3 25 27 32 16 11 25 11 23
34 31 37 38 55 35 16 41 58 25 24 10 52 37 54 40 38 56 22 26 42 69 36 54 27 39 37 48 42 61 17 65 31 35 28 30 33 47 23 30 31 34 26 19 40 29 21 36 52 19 42 43 60 56 31 35 32 37 51 52 34 37 48 35 72 36 33 42 46 69 42 64 28 20 52 47 48 40 60 37 56 30 44 63 41 38 20 20 41 35 55 26 53 73 37 47 39 50 46 35 46 38 32 20 27 25 29 15 28 80 27 58 43 42 4 44 20 49 32 24 51 38 44 52 44 44 22 49
39 35 38 31 9 31 27 43 19 22 16 26 38 39 20 49 39 39 57 51 41 61 28 39 10 38 23 23 24 48 44 9 51 18 29 51 14 29 8 5 26 23 18 28 51 12 3 26 35 22 31 33 21 33 30 2 31 25 28 41 17 39 20 27 38 14 20 41 56 40 36 43 31 26 22 17 31 44 29 23 21 36 43 24 42 52 15 8 40 26 36 17 37 40 17 28 26 32 40 21 14 26 27 24 33 7 21 11 6 34 21 56 37 20 13 9 18 48 14 28 33 35 24 25 49 32 22 25
27 51 25 64 39 36 51 45 43 42 35 47 58 73 46 62 49 53 65 55 47 40 39 58 41 55 63 43 64 48 56 52 65 52 47 62 35 50 36 29 54 25 56 49 39 45 41 50 26 41 21 64 51 80 41 52 31 58 33 50 48 47 51 43 56 31 28 22 42 70 16 39 53 37 58 68 70 54 32 31 42 45 56 28 41 49 54 40 44 17 50 38 65 66 44 45 52 55 49 51 26 42 37 52 53 26 69 41 28 72 28 48 69 74 29 66 17 31 39 45 44 51 63 37 60 43 46 44
5 23 42 66 13 36 24 35 38 71 41 25 35 22 45 55 37 28 44 59 46 52 39 48 48 39 43 39 49 64 28 44 41 49 60 33 18 64 36 56 65 19 28 42 38 25 53 62 17 40 65 56 52 69 57 27 16 47 40 23 43 33 32 58 63 41 42 34 40 54 55 28 36 34 64 28 45 37 26 32 33 39 50 50 44 50 47 47 45 28 44 22 31 57 34 56 44 68 39 18 35 34 52 52 64 21 39 38 29 61 31 41 35 59 24 28 16 52 32 41 47 37 65 32 28 48 44 23
26 39 38 86 21 17 20 47 68 30 23 50 73 43 48 50 45 44 57 54 48 43 47 80 31 27 64 58 47 36 45 86 23 29 52 51 42 58 38 20 39 50 35 64 53 31 33 55 47 55 32 55 49 75 40 30 44 62 41 70 26 42 36 55 50 15 36 42 73 56 32 25 41 23 57 28 47 34 45 46 61 41 32 62 45 42 33 28 39 25 43 15 63 54 55 60 51 50 52 30 34 62 52 30 55 47 37 32 42 73 42 37 61 59 24 65 28 35 35 46 49 39 48 62 28 38 41 18
36 31 48 76 25 48 5 49 45 41 40 45 32 35 52 57 55 36 40 69 58 59 50 58 27 33 46 33 36 55 61 47 28 20 54 34 24 47 32 33 45 44 46 54 57 38 21 22 53 26 49 57 44 52 80 38 41 42 64 32 20 50 18 58 14 19 59 60 49 35 61 65 37 31 44 31 46 33 60 54 64 43 58 49 68 61 31 23 40 46 39 47 61 45 45 55 33 35 59 30 36 63 63 27 63 30 45 20 31 62 24 55 46 50 46 53 3 67 43 29 60 43 29 61 21 56 29 11
28 39 14 54 18 33 28 23 44 79 40 40 49 68 59 57 51 31 58 56 34 45 37 50 41 38 52 50 47 46 41 64 25 36 59 35 36 47 42 31 48 42 41 35 33 22 59 64 37 47 31 38 28 64 39 25 42 41 49 50 19 39 28 36 35 24 33 55 47 18 37 54 34 29 56 36 47 40 24 3 60 43 46 46 40 44 41 25 44 15 50 19 41 61 68 38 33 48 55 57 17 44 40 37 66 32 60 16 40 68 13 33 28 60 38 27 11 40 3 28 39 41 27 43 31 34 54 36
9 35 45 61 55 27 28 49 48 39 47 35 37 40 43 65 61 59 25 47 54 44 60 73 26 34 46 26 36 59 58 47 34 38 54 56 25 44 44 21 46 56 38 72 21 58 57 30 36 39 48 53 13 34 50 56 52 47 44 53 39 42 36 7 59 29 58 47 49 63 30 36 45 34 41 57 43 42 28 48 60 44 63 58 49 45 70 36 35 42 41 16 48 56 48 51 50 47 31 46 49 48 40 31 65 45 47 26 70 45 33 38 60 74 19 48 28 46 25 36 34 53 52 49 42 20 32 28
18 33 23 43 30 41 28 62 41 48 63 37 51 64 50 66 44 47 59 71 51 37 49 57 58 58 51 66 62 74 56 46 46 40 47 46 42 41 31 30 48 34 36 43 39 35 51 44 33 42 39 46 43 61 48 29 60 51 24 30 22 47 35 23 42 31 29 41 59 43 40 56 25 44 59 40 63 54 35 41 64 54 50 49 46 39 60 23 25 38 53 34 38 50 29 59 16 59 41 60 47 24 51 39 61 31 43 6 51 52 30 60 31 70 41 44 30 49 48 60 34 35 66 59 56 22 51 36
34 29 25 37 1 40 29 30 23 33 37 20 25 37 30 26 27 34 29 31 46 29 25 37 46 32 42 36 42 45 43 43 35 34 51 35 23 27 12 46 36 34 48 39 26 33 48 20 24 20 19 38 26 27 56 45 13 51 19 15 43 29 -1 44 27 4 37 42 26 26 16 23 61 31 47 31 63 30 40 34 29 43 24 15 20 17 8 17 51 10 24 7 13 31 45 61 31 40 49 27 16 50 47 35 33 -2 43 25 -4 39 10 24 13 65 25 36 18 26 3 28 21 37 47 25 23 18 37 31
30 34 52 34 4 31 47 44 48 37 44 26 57 23 50 28 22 51 34 47 61 22 56 40 60 17 49 63 42 50 45 40 38 50 45 53 44 41 46 36 50 38 31 34 37 2 22 32 45 34 25 40 38 32 29 39 47 50 40 27 22 48 19 49 29 9 28 47 43 42 34 30 29 55 34 53 42 17 40 31 37 42 35 41 18 50 13 34 45 42 55 23 39 16 18 42 30 26 68 46 41 36 55 42 30 25 42 9 17 30 50 45 51 72 33 36 3 50 26 27 21 45 70 43 40 41 36 45
39 45 30 44 31 31 14 53 44 42 41 54 64 46 52 33 35 40 33 56 34 64 35 53 40 36 47 40 59 58 48 45 42 43 47 62 53 26 47 34 37 33 65 42 47 7 57 46 32 32 57 23 35 63 45 32 33 57 34 56 25 61 40 53 25 21 16 31 48 29 94 55 17 9 40 43 35 8 38 26 43 29 60 42 40 38 58 26 40 41 33 49 48 46 50 52 33 50 43 35 19 21 38 44 47 33 47 51 24 45 42 61 47 38 34 44 23 31 35 46 42 40 38 39 37 60 29 37
-1 2 38 14 40 20 4 12 27 32 36 14 19 14 20 3 4 27 41 28 35 15 9 31 35 20 28 24 47 24 -2 35 18 14 19 42 16 16 10 23 18 6 12 18 23 17 26 30 19 27 3 -3 27 37 27 36 20 7 10 33 5 37 15 12 15 14 13 10 28 20 15 15 21 17 35 39 6 36 13 5 6 28 32 40 24 24 15 -8 9 17 35 17 -1 32 6 17 23 27 14 34 41 24 26 17 15 6 26 26 27 25 10 20 36 36 43 39 16 13 33 34 18 6 22 5 26 42 41 22
24 32 42 45 28 17 44 48 35 51 61 30 38 32 44 54 19 29 18 41 35 51 38 60 20 42 48 26 55 63 40 41 29 34 42 34 23 44 19 14 37 24 31 49 20 15 45 21 25 40 24 36 31 52 55 42 31 47 33 61 24 37 42 54 41 52 24 37 43 42 32 40 40 33 53 43 38 76 39 25 42 49 38 47 26 50 37 18 38 40 46 34 55 57 49 62 42 50 43 16 13 21 21 40 33 8 32 53 27 57 23 64 34 43 11 20 39 23 14 36 31 47 52 48 23 39 47 42
16 15 28 47 50 43 3 35 47 2 13 34 23 50 30 44 42 52 41 37 32 39 21 27 13 26 18 14 51 17 39 24 37 26 25 42 15 7 22 38 28 30 23 32 34 57 19 29 15 16 -13 47 38 48 40 23 46 43 33 14 58 50 32 9 40 42 16 43 49 22 25 26 32 18 34 32 22 32 34 9 31 22 34 16 46 33 14 32 25 22 35 17 33 53 23 42 61 13 31 42 18 67 40 19 27 17 40 29 5 60 44 19 41 37 19 44 23 35 41 26 33 38 34 17 31 48 28 0
38 62 48 57 46 47 26 46 46 29 36 41 65 47 65 70 40 58 45 66 56 52 58 67 52 73 58 44 61 34 63 42 48 37 53 68 34 59 25 41 55 46 60 49 51 54 32 33 23 12 47 47 32 68 70 79 50 63 22 34 61 62 44 41 49 27 38 36 47 53 35 60 37 17 61 43 51 30 59 46 66 44 35 49 12 31 67 49 41 61 93 49 57 61 66 77 47 55 42 54 49 50 26 38 34 27 33 58 64 81 57 28 78 70 12 74 39 60 38 44 64 46 34 49 42 34 49 11
44 18 51 52 25 54 61 42 26 21 37 5 46 41 54 53 28 61 33 39 67 34 45 51 48 82 54 37 25 66 30 53 45 38 35 51 30 52 29 41 53 42 48 46 62 26 24 21 47 13 50 26 43 61 34 61 33 39 29 33 46 31 46 26 58 14 54 42 51 37 37 36 62 28 65 42 48 57 47 44 43 49 72 23 39 54 31 59 42 54 38 26 45 48 39 51 36 63 62 42 38 43 29 29 47 16 43 15 43 60 26 43 55 73 27 49 37 42 37 45 40 33 60 30 56 45 47 43
26 11 28 47 23 19 25 34 20 37 49 42 27 20 30 14 39 23 14 41 19 35 24 34 18 24 37 27 4 53 27 32 33 38 54 34 27 24 27 25 40 41 27 53 36 10 43 13 15 22 23 28 31 25 56 37 40 31 15 19 4 25 24 16 21 25 39 40 33 25 38 40 21 19 32 30 23 1 25 56 43 29 27 43 8 39 34 24 15 22 24 22 45 45 14 28 5 35 43 24 16 15 40 40 38 15 60 30 24 33 18 30 29 36 20 51 -11 27 12 39 27 19 32 18 39 28 17 34
9 43 46 79 19 50 28 31 33 66 42 50 51 45 48 55 45 44 38 55 51 51 50 60 22 22 65 24 70 39 29 41 39 44 35 47 24 49 56 44 22 22 57 45 66 24 30 50 36 29 28 32 39 46 32 43 44 45 51 18 43 74 42 50 42 38 38 45 62 42 25 48 40 22 39 40 53 50 33 19 46 46 66 36 43 25 48 58 47 51 68 27 38 70 57 45 58 45 61 25 23 27 42 52 37 41 34 63 45 62 36 58 47 54 22 35 50 42 37 32 50 50 37 55 38 46 18 6
12 38 38 42 52 7 2 42 16 31 31 10 19 27 19 47 40 25 31 49 28 43 12 58 29 10 36 34 42 32 19 34 45 52 23 42 33 37 25 26 22 22 15 35 37 19 -1 35 30 12 35 38 59 50 40 35 37 33 39 49 30 36 38 17 14 40 17 24 41 23 32 38 39 31 20 49 66 35 23 48 33 38 33 42 44 33 23 10 25 26 33 51 32 28 32 44 32 45 21 34 32 39 32 16 34 22 26 28 22 40 28 28 52 31 24 41 17 55 52 32 41 27 30 24 25 33 32 44
39 43 44 37 43 25 31 26 44 28 34 34 45 36 41 43 37 48 28 55 62 54 58 70 29 37 42 32 53 35 25 51 42 32 41 42 33 46 31 21 28 40 45 46 50 29 26 39 44 34 45 9 43 55 27 22 28 42 42 57 40 33 28 26 20 16 20 21 48 56 38 50 56 26 24 65 45 50 36 22 41 21 53 24 30 35 28 22 44 33 43 31 26 33 52 25 59 54 41 32 38 46 45 27 34 30 43 23 44 56 32 57 33 53 32 15 23 36 8 38 30 38 37 41 18 29 36 46
20 12 46 51 11 17 35 17 43 55 44 44 39 48 46 51 62 41 51 48 54 47 21 57 33 29 43 41 40 56 59 38 38 33 31 53 12 62 43 34 31 12 33 58 64 33 32 31 36 27 37 42 41 52 33 39 12 27 43 45 24 54 20 37 42 29 34 37 53 58 31 32 38 47 50 30 51 35 24 51 28 46 31 41 48 37 45 3 34 35 29 20 43 45 50 42 28 52 38 22 23 48 51 41 34 27 42 28 37 26 25 28 41 54 7 42 21 64 27 48 29 44 36 23 41 48 35 33
13 5 41 46 33 5 16 32 25 57 35 35 33 6 37 48 34 9 42 55 49 45 21 61 23 14 53 14 31 22 24 19 25 32 36 51 26 25 31 24 47 32 42 46 25 36 28 35 2 28 30 36 12 40 32 50 35 34 13 38 34 29 29 34 15 -2 34 17 37 44 9 54 23 16 47 30 22 29 27 20 38 33 33 17 30 33 42 35 38 22 20 23 38 29 30 20 53 52 15 23 27 26 20 31 51 33 31 48 56 55 20 43 14 47 13 21 15 33 19 52 25 14 59 15 39 26 28 14
47 37 53 52 53 38 49 42 36 68 52 8 37 24 43 20 60 34 31 48 55 63 50 59 22 48 48 53 44 61 34 49 50 74 47 50 33 43 33 21 64 28 39 64 42 -2 32 15 54 28 33 30 37 46 51 59 37 32 44 57 37 32 14 42 79 22 28 35 67 38 25 57 53 59 33 45 56 52 35 47 38 44 38 46 32 49 29 32 25 27 68 23 20 28 45 41 24 19 50 33 59 58 56 36 66 26 54 24 26 48 41 32 49 62 28 56 1 41 27 24 34 38 49 44 50 56 32 48
30 40 50 59 26 53 23 41 56 55 49 35 49 61 42 44 53 64 36 35 74 43 40 63 28 37 56 63 49 55 33 40 50 46 35 31 41 39 21 66 32 32 31 60 49 37 28 23 48 15 22 53 44 42 30 63 41 42 65 29 42 59 39 43 44 33 31 26 71 49 43 59 24 33 50 30 39 25 30 36 48 55 44 29 41 36 56 41 54 30 35 39 43 35 29 44 54 20 43 79 44 76 59 24 53 15 56 21 18 82 56 31 54 73 29 64 31 34 35 50 33 58 38 40 46 33 39 34
19 30 45 45 17 32 57 33 48 37 24 37 52 31 50 31 38 14 35 41 54 36 11 26 60 32 49 42 53 44 12 35 42 62 40 55 35 43 44 42 40 3 39 24 51 13 50 45 22 22 32 35 31 63 35 27 34 30 36 37 35 63 40 34 52 35 22 22 58 52 45 40 58 32 70 39 71 34 38 32 46 65 37 28 27 19 37 39 64 27 34 18 48 47 43 63 34 62 61 40 33 12 31 38 53 35 23 66 43 57 19 52 23 61 32 49 32 32 38 46 26 34 44 13 44 26 30 36
30 29 33 29 31 9 12 17 14 15 36 26 50 24 31 27 30 29 12 23 56 44 24 44 -2 33 33 45 59 22 23 20 8 10 8 27 11 16 12 11 40 16 49 53 41 31 45 21 29 30 29 15 9 49 52 12 30 28 -10 9 18 35 27 0 42 28 18 13 32 41 26 46 13 10 51 35 36 24 21 42 54 42 32 24 46 30 37 11 15 24 6 15 13 41 45 0 46 26 2 33 15 33 40 36 47 44 22 7 46 40 16 38 20 35 15 37 13 -4 21 11 17 11 8 23 15 12 40 37
26 18 31 41 37 16 20 37 43 22 32 51 34 37 52 53 66 43 28 35 46 45 37 56 23 31 50 42 39 50 39 45 25 36 30 63 30 43 64 10 40 26 50 45 22 45 22 13 9 20 18 46 34 51 47 36 51 53 43 14 48 44 14 10 36 5 7 54 44 58 20 20 41 23 60 39 42 34 26 33 49 21 37 20 -4 29 19 33 39 29 25 17 48 40 58 17 46 45 15 32 19 19 52 32 16 21 59 7 32 54 36 31 50 43 -4 22 0 47 27 21 28 35 49 -10 29 42 58 29
44 17 28 43 15 69 49 43 31 42 38 44 28 41 52 67 45 37 22 32 75 44 58 74 35 42 55 35 40 51 39 45 41 52 30 45 23 33 12 33 39 41 50 50 67 47 45 29 41 40 21 9 25 55 38 46 37 36 33 26 62 46 30 27 27 19 24 43 28 55 35 37 48 28 36 32 54 41 42 34 66 25 50 12 42 47 37 14 18 58 27 28 58 53 52 44 50 57 50 41 35 9 48 19 35 35 49 31 42 64 25 68 50 48 27 37 5 50 26 52 57 15 27 30 36 17 36 41
33 55 67 33 33 37 18 53 43 20 39 46 12 51 67 57 57 47 36 33 66 42 25 62 37 35 49 37 55 76 31 55 15 10 44 34 22 34 31 25 41 39 57 49 43 42 42 27 49 -7 30 46 25 46 61 60 33 41 40 61 28 47 34 43 45 31 27 70 61 37 26 55 42 19 47 46 40 20 38 48 49 36 41 48 49 73 17 36 33 41 44 41 44 58 44 40 43 62 20 35 48 52 42 34 41 17 44 8 42 64 37 26 63 40 21 58 10 64 18 58 42 55 39 15 40 38 46 14
23 33 41 63 -1 50 39 61 35 39 24 44 45 15 53 33 32 50 24 71 59 44 34 55 37 11 49 38 47 54 34 31 37 28 37 53 26 39 -1 49 38 14 49 63 43 27 38 25 32 59 31 41 47 33 49 30 33 54 25 28 35 40 25 53 22 41 39 15 44 45 44 48 30 44 31 24 38 39 27 48 37 73 70 24 44 53 43 35 36 38 52 24 46 60 28 30 29 49 42 45 28 32 41 55 33 18 48 27 33 48 45 44 43 47 27 42 33 22 10 50 30 58 30 41 44 21 34 19
26 -1 15 18 18 26 21 28 27 24 10 47 6 45 34 18 50 13 28 1 11 15 3 32 24 29 19 16 17 30 17 40 29 8 32 29 18 40 39 21 10 -3 24 13 10 18 17 48 -15 -5 22 23 33 24 25 12 27 8 27 9 30 30 10 -1 21 16 -1 19 28 16 34 13 41 12 52 14 43 -5 20 39 48 34 22 28 25 -7 20 1 26 20 4 28 36 24 29 45 -13 64 6 26 13 10 33 28 21 2 27 12 18 52 1 22 41 29 30 19 27 23 56 33 19 22 15 2 34 40 21 17
36 46 44 64 35 41 31 55 61 76 63 66 55 58 57 82 52 29 39 68 57 54 52 88 41 40 69 54 69 72 64 49 60 63 64 71 48 69 49 44 45 38 55 83 36 58 62 63 34 49 49 63 46 72 70 73 45 73 56 55 61 82 67 43 44 45 68 44 68 77 59 56 47 51 75 59 70 41 56 45 66 78 57 36 43 40 59 29 70 76 34 40 68 57 56 61 42 62 61 52 50 54 43 48 50 49 65 48 37 82 47 61 69 58 41 38 36 48 59 78 42 62 58 25 24 69 49 39
21 38 37 43 34 41 53 46 29 45 37 47 56 46 51 47 45 47 34 41 60 38 53 50 40 40 49 46 51 63 41 67 57 41 59 31 39 45 31 23 55 33 48 38 34 21 52 46 15 20 39 57 19 46 33 49 45 55 37 29 48 49 30 41 46 17 23 28 42 31 39 60 31 28 29 21 33 49 50 36 42 38 39 39 48 44 41 46 27 28 59 26 49 59 26 48 38 60 55 39 47 40 33 46 53 17 35 43 66 80 25 48 51 60 27 62 31 46 69 28 18 40 41 31 53 51 33 -1
47 21 46 49 25 40 33 39 47 32 58 40 28 33 27 33 52 31 48 26 59 42 39 47 39 64 23 30 38 42 37 25 48 48 35 28 35 52 40 39 26 29 49 59 53 29 26 41 51 19 55 40 41 36 43 50 29 38 36 45 15 47 27 20 55 4 63 40 58 46 33 51 17 48 35 25 26 29 22 38 39 25 42 28 29 35 39 38 45 32 36 20 14 27 28 30 20 42 41 48 38 45 61 21 35 10 14 20 29 37 23 47 34 55 18 23 7 44 23 35 40 46 38 40 33 57 31 37
25 57 53 27 33 35 36 39 40 6 48 45 36 54 45 37 49 37 51 47 51 37 34 73 50 27 48 45 23 56 62 55 39 41 36 33 15 65 34 15 46 27 36 61 43 35 19 45 39 8 49 60 40 59 41 60 58 39 39 37 36 53 72 19 47 32 34 46 52 46 18 50 46 43 53 47 49 25 30 30 71 22 23 34 37 37 31 22 42 41 58 49 55 33 40 42 42 69 27 42 48 30 30 20 45 42 29 18 47 59 42 24 42 44 21 33 29 75 19 39 54 32 43 37 46 42 59 19
45 33 45 55 41 47 31 60 42 48 34 60 33 44 58 44 57 39 35 35 71 62 31 61 63 45 57 66 44 42 35 65 60 75 61 53 50 51 56 50 29 22 64 59 61 45 61 30 40 15 49 44 26 54 56 49 38 55 38 52 78 50 37 27 33 32 21 34 54 50 49 59 61 40 39 70 69 22 24 52 57 26 48 42 30 37 55 45 30 37 40 44 44 49 60 45 44 87 38 46 45 42 58 31 48 48 46 43 47 76 10 42 62 72 15 73 3 53 41 57 46 51 48 31 41 47 44 43
33 41 39 80 11 57 55 39 47 43 50 28 57 19 22 62 50 17 53 41 61 24 23 43 30 31 53 23 24 40 57 29 43 47 45 20 33 44 41 41 36 40 51 55 34 31 32 24 18 28 18 56 53 64 51 44 41 53 7 17 41 37 25 51 14 13 49 50 47 33 40 34 46 48 64 33 43 53 41 40 41 35 44 40 44 40 45 57 56 40 56 24 39 23 48 52 32 42 65 53 31 45 27 36 48 43 56 50 27 50 27 27 46 71 9 36 23 32 28 34 46 71 39 51 37 28 29 -11
16 32 42 43 25 21 36 53 35 35 14 20 41 48 29 27 53 52 29 55 50 43 31 48 22 29 40 33 53 49 27 33 24 33 34 35 36 27 28 35 25 3 26 44 26 19 60 33 32 24 17 21 42 42 33 36 37 19 27 52 36 43 24 46 52 45 14 20 68 57 17 38 34 35 50 35 37 32 25 44 30 46 47 42 44 45 30 39 35 18 34 6 33 49 21 17 43 37 5 37 7 24 37 60 31 27 38 33 46 38 25 31 34 51 13 68 30 13 5 49 26 35 48 35 38 17 23 32
25 30 18 73 35 25 20 43 48 29 44 39 36 26 69 35 52 32 18 43 40 41 30 52 33 19 59 62 52 51 34 47 20 42 46 44 38 30 31 48 17 22 49 65 52 27 31 35 28 -8 31 46 28 66 23 42 32 43 38 72 20 36 26 58 24 2 55 37 85 46 27 56 23 24 33 29 69 43 25 49 48 34 32 16 36 24 50 47 36 32 63 24 29 31 30 61 35 37 52 10 42 57 60 41 38 38 26 23 42 52 -4 41 24 62 26 52 13 36 46 37 18 43 54 61 49 45 -5 -7
