37 11 -10 9 15 5 30 31 33 24 31 43 19 18 35 5 44 6 10 10 25 25 24 12 36 -15 8 21 31 22 22 21 -1 30 15 36 34 21 32 4 34 34 23 1 7 28 21 13 17 -3 35 23 18 28 15 7 18 5 15 43 35 14 43 14 26 16 1 23 5 38 17 16 12 -7 37 8 38 13 18 20 46 54 30 9 22 -5 -3 -17 17 13 -8 25 16 25 23 17 43 29 17 22 2 7 10 7 6 29 24 34 14 34 1 29 -5 15 20 17 23 25 34 3 4 -14 2 11 13 19 25 25 17 35 11 10 10 11 9 41 6 27 21 3 37 36 30 27 36 -1 17 30 0 17 25 5 9 22 27 43 33 40 -3 7 2 24 29 39 -18 2 12 19 43 20 28 14 30 14 20 7 -7 30 -7 26 22 11 24 1 19 23 2 11 -1 29 33 11 1 0 25 14 28 -7 0 28 20 19 -5 29 29 29 8 -13 21 4 15 36 29 14 24 44 18 16 -12 37 14 32 30 35 28 11 28 36 30 20 16 5 13 37 -16 22 18 24 27 19 -1 30 26 -6 12 27 53 17 38 28 -3 25 27 29 25 10
41 13 38 1 40 15 14 27 -6 24 31 32 6 27 35 13 23 35 13 33 27 7 26 29 22 6 24 2 24 22 24 31 4 32 26 42 26 59 25 13 20 13 46 5 -5 21 36 32 28 44 49 3 15 17 36 -16 24 32 27 45 22 19 31 -4 21 12 6 12 40 26 27 24 0 -10 16 11 33 42 23 55 50 31 39 20 38 21 22 21 26 29 -4 5 20 42 34 20 28 22 15 6 24 15 36 3 31 -2 13 1 26 38 38 26 47 -9 15 24 35 21 29 23 21 -5 2 21 5 19 24 31 28 36 10 45 32 5 18 28 45 30 3 35 13 24 -4 -2 27 6 5 20 5 5 22 27 37 19 24 56 19 26 38 64 26 34 28 9 -5 23 39 28 22 24 34 0 37 7 22 8 15 -10 2 40 70 25 23 9 28 11 2 0 25 45 17 44 0 12 -6 28 52 10 18 4 5 -3 33 26 54 35 -14 19 -3 -5 37 33 12 23 3 10 11 0 9 12 29 18 35 19 16 -18 38 24 50 10 13 30 -7 17 1 5 24 11 22 35 33 22 12 8 11 18 19 49 32 14 16 19 45 48 15 22
15 -5 5 5 16 28 8 23 11 -4 51 20 36 25 15 10 55 22 53 28 37 23 0 21 13 13 8 24 30 36 32 35 -5 7 1 5 46 35 30 42 31 17 12 7 24 33 25 26 11 13 25 3 15 26 -2 2 18 2 2 39 10 28 11 21 24 22 35 30 34 8 42 30 1 9 8 16 7 13 24 28 42 20 39 12 9 43 2 -10 42 15 -3 20 4 25 13 8 27 35 19 20 11 32 5 2 6 34 25 50 19 19 19 17 11 27 26 30 21 22 10 22 4 -7 7 25 27 24 35 18 6 23 9 11 11 17 -5 6 24 13 -5 -3 -2 9 40 8 32 -8 -2 35 24 12 23 44 17 22 32 38 36 3 20 33 3 13 24 37 22 29 -7 27 2 29 34 35 6 23 39 -2 9 18 37 24 42 29 41 25 15 17 4 18 8 12 20 42 14 2 13 29 21 16 15 10 14 6 27 17 -15 2 17 -6 46 -5 3 34 23 26 -10 28 24 16 1 13 22 34 11 -5 15 27 47 42 31 30 18 32 -8 33 9 32 13 -18 16 48 38 15 5 12 26 43 -5 50 19 7 28 23 27 18 23 2
16 14 18 -1 32 34 33 40 0 7 36 33 34 15 17 13 36 15 8 12 29 14 16 55 18 16 -8 28 27 45 26 31 -7 22 22 23 34 29 29 6 -7 18 11 24 16 21 28 21 22 10 42 28 33 14 22 -19 12 22 19 48 20 9 26 1 28 19 11 21 13 29 16 21 24 11 3 -18 27 17 39 21 41 50 39 17 46 26 34 20 19 14 1 27 34 6 38 16 30 37 43 21 35 22 20 12 21 40 23 0 27 45 18 38 18 23 11 6 -7 54 20 23 10 44 16 16 25 6 8 18 26 -5 2 22 28 9 27 26 33 22 -6 51 12 9 26 19 24 8 13 21 28 20 34 28 22 50 29 50 27 21 35 9 22 41 27 43 6 22 42 11 13 20 31 11 39 16 30 19 -6 6 28 12 30 -8 6 26 11 7 18 10 -8 33 35 19 -2 -13 21 18 18 22 12 -1 15 -8 12 41 53 38 0 15 20 6 29 14 8 21 5 40 13 25 -8 11 30 31 8 13 14 -11 40 29 41 5 19 37 7 -2 23 6 -9 17 16 31 13 16 16 10 38 1 11 12 37 22 -15 22 13 16 6 14
-5 7 19 9 -12 27 24 24 -8 28 9 29 45 2 17 -3 26 6 9 18 19 39 33 37 -1 -3 23 9 33 27 32 27 16 32 25 52 26 45 28 0 18 26 9 25 6 27 -1 29 30 33 54 46 60 28 17 -1 50 26 7 33 20 24 47 18 30 27 32 32 33 32 36 20 17 2 18 9 18 32 20 22 55 31 44 21 32 18 34 15 29 15 -11 34 40 41 21 13 55 45 14 34 38 17 8 13 17 17 7 10 39 33 34 33 31 19 23 26 6 25 32 11 21 20 3 13 46 40 12 10 8 24 10 11 43 3 6 17 28 32 10 28 16 32 31 8 29 7 4 10 12 1 23 28 20 26 32 49 33 17 12 29 -7 23 25 37 31 24 29 30 35 14 26 12 23 12 27 31 12 3 17 5 34 40 13 17 5 -1 28 -25 16 31 21 47 1 -3 10 19 23 2 4 7 27 30 8 37 34 33 22 17 19 7 31 28 0 6 16 39 22 13 10 33 22 28 17 6 25 21 0 50 35 1 16 28 4 40 19 13 3 44 4 41 34 32 14 3 19 4 39 20 35 31 -23 14 34 6 37 28
37 4 11 -11 8 35 19 34 -3 15 34 32 23 16 21 25 33 29 22 14 27 29 11 31 10 8 33 13 40 36 42 40 2 30 20 30 40 20 50 9 6 7 12 12 7 18 7 1 32 6 39 24 36 32 0 -1 22 15 9 23 14 30 16 19 31 21 1 23 35 49 27 46 5 5 -6 9 39 27 -1 29 45 55 27 7 16 14 26 6 36 14 -9 17 33 31 37 22 38 23 42 39 29 14 15 -7 18 44 19 16 34 20 40 24 24 24 30 38 3 36 38 24 21 25 13 1 15 18 4 11 26 28 3 18 34 27 17 32 21 17 17 46 27 26 8 14 36 -4 15 19 29 -4 20 30 24 50 22 36 30 32 20 27 33 32 36 44 24 26 31 39 -1 18 18 25 17 -1 32 40 6 7 39 -2 42 14 34 5 -3 2 2 6 -3 20 20 36 16 -5 -2 19 30 1 16 8 15 12 16 7 38 45 0 35 27 1 28 20 -23 -6 -6 12 39 -4 15 -3 39 59 30 -2 11 -3 34 43 44 16 29 26 12 44 14 22 2 31 24 56 37 28 7 -3 41 17 21 7 30 27 -8 22 7 -5 29 7
35 30 17 -12 11 22 27 40 -6 15 33 41 30 15 47 15 25 26 51 18 6 34 24 27 11 6 10 22 41 31 32 33 11 21 23 4 25 34 35 10 21 23 24 20 26 39 12 38 -8 14 50 15 26 51 18 -10 40 28 10 33 9 4 28 34 13 32 12 12 46 33 22 37 1 16 27 22 47 32 25 22 47 5 58 25 38 19 17 -4 22 33 4 47 23 45 32 -8 48 29 20 29 23 14 2 8 17 8 18 33 60 19 28 22 25 20 16 18 34 29 29 29 27 1 0 0 52 9 34 25 14 10 9 12 16 29 15 31 49 31 13 20 13 43 29 15 36 -11 3 28 23 -5 5 36 10 3 17 42 36 9 21 37 22 6 37 42 -20 20 11 28 9 1 27 27 26 24 32 24 35 10 14 25 42 28 25 16 10 31 32 5 4 31 50 44 -3 4 8 18 31 19 35 19 9 10 26 36 -2 11 13 19 41 21 13 9 8 13 12 16 11 10 0 24 42 31 20 6 17 3 34 31 46 44 32 44 22 28 18 22 18 14 20 39 41 24 9 19 14 18 20 29 34 12 24 15 9 23 34 8
49 22 35 6 11 14 15 22 7 44 10 44 34 24 21 25 34 50 8 1 14 41 23 19 33 12 20 20 24 29 41 19 14 40 26 23 18 20 45 16 20 27 32 13 39 10 20 32 38 -7 41 34 43 45 10 -7 19 9 17 35 27 35 50 36 31 8 19 36 14 41 45 26 11 -14 8 32 52 24 27 30 38 50 33 -5 34 1 23 12 12 11 -4 13 31 18 14 3 16 31 26 31 47 6 28 -7 38 31 12 16 35 37 22 28 38 17 -6 2 24 39 9 -2 35 5 -3 5 25 30 11 30 3 42 14 8 18 -4 23 36 17 43 22 40 7 48 28 0 26 12 25 2 21 -1 -6 25 15 17 23 30 36 12 10 28 23 34 18 42 8 28 2 36 19 7 30 20 42 30 4 20 19 26 6 27 33 18 11 1 13 29 15 -1 13 31 23 25 -6 11 36 9 30 -16 11 11 -11 6 12 24 42 37 15 25 14 10 22 39 26 7 26 30 11 0 14 40 33 68 25 31 23 6 45 51 16 1 11 12 6 -8 -2 20 19 28 10 25 0 20 14 8 39 15 33 35 38 38 6 11 30 9 39 25
15 -9 10 11 21 20 35 27 17 -11 41 37 37 5 34 3 53 28 7 14 15 36 12 27 32 1 40 37 16 39 21 29 -17 16 -7 33 32 30 49 15 -13 18 16 7 10 21 30 4 22 -5 33 32 41 23 -2 -19 6 21 -15 21 18 26 33 27 48 30 -2 29 36 22 17 43 40 22 15 7 26 13 15 29 34 45 19 -8 30 10 21 22 21 3 3 20 8 28 23 19 34 57 48 19 43 33 2 31 21 26 13 1 6 19 22 52 32 43 9 28 -6 27 24 10 -1 22 -3 28 45 34 8 21 24 13 -10 24 43 16 -12 6 28 12 -2 6 24 18 14 43 13 10 -5 23 26 31 44 56 22 24 46 39 53 19 21 19 10 36 24 26 11 39 42 26 20 20 20 15 19 35 6 34 -3 8 27 10 31 36 27 19 42 3 8 2 -15 18 26 46 5 -2 20 38 9 9 -6 22 17 23 22 12 17 30 -6 15 23 5 17 22 17 -9 11 54 42 9 -4 20 24 31 19 5 6 16 43 54 39 34 14 35 3 21 -2 8 -7 33 11 24 21 14 18 23 26 9 15 32 25 29 -16 24 16 31 24 21
47 7 9 3 38 13 29 33 28 24 18 14 35 12 37 20 46 34 33 -4 9 27 19 33 37 12 29 35 28 41 34 37 -12 7 19 27 38 35 51 8 15 32 39 1 25 36 17 21 53 10 49 17 36 38 26 2 8 39 10 18 42 30 6 21 26 13 1 15 56 27 36 51 4 2 26 13 36 27 19 24 52 33 29 9 15 26 33 25 21 -10 26 42 22 35 32 11 19 24 19 17 43 14 23 9 25 22 22 25 23 17 34 28 29 9 28 12 46 5 29 25 28 3 11 7 22 26 31 2 8 20 25 67 36 6 41 16 35 15 4 16 4 29 14 18 36 5 24 46 43 9 15 45 45 2 17 52 18 32 48 22 13 12 39 45 3 14 33 28 14 20 34 23 38 22 39 22 4 18 28 23 35 34 32 29 27 15 23 12 2 35 17 44 13 7 27 48 34 10 1 10 13 21 27 21 26 31 -5 25 1 3 43 39 10 40 -1 43 19 11 24 34 28 21 48 20 3 8 18 42 41 37 22 9 6 16 23 25 27 4 39 29 49 53 14 16 22 14 23 37 37 23 3 28 17 25 26 18
34 16 29 10 4 21 14 8 12 26 28 21 21 0 26 26 23 37 -4 17 27 21 38 40 24 26 -3 13 47 15 63 30 26 25 31 49 11 20 24 13 19 11 -7 4 41 23 47 19 4 15 36 19 32 25 39 -1 44 4 37 38 -8 31 25 27 35 16 27 29 19 25 24 20 23 -10 18 -7 25 35 19 7 21 30 50 21 73 7 26 19 12 20 -12 16 27 22 10 -11 55 40 27 4 34 42 23 13 41 32 1 17 27 55 26 49 59 14 28 41 30 46 28 8 4 -3 19 26 9 -3 29 5 10 12 3 17 49 22 36 31 48 45 -14 21 5 0 31 32 14 7 10 17 28 -10 7 27 16 7 15 45 16 5 20 31 36 29 33 -3 37 16 14 17 29 18 31 8 46 21 0 39 43 19 18 22 7 -13 13 0 16 29 22 16 44 32 43 31 12 23 1 30 39 8 19 50 -4 -8 34 45 30 19 37 45 18 36 29 16 26 0 39 25 44 11 1 12 8 32 7 35 1 24 40 20 33 2 24 29 13 12 9 26 7 29 11 21 -7 43 17 14 31 2 32 28 15 39 15 2 25 38 34 8
26 16 22 11 12 35 33 30 11 23 42 12 41 23 24 9 42 -3 30 32 38 7 29 42 13 -7 4 5 34 33 26 27 17 16 11 7 40 30 58 14 43 33 1 22 28 27 0 17 14 24 40 22 31 28 8 19 17 2 24 39 9 13 16 38 19 4 44 36 6 22 55 27 5 -17 19 30 16 21 18 29 39 30 36 21 34 23 36 15 29 11 -13 40 32 27 3 26 44 31 38 31 17 32 17 -22 7 52 24 47 24 34 48 24 27 28 31 29 11 32 18 4 22 32 20 8 9 17 5 23 9 22 9 10 17 9 29 13 15 39 11 28 7 18 27 21 32 21 28 24 17 -10 14 25 22 20 14 46 48 24 25 15 4 36 49 43 23 10 -9 35 3 41 36 14 27 15 37 18 -9 14 24 -5 11 21 41 36 7 5 29 -14 3 36 7 16 -2 -8 32 32 21 -12 15 0 26 3 19 30 5 24 19 6 51 3 -4 20 7 20 2 25 22 26 4 16 43 40 2 15 39 24 30 47 22 7 8 20 24 22 28 8 23 10 26 47 32 7 14 5 25 31 24 35 44 32 6 39 21 5 16 27
22 -3 -9 18 3 12 32 21 13 -7 37 15 42 15 23 8 47 30 21 33 46 40 13 36 28 -2 26 27 27 15 40 39 -8 22 -8 32 32 15 30 15 23 37 25 25 15 38 19 8 18 -1 22 39 25 25 16 9 20 11 -6 45 33 8 17 5 31 13 14 35 35 28 25 40 7 16 33 2 13 19 19 27 45 31 36 -19 24 8 14 9 23 -3 3 29 7 26 19 34 50 32 38 23 16 17 15 14 13 42 19 26 14 38 25 48 12 34 37 51 6 16 20 13 14 18 -1 30 38 31 25 -7 22 14 6 7 40 14 -7 19 15 16 20 0 30 30 43 45 30 10 20 48 47 22 54 38 15 37 24 45 52 19 9 2 -14 32 22 55 18 19 19 20 43 25 38 13 24 31 16 37 17 4 31 2 18 10 19 5 38 -3 3 8 11 11 29 15 2 26 -3 40 15 13 18 27 33 10 25 16 13 15 20 1 34 13 15 28 12 33 20 52 14 10 6 10 24 39 28 15 8 12 36 45 24 29 -3 27 2 33 11 24 6 15 15 38 12 12 25 2 26 23 18 29 36 43 -6 35 23 11 18 2
48 39 13 4 4 29 25 26 -2 55 21 24 22 29 30 6 32 31 20 15 21 22 33 28 39 -18 20 14 45 21 10 26 23 16 35 31 39 41 64 11 34 16 -1 12 35 32 27 44 13 14 53 12 44 28 25 4 21 15 25 29 34 32 43 50 8 10 23 28 14 36 29 39 18 -18 3 22 39 50 38 26 43 19 41 31 36 16 38 15 22 15 -8 24 38 37 25 11 33 24 56 65 41 9 23 -22 27 49 15 12 34 50 40 23 41 15 11 2 13 48 20 11 57 32 7 -17 3 22 12 21 17 35 16 18 30 20 56 27 28 7 6 23 22 56 32 25 26 6 22 26 20 6 23 42 15 -6 2 35 22 19 25 19 47 42 31 41 20 18 5 36 29 21 32 15 47 18 0 28 21 9 21 11 39 13 3 23 -4 33 25 29 18 40 24 11 2 0 40 18 21 20 27 -2 -9 13 27 22 36 2 21 35 22 22 38 24 20 12 -6 25 18 19 10 24 58 50 12 29 27 30 29 39 32 9 16 31 11 -1 2 22 13 13 24 47 18 20 16 15 35 12 29 39 41 25 10 18 24 35 33 7
36 13 16 -11 31 12 17 56 6 27 25 27 12 13 38 17 38 20 31 -3 22 41 18 29 19 8 37 22 7 44 10 50 5 -7 30 19 43 45 39 9 14 36 22 6 28 19 16 13 8 9 56 30 49 35 11 -16 24 31 -11 34 48 13 25 19 25 50 8 36 38 34 18 45 -7 9 1 22 43 42 43 35 34 45 25 6 18 16 13 14 30 25 0 38 17 53 22 3 38 21 34 41 16 9 13 4 12 13 17 15 50 21 10 25 58 30 28 15 14 38 15 38 28 13 -2 -1 23 27 20 21 27 28 17 44 25 17 21 23 35 32 -7 11 21 31 20 4 27 -5 -1 22 23 8 19 31 28 33 9 36 31 15 25 42 14 16 18 32 -6 24 27 39 5 7 11 26 16 9 43 28 12 5 3 25 47 14 21 15 14 28 3 16 3 30 9 45 15 10 4 26 31 15 9 21 6 3 15 26 28 34 6 19 15 10 19 36 -5 7 2 18 8 -8 2 29 34 26 39 33 14 1 21 44 35 29 31 28 -10 26 4 52 14 26 27 50 39 26 19 13 25 8 16 27 19 38 -5 8 24 47 33 16
45 6 4 12 29 36 29 27 16 47 49 29 41 6 17 3 13 41 34 13 32 62 17 0 39 -3 13 27 48 41 38 38 2 11 25 33 37 19 47 2 12 9 15 28 15 37 14 20 43 3 34 43 33 45 3 1 20 26 2 20 18 4 32 21 23 38 34 30 42 45 49 5 20 -1 35 6 45 18 21 30 70 28 28 6 21 15 39 -2 40 -17 21 40 39 24 20 27 31 33 31 15 43 12 -1 -3 5 32 31 36 24 38 10 47 32 21 9 40 42 7 24 36 20 6 -2 22 28 24 36 11 -13 41 32 18 34 1 27 22 28 24 16 26 36 33 21 13 56 4 28 51 34 -2 41 16 31 13 51 30 24 10 32 -2 -3 14 42 49 8 23 27 29 23 35 41 29 11 37 21 17 31 11 34 33 27 43 18 14 12 7 12 12 8 47 17 53 3 -3 10 15 19 3 44 17 18 36 24 20 32 37 18 13 13 1 37 25 8 27 24 62 11 25 5 29 11 33 27 13 26 21 27 47 17 12 3 21 9 14 15 28 25 27 34 22 21 56 4 7 15 26 41 28 49 42 11 25 27 11 29 25
30 20 25 22 33 21 50 43 23 18 22 11 40 -6 38 5 41 2 47 15 29 33 18 22 14 8 8 9 20 28 3 23 -17 -1 16 44 46 18 34 13 3 9 14 38 4 32 10 24 21 7 59 24 20 42 -4 -6 7 14 -24 40 29 31 22 16 18 37 7 45 29 61 39 16 6 7 29 -1 35 29 21 22 25 27 16 2 33 12 30 20 33 2 -3 37 6 41 13 20 40 25 36 20 24 8 3 16 11 10 33 11 19 35 9 18 37 17 -2 1 18 39 28 25 21 17 3 5 31 10 25 16 27 26 16 21 46 27 9 25 15 26 4 26 14 31 15 12 31 14 -8 51 23 11 17 14 12 16 17 57 33 6 50 16 4 34 47 23 -24 16 5 25 0 18 18 16 25 11 22 9 4 12 13 1 26 36 28 28 10 7 23 5 -6 42 15 39 0 -32 20 33 21 9 -1 7 18 18 15 29 12 20 6 22 16 8 23 27 13 17 -13 35 27 6 3 6 44 53 21 26 -10 7 38 25 26 37 5 17 3 14 -1 11 6 16 25 20 23 9 34 3 27 13 48 36 19 18 -8 22 22 22 31 3
26 7 32 20 46 14 14 16 0 14 52 34 56 16 0 12 20 1 21 32 11 19 11 22 17 0 19 24 43 33 43 37 -15 24 -8 22 32 47 26 17 13 31 21 38 21 22 21 34 34 30 41 25 25 26 11 6 23 19 15 25 12 19 23 22 27 34 32 15 14 9 47 26 25 2 5 15 23 10 34 24 44 28 27 7 31 19 27 -8 22 19 21 15 47 25 27 4 20 21 21 7 18 29 22 -9 6 16 51 22 20 29 14 33 33 14 16 17 13 25 3 34 16 23 -13 30 17 25 36 39 6 28 13 21 30 -6 12 17 14 32 20 10 17 39 13 15 39 -18 19 23 -1 21 36 17 34 22 31 43 44 17 16 5 3 28 24 35 -1 38 14 27 20 5 26 17 18 35 15 6 20 4 28 46 56 19 46 36 1 15 6 -7 1 24 19 35 -26 2 7 27 25 11 15 -5 31 11 19 35 15 24 17 6 10 14 23 43 17 25 13 55 10 13 1 11 31 13 18 22 18 -4 26 34 25 27 27 17 14 12 28 13 27 22 10 24 27 22 2 3 25 32 -4 37 32 28 12 -2 49 17 22 34
25 26 31 7 27 28 24 28 3 45 48 29 27 16 37 2 21 23 34 31 37 23 18 29 15 13 40 20 45 14 41 28 -6 12 25 28 28 32 44 9 30 40 7 22 15 34 38 38 14 17 63 15 9 56 9 13 17 3 2 48 30 22 36 28 19 29 -7 36 15 43 36 13 23 -13 36 23 30 27 33 3 26 40 44 18 42 8 38 3 49 14 -2 18 55 32 23 15 32 31 35 40 16 18 17 -23 20 43 33 19 19 41 37 20 34 11 11 39 10 29 19 32 19 30 1 11 11 17 21 28 17 42 11 2 13 25 16 31 -1 33 25 29 31 37 19 17 40 7 20 21 4 30 34 16 38 34 37 36 41 31 22 1 13 35 49 57 6 27 18 33 12 26 34 8 30 35 11 38 24 14 -8 6 26 9 18 12 10 40 25 17 0 38 26 47 -24 9 7 20 8 14 -5 14 22 9 10 55 54 28 32 38 38 29 22 42 17 28 13 53 13 16 -11 9 58 50 41 43 41 2 28 49 18 6 28 27 15 29 23 8 19 30 12 31 9 33 32 23 24 34 49 -3 19 29 13 1 25 28 21 9
6 15 25 15 23 20 20 28 -6 -2 53 41 41 12 26 25 35 27 42 22 29 29 15 48 4 26 19 29 25 21 45 21 -1 20 12 23 50 40 16 31 1 12 14 30 21 20 30 26 18 21 37 8 29 16 22 -2 24 -3 16 38 13 26 31 30 30 24 15 32 15 26 39 35 19 -1 1 -10 12 21 38 23 15 40 13 25 43 18 29 -5 25 23 6 3 20 20 30 25 16 43 41 30 24 23 21 15 40 31 19 27 22 43 15 56 20 31 27 14 2 62 6 29 19 16 11 37 30 21 17 40 23 25 1 24 32 18 0 24 25 34 0 38 -16 12 44 16 6 3 13 23 13 39 29 23 31 27 33 49 51 20 23 25 15 13 30 28 13 42 10 28 9 10 1 30 13 43 18 14 9 24 10 7 26 11 22 22 19 18 -13 1 24 18 41 50 10 1 7 20 19 7 8 16 25 -5 19 33 27 0 37 22 19 18 5 32 21 26 -1 32 21 27 3 9 41 30 15 32 11 17 49 44 22 13 36 42 -1 14 31 15 14 16 -7 47 22 21 2 31 30 20 1 48 12 25 6 -8 38 40 30 1
10 13 7 -4 12 37 36 29 3 37 20 37 36 26 19 20 32 44 34 12 29 20 23 30 24 45 38 24 36 37 50 35 2 5 27 70 9 29 0 8 6 -1 19 23 31 50 21 19 22 2 39 50 34 40 8 3 24 33 16 36 18 8 35 40 32 29 9 13 44 26 28 13 0 12 2 16 30 42 30 23 30 27 37 2 40 26 24 17 17 12 -13 9 20 37 24 7 39 39 40 31 31 -27 11 3 18 21 4 8 54 49 27 11 31 5 11 12 24 0 24 23 23 0 16 -4 26 43 33 14 13 43 7 18 40 7 21 32 11 10 10 30 -3 22 22 11 24 -5 11 21 33 6 21 8 24 8 26 47 11 14 33 18 -4 25 14 26 14 22 50 21 10 11 6 28 27 21 6 20 34 4 16 23 10 -12 9 14 32 24 28 6 25 26 27 47 13 8 16 12 24 37 11 29 11 22 25 20 17 38 8 24 27 21 15 34 23 16 8 27 13 1 16 19 22 33 25 11 3 12 23 33 19 -13 21 39 -17 24 8 28 -11 19 15 53 18 48 23 22 22 9 27 25 32 40 -11 5 30 2 28 13
24 15 27 14 38 10 27 29 -4 11 36 16 31 32 25 31 48 30 55 47 43 32 26 28 8 36 34 20 36 31 32 35 12 2 13 43 21 43 -1 19 44 15 32 27 7 27 17 28 11 36 57 27 3 29 15 10 11 14 13 50 32 17 24 13 34 32 5 28 37 9 56 7 -14 3 12 17 20 39 17 24 31 39 37 11 30 32 51 15 24 15 -1 34 19 48 22 19 37 26 28 5 10 12 24 -1 16 17 24 37 34 42 27 30 51 7 17 33 22 23 11 18 14 23 18 23 25 14 32 28 21 31 4 33 35 -1 6 34 29 26 20 8 9 21 15 15 16 -5 12 41 24 16 29 15 25 44 15 45 35 27 27 22 6 44 11 39 8 34 38 26 10 30 37 19 22 7 11 14 -1 3 14 11 31 -1 41 21 38 9 16 18 24 23 33 43 -14 11 -4 22 23 41 9 24 27 11 25 40 35 6 -5 1 24 15 21 41 12 57 18 21 9 11 7 10 36 18 28 23 20 2 36 41 24 11 27 29 -12 39 26 13 12 18 22 57 33 17 11 -5 23 23 32 36 36 56 7 3 44 25 5 -2
32 4 14 12 11 6 13 32 22 31 33 15 32 -1 21 24 29 27 4 15 22 18 16 64 14 24 -10 25 17 9 17 10 7 23 47 20 28 30 31 13 29 28 18 9 23 -1 15 14 24 -8 39 48 44 32 26 -5 16 17 25 29 27 24 14 12 26 19 8 33 22 32 32 17 18 2 22 7 45 24 19 19 32 42 32 8 30 9 30 3 11 0 3 34 16 19 6 14 23 63 27 -5 17 15 10 -6 18 31 -8 -16 1 41 19 31 42 0 10 26 11 25 17 5 17 26 7 26 14 7 19 8 13 28 0 20 23 15 16 31 25 28 -1 34 -3 25 19 30 7 28 23 14 38 4 16 21 24 43 24 21 42 16 25 7 3 30 29 27 1 23 31 38 15 14 34 6 26 26 11 28 5 0 36 18 12 4 6 8 29 6 12 11 14 45 4 30 11 -8 6 45 20 -17 2 14 24 6 4 15 54 33 16 33 9 27 34 30 24 26 26 25 20 5 -1 17 22 25 10 30 7 2 34 36 32 -3 7 16 11 -5 6 16 -1 20 28 23 7 24 -10 3 19 9 36 16 38 33 6 24 38 23 58 6
46 0 12 12 -9 24 20 18 7 23 41 17 29 16 32 10 21 44 -7 26 40 33 17 28 24 23 18 17 56 18 58 39 25 22 16 29 36 35 29 4 1 19 24 6 35 26 33 18 7 1 35 49 35 40 25 -6 37 24 34 25 41 23 29 7 41 30 26 36 40 52 7 54 -11 3 18 -7 52 25 24 30 44 51 45 -21 37 27 23 9 14 37 0 22 22 15 37 12 42 44 38 30 39 17 23 -6 19 36 -3 21 26 42 22 40 25 32 25 28 24 12 29 11 -15 15 13 2 44 19 24 -2 9 28 0 25 32 32 13 45 37 37 14 39 14 32 27 28 26 8 16 34 19 12 16 32 9 32 28 39 29 21 12 18 4 20 28 39 19 6 33 45 22 21 43 9 32 40 19 50 24 15 26 26 43 10 -2 7 12 19 0 15 8 8 34 29 30 7 9 30 33 -2 -12 20 6 2 33 23 28 50 23 25 30 11 30 38 -1 3 18 28 19 -4 10 9 19 73 8 21 17 -1 38 44 54 6 32 24 -14 7 -5 22 -2 26 18 20 0 41 16 4 38 6 22 31 33 42 -28 6 35 21 27 18
35 16 8 -17 16 12 25 14 29 38 32 30 8 5 28 27 36 11 20 28 24 53 29 53 25 48 4 15 22 28 38 28 -3 -8 37 36 45 16 27 12 25 31 -7 15 25 20 35 11 30 -9 29 55 46 51 12 9 22 -9 15 45 45 41 33 16 28 31 16 23 34 31 30 38 -5 10 4 -2 47 38 28 11 39 48 50 -13 37 31 32 18 24 17 -3 27 35 37 19 1 34 55 44 47 7 11 5 1 0 15 14 10 37 50 8 40 46 25 8 15 24 45 22 18 15 4 4 25 24 10 22 19 23 23 -2 27 22 23 14 31 34 29 8 21 -6 25 34 26 30 4 16 31 49 24 -3 22 21 41 18 34 31 4 11 13 12 42 17 28 -3 32 45 16 24 -23 31 23 6 16 22 6 23 13 6 29 39 -4 8 5 21 -5 21 42 -9 28 12 34 9 -21 16 25 23 -2 -3 29 26 -2 8 18 42 11 15 26 24 19 31 30 29 8 26 26 19 12 -12 24 38 50 13 32 8 -1 35 16 60 10 39 38 -15 25 1 45 -14 10 24 34 -7 22 40 31 36 34 14 22 5 28 17 5 39 12 49 3
34 31 26 -4 11 8 7 13 -12 20 29 24 30 1 10 20 34 25 15 11 24 43 25 26 11 16 -6 25 34 34 35 34 14 15 23 34 29 34 32 4 12 21 20 18 28 40 16 27 15 16 23 32 40 39 12 1 65 24 23 46 17 7 40 24 39 23 23 30 24 53 30 40 12 9 6 10 56 31 21 36 39 41 48 8 38 45 29 7 10 25 0 29 30 29 4 5 38 18 12 19 20 13 22 11 10 11 23 11 43 58 23 37 56 19 14 36 27 19 29 3 17 24 8 20 26 9 10 17 20 27 1 -1 38 16 9 24 17 28 14 35 26 32 2 21 17 9 -1 -11 23 -6 22 16 13 32 14 37 17 13 -2 30 15 31 32 45 6 44 25 38 20 12 25 31 34 17 10 37 28 8 -2 29 49 18 27 19 9 11 23 4 13 23 35 26 -11 -17 0 27 17 2 19 14 23 16 41 34 31 40 -5 31 17 16 33 29 14 -2 19 34 24 3 25 5 21 43 6 8 4 -13 39 33 50 -1 28 34 14 -7 -7 19 26 16 21 21 12 10 24 7 40 12 26 38 25 37 -9 0 31 -1 38 18
13 14 8 12 10 24 7 43 -19 3 34 19 30 24 15 9 39 17 23 20 44 23 3 37 4 20 -2 18 27 34 36 23 1 29 38 6 55 29 20 27 22 15 18 33 20 24 20 29 16 -7 40 5 35 19 26 -7 32 34 -9 55 34 3 13 18 31 25 24 30 40 30 17 17 9 16 13 2 2 5 34 21 36 32 26 14 8 15 11 -12 24 19 -9 26 33 27 41 16 34 23 38 31 27 11 26 7 24 36 -2 12 36 30 24 8 14 18 36 26 16 49 18 35 7 13 -6 29 52 24 10 -6 18 36 12 30 6 13 11 15 34 36 19 23 10 17 28 2 32 -2 -1 20 20 9 19 41 16 40 23 40 30 -17 31 40 2 15 41 33 25 28 11 25 6 1 28 7 22 12 34 32 18 -1 21 18 27 16 14 38 3 15 1 17 3 24 21 19 10 5 -2 32 27 7 22 5 7 -12 14 24 25 20 11 12 35 14 28 19 11 21 -23 38 20 15 0 17 28 42 28 21 18 10 34 41 55 23 26 26 -13 7 16 3 10 -2 15 52 39 2 35 15 36 40 15 28 26 23 -9 29 17 27 33 11
33 -13 19 -3 -3 1 3 13 -4 29 45 23 27 15 24 21 25 32 23 37 35 21 -1 37 3 15 25 6 31 19 28 28 0 27 -1 37 50 23 18 38 21 35 5 11 18 28 14 24 22 21 35 13 53 30 12 -15 16 34 8 38 20 26 27 -5 39 20 28 42 13 39 23 54 14 21 8 8 16 28 13 17 48 52 51 5 17 17 35 -6 17 20 0 14 21 17 14 8 30 38 39 37 21 15 16 12 27 52 19 22 13 37 34 31 19 18 28 34 8 27 14 26 3 40 11 17 38 17 22 19 41 35 11 25 23 10 9 25 18 37 12 8 14 44 36 18 28 -10 8 28 24 27 44 28 32 53 21 38 13 7 10 28 13 39 28 49 8 41 39 35 20 29 46 25 26 32 38 10 19 26 29 19 39 4 46 23 16 1 -8 20 0 25 17 15 19 -5 6 20 32 -1 2 21 19 12 16 9 13 18 1 1 28 4 25 53 40 6 -1 31 24 9 -14 7 27 33 24 6 21 -7 47 46 54 13 17 34 -3 33 16 23 -5 29 18 50 21 35 24 32 28 42 4 23 10 13 -1 9 16 23 22 30
29 -16 3 -19 0 36 21 37 10 15 48 24 21 13 24 15 50 17 24 37 35 26 22 67 8 1 14 29 41 57 14 25 -3 -4 22 31 39 25 36 39 9 32 -1 7 19 47 22 11 29 3 32 13 51 28 2 20 6 4 3 32 26 10 10 16 28 28 8 18 31 13 37 42 -5 3 11 4 31 25 17 18 37 37 13 -1 31 35 22 8 41 -11 -4 42 22 35 24 16 43 43 21 31 24 38 6 -10 -4 38 23 35 10 29 20 43 41 12 25 38 17 32 15 21 20 0 6 16 21 20 14 -5 35 40 6 32 14 -7 16 7 26 24 9 21 4 0 18 10 31 -1 -3 24 48 0 17 29 31 29 17 15 27 22 23 26 18 36 25 34 15 13 19 29 8 11 20 35 13 9 45 15 -2 17 19 5 21 37 20 22 15 -1 2 5 1 20 -5 33 0 7 8 4 8 23 9 7 15 3 15 9 25 4 10 5 25 20 29 27 8 34 1 30 36 20 11 16 21 36 8 23 4 25 56 47 47 16 30 40 9 49 12 32 14 -2 31 40 33 31 22 7 47 39 10 31 7 33 -1 0 33 14 29 -21
23 7 11 -10 3 0 20 25 21 44 25 14 36 -6 15 4 50 9 17 17 14 19 15 50 13 5 19 25 31 16 -3 42 -4 4 34 47 27 31 31 13 3 33 10 2 18 33 12 17 14 28 48 32 46 3 -7 1 28 10 13 50 46 27 38 10 11 31 26 35 4 47 23 29 -9 -1 11 -3 45 53 14 29 26 43 22 -2 25 18 30 23 0 -2 2 38 21 15 2 16 33 54 23 24 30 19 8 11 10 48 48 27 20 42 10 21 63 17 7 16 28 37 19 12 13 7 19 9 11 -1 14 9 27 22 -6 17 35 10 -4 18 5 18 -7 13 20 20 20 6 10 27 -13 18 18 1 28 2 18 30 12 32 27 31 6 8 -1 23 23 27 -8 20 29 24 30 10 39 31 49 7 19 10 7 21 2 16 29 13 31 -1 7 -2 0 -9 5 31 11 39 6 -4 6 43 25 5 -18 30 32 28 20 36 24 7 10 12 18 1 35 50 16 6 14 21 31 9 -4 16 12 18 -6 28 1 -1 42 51 41 18 17 18 9 26 -3 18 15 24 28 13 3 34 25 12 24 1 30 29 13 25 -22 8 20 25 34 22
50 6 9 14 15 21 32 25 8 25 41 23 40 13 12 39 48 29 44 1 31 17 3 32 13 8 15 36 31 44 28 46 -15 21 14 32 45 59 55 40 2 34 32 15 30 57 8 21 25 14 60 17 28 18 -6 -9 36 38 16 37 36 26 27 26 31 17 27 31 31 37 30 29 28 0 4 22 29 35 21 24 52 28 20 -4 17 34 26 -7 30 0 5 23 7 27 13 2 34 42 33 8 37 -7 -1 12 34 42 35 20 12 29 21 18 49 39 18 36 28 27 7 5 13 14 4 15 33 26 37 25 18 36 3 27 19 7 10 20 23 27 7 9 -8 21 24 -3 29 11 7 17 11 -13 27 42 42 31 19 39 34 23 8 34 26 17 40 50 28 33 12 62 32 23 33 40 29 23 31 12 16 8 19 14 43 37 67 34 3 23 3 23 7 20 14 32 -2 1 47 47 32 19 18 6 11 24 7 23 13 19 17 15 39 0 27 20 33 10 -8 60 30 9 8 8 38 23 15 6 7 16 48 50 37 28 33 22 -1 26 -4 29 28 13 3 38 31 11 29 17 28 29 16 37 29 15 3 13 20 17 29 10
20 1 20 -8 6 4 15 12 10 30 12 21 23 23 12 37 30 33 58 19 12 34 17 29 9 0 18 2 45 16 38 21 -10 14 26 37 49 24 41 20 3 0 15 16 5 15 2 33 22 11 46 19 27 42 19 -9 33 5 6 11 1 33 16 38 10 30 17 17 50 25 30 33 15 8 22 12 35 40 4 25 36 20 39 1 28 12 35 14 17 -8 16 31 12 33 16 13 34 33 7 16 26 24 6 23 21 27 14 38 30 16 33 20 32 12 13 29 15 21 36 18 14 -5 14 15 33 4 16 5 7 28 1 34 46 22 17 12 36 18 -8 6 4 9 36 16 19 0 3 28 31 -4 -2 32 15 15 22 43 29 26 15 32 19 14 40 25 2 33 21 45 13 -3 9 34 22 15 36 16 8 29 22 18 35 45 19 14 9 -2 0 4 24 10 20 57 15 9 -8 27 43 6 11 35 4 15 28 8 17 2 -2 26 28 9 24 38 9 9 12 20 41 -3 8 28 19 38 27 13 17 14 42 50 36 29 24 33 10 50 19 24 11 16 36 29 27 44 -1 5 41 1 17 30 28 20 13 -9 25 18 49 -20
19 16 37 12 24 19 14 18 -5 4 28 31 55 11 -1 57 59 21 43 10 41 14 4 39 13 3 14 24 34 39 24 28 8 18 7 14 23 44 34 33 18 17 29 6 35 27 16 42 39 8 44 16 32 41 13 -4 29 32 13 33 17 3 38 38 31 24 6 18 39 42 43 33 17 25 1 9 32 33 34 34 57 44 33 6 8 7 41 4 17 20 0 24 31 25 21 -11 21 35 20 15 25 24 13 4 26 9 22 20 32 30 20 13 50 10 31 7 41 51 4 26 43 19 25 17 47 29 23 38 1 17 15 25 27 2 29 24 14 35 21 10 8 25 11 12 24 -3 17 14 29 4 10 35 23 31 22 30 13 5 23 44 10 35 25 47 3 51 33 38 5 -3 28 20 54 32 37 6 19 4 13 28 46 30 38 36 16 16 7 14 10 11 33 28 -8 3 12 19 40 16 31 19 13 -16 3 8 15 18 -7 18 23 17 38 39 28 -3 10 22 2 19 23 0 24 26 1 5 19 8 64 40 48 9 33 35 -2 17 9 17 23 2 8 32 50 19 14 16 19 13 3 51 26 36 12 9 32 19 33 14
39 -3 30 13 8 19 40 31 13 34 33 34 33 24 37 16 14 21 16 20 38 25 23 28 25 10 16 7 41 16 43 39 10 24 18 43 23 35 40 13 18 22 14 25 42 26 32 14 11 2 56 2 12 -11 20 -22 17 30 -1 23 27 29 33 24 18 4 16 37 25 33 25 33 16 6 22 6 19 37 46 12 28 40 7 12 51 -1 34 5 37 30 -27 14 21 0 16 22 30 35 59 34 33 1 17 3 8 47 23 28 27 33 34 14 12 28 25 16 -11 35 37 21 19 25 7 -19 33 44 16 16 35 36 20 27 17 13 19 16 13 17 32 13 20 35 13 21 28 -4 5 22 8 22 33 17 16 38 13 31 27 -10 26 28 18 22 42 48 32 21 -6 35 6 23 22 3 42 29 23 21 8 36 18 -4 29 9 35 26 -11 49 10 16 11 34 28 33 5 18 18 7 32 7 6 17 21 10 11 29 30 47 19 36 38 29 17 35 22 6 16 27 19 -18 -10 26 33 20 24 14 39 13 33 29 27 13 28 45 5 33 -1 0 -5 28 11 49 14 16 26 17 32 20 16 34 43 31 -9 14 21 16 7 41
21 13 9 3 7 20 34 32 11 17 27 31 50 17 5 20 35 17 18 29 62 36 39 54 24 2 13 28 41 21 54 35 15 32 14 31 40 17 21 15 35 41 14 27 37 27 31 27 31 12 41 30 31 31 11 17 27 12 25 28 24 10 40 34 24 28 14 26 9 44 28 16 2 -6 13 16 35 30 36 14 48 58 23 7 30 17 31 4 26 12 -5 29 49 35 23 17 60 30 25 20 16 30 20 -4 -4 38 9 36 19 35 13 24 19 21 36 32 29 40 18 7 16 25 26 3 32 30 9 9 21 40 13 13 24 14 24 48 2 31 21 32 27 12 32 36 56 -22 20 28 13 0 16 6 15 50 15 24 38 30 13 17 -4 39 15 44 11 10 17 13 45 30 17 10 32 28 34 24 8 25 13 3 6 -9 16 47 10 33 9 2 -17 30 31 -3 -13 4 19 22 39 13 16 21 22 -11 9 33 10 36 23 -9 37 21 20 46 13 19 14 45 17 19 9 10 32 45 11 10 27 -2 44 37 18 14 27 21 18 35 28 25 -2 46 11 51 19 34 22 10 41 25 28 27 50 44 -7 17 51 12 17 21
64 9 14 27 15 6 36 42 25 16 23 30 29 20 5 15 46 37 3 25 21 10 24 47 1 10 22 14 27 42 20 29 1 27 -12 26 29 26 20 6 6 42 29 12 16 25 0 7 37 37 42 47 30 22 24 7 31 11 25 45 29 39 32 -3 23 22 -2 40 18 -4 27 29 8 1 28 10 41 25 1 28 49 17 26 -18 12 22 9 8 10 -1 4 39 23 42 33 20 31 23 10 32 39 23 29 1 22 29 26 8 -1 32 23 31 22 13 16 34 34 16 7 17 26 12 -19 37 12 4 34 32 31 23 5 38 43 20 14 45 28 32 14 17 -2 45 14 13 11 -6 12 20 25 15 25 18 34 17 24 32 40 14 18 18 9 27 10 54 -11 14 9 22 26 18 30 15 36 12 10 26 12 1 20 35 37 26 28 3 14 -6 0 -2 8 45 18 25 -19 -7 2 48 24 5 11 7 18 9 21 20 29 10 -5 13 16 12 39 34 22 29 19 44 14 11 2 2 18 29 5 16 -11 -15 24 19 47 12 0 15 2 22 -7 25 20 22 11 21 20 4 9 8 34 0 20 33 29 37 1 21 24 14 8 6
33 -8 22 -18 55 49 47 17 33 28 44 26 7 12 8 35 44 8 24 10 33 23 6 30 24 14 9 21 20 26 38 22 -13 6 19 35 18 32 34 -11 26 22 15 23 5 11 24 15 56 23 41 10 17 46 14 -15 18 17 -9 40 29 12 44 3 16 30 8 1 22 34 33 -11 31 -3 29 9 19 36 34 19 58 51 31 8 39 27 48 23 37 0 -21 18 32 32 36 11 27 12 40 19 26 31 26 12 11 16 7 18 -14 41 12 8 21 -2 31 35 39 34 54 48 5 9 17 11 33 31 8 50 25 19 29 20 43 14 31 24 22 19 4 18 16 22 27 23 40 -13 15 5 12 43 22 17 43 35 38 37 11 17 42 22 13 48 13 35 2 30 34 23 30 22 2 8 5 58 41 11 27 23 35 7 34 11 18 22 28 31 18 39 5 53 12 33 -10 -19 9 31 6 35 13 6 10 -7 18 4 51 44 -26 8 36 -6 17 19 18 11 7 38 -2 8 -6 6 9 26 7 0 18 -17 37 30 30 10 29 39 4 12 6 12 -5 11 14 5 30 15 16 19 16 32 19 38 28 27 21 15 47 44 9 8
35 11 17 3 14 21 24 21 30 23 51 10 33 12 33 21 24 26 4 31 17 23 18 35 24 35 11 18 33 14 43 7 7 6 -1 22 36 21 46 16 30 50 -11 9 39 34 15 9 17 14 27 27 25 52 25 -7 22 9 9 45 11 33 20 27 37 15 -5 39 35 15 49 29 29 -2 20 -1 15 28 26 17 53 30 61 18 50 17 53 12 19 3 -16 41 32 26 16 10 29 34 35 28 10 29 23 -9 31 32 17 36 12 62 48 44 29 16 25 33 9 13 35 11 -2 16 -5 28 26 20 32 29 20 30 -6 23 24 32 16 32 45 43 22 7 24 37 15 44 28 13 9 26 21 12 26 52 28 28 26 35 32 19 26 33 0 29 46 40 17 52 22 35 4 14 41 17 14 27 17 45 6 6 19 19 46 35 36 10 29 14 30 15 10 29 28 44 -4 -3 -7 21 18 0 3 23 29 26 30 27 21 14 8 24 26 18 5 45 39 29 36 31 13 3 2 14 30 40 22 23 14 13 47 35 42 7 4 38 16 25 31 9 14 20 31 24 26 24 31 17 36 48 20 36 19 41 19 1 22 16 24 7
7 21 -1 -21 15 32 9 28 -4 26 17 27 14 20 28 15 31 11 11 12 -1 20 11 31 19 4 -3 10 31 33 23 36 5 1 39 26 33 34 28 4 6 19 11 26 30 25 36 37 13 4 54 25 22 1 -6 3 28 25 4 47 10 17 18 2 6 23 22 14 29 42 3 18 8 29 13 11 43 10 29 10 47 24 23 12 41 20 31 12 25 17 2 25 41 18 24 6 40 16 22 38 27 5 5 30 9 33 24 13 52 28 11 27 12 11 8 13 -17 43 38 21 24 24 20 11 28 15 19 -6 27 8 24 8 12 5 33 4 47 11 -3 32 20 29 35 1 25 21 3 8 27 22 26 27 24 17 15 34 27 24 23 5 11 18 24 34 17 1 12 8 13 3 19 28 20 17 18 30 34 7 -3 8 27 18 4 25 19 7 18 33 1 27 27 20 15 13 24 17 10 34 18 11 8 -1 10 36 41 23 7 29 48 -1 39 6 3 31 17 25 28 26 -7 24 22 14 21 5 14 -7 13 34 48 11 42 28 -1 5 17 12 -16 -5 28 -1 10 -4 13 -6 15 20 5 3 25 1 1 25 14 8 30 2
30 29 37 2 6 12 23 50 -3 33 29 23 19 35 34 8 28 20 42 23 27 16 18 36 3 1 4 5 27 23 28 31 10 19 32 17 42 35 43 12 20 26 7 40 19 40 9 47 27 31 48 22 35 27 12 -10 6 -4 -16 47 14 15 33 19 12 31 16 36 16 35 15 36 -4 -2 19 23 26 38 40 31 36 14 45 16 11 19 36 1 36 -12 4 35 26 39 20 6 23 31 34 46 21 27 29 1 24 21 30 13 35 32 29 28 31 27 7 18 14 74 9 33 16 19 -21 20 24 6 8 26 21 20 10 28 38 20 30 33 34 53 10 27 4 47 43 3 12 4 11 22 22 10 21 48 17 20 26 48 34 5 37 27 31 36 38 37 4 32 13 31 4 8 21 18 22 6 25 4 28 9 -8 17 26 45 20 18 6 -3 16 14 -7 48 15 34 -24 10 -7 18 18 7 32 5 -4 13 27 28 25 3 -2 23 33 -4 15 27 -9 25 -19 5 15 28 -1 13 63 40 22 27 16 -3 43 37 41 34 12 42 3 19 32 14 15 2 11 43 16 3 19 17 12 8 18 25 17 30 10 14 15 39 10 -2
12 -9 30 -2 8 15 7 20 -12 33 37 32 21 25 33 -2 21 23 26 40 19 50 35 10 23 5 18 6 38 -2 54 25 -4 22 29 42 44 42 34 13 32 12 0 30 11 2 39 38 24 4 44 35 23 35 10 -2 19 1 -8 26 8 20 37 38 30 33 29 15 11 37 27 29 10 3 18 14 40 25 40 20 39 34 29 20 32 11 20 10 33 30 1 5 34 39 0 5 24 50 37 13 -5 28 15 1 8 18 13 1 23 40 18 41 47 26 34 34 1 39 6 3 12 17 -3 16 18 21 1 17 6 27 10 14 34 15 -4 17 23 20 8 15 18 37 46 43 36 -12 3 37 11 13 36 14 21 34 26 42 42 -1 3 18 13 30 20 29 15 14 16 22 38 16 17 7 15 33 6 10 29 21 24 18 28 -11 18 25 10 24 8 28 14 31 11 19 -10 2 1 2 33 -4 1 25 12 7 21 26 33 20 33 12 19 22 13 33 9 19 4 42 11 -4 -24 18 36 34 11 25 25 9 31 38 33 19 26 21 -2 17 14 34 -14 31 3 54 14 32 3 16 23 23 18 40 33 32 6 -2 51 36 46 31
47 7 4 22 6 5 33 19 23 26 33 28 76 4 29 28 58 30 28 17 24 12 30 36 17 3 22 23 39 28 12 15 -1 22 3 39 17 28 39 26 23 26 27 28 27 21 19 13 24 3 32 23 42 18 19 0 3 9 10 32 17 41 37 28 26 21 18 34 18 45 54 21 29 4 9 7 31 27 17 26 44 37 33 8 42 15 27 -6 25 11 3 24 12 23 13 31 22 39 27 10 18 8 12 3 19 49 24 30 2 53 31 38 27 10 16 17 14 26 15 8 46 19 6 27 27 37 23 23 24 40 -15 20 37 18 8 27 -2 12 16 5 -1 18 27 43 33 6 21 6 15 16 43 27 11 26 19 37 58 24 3 10 2 17 27 35 16 10 -5 25 39 28 30 23 39 34 18 7 -8 27 29 13 13 16 23 26 25 21 6 -25 16 24 35 25 -11 7 20 28 34 -1 1 18 24 23 20 12 22 23 17 21 14 25 24 48 25 16 8 48 36 18 15 21 25 23 5 29 11 10 45 38 12 19 -3 17 27 17 -1 9 20 24 23 39 32 19 9 21 33 10 31 39 38 34 -10 18 49 20 33 25
14 10 -5 -2 0 30 26 36 -8 -13 42 45 34 27 30 25 64 9 6 22 25 17 18 29 -2 -7 51 24 13 31 24 51 26 31 4 24 56 27 34 12 -2 50 -8 23 26 38 11 2 19 44 49 42 57 20 12 18 28 20 -11 55 26 7 39 20 41 7 9 51 13 21 26 40 16 3 2 22 15 32 3 27 56 35 23 20 40 20 35 -1 31 -16 -19 18 22 36 26 16 39 7 29 42 40 17 11 20 31 38 19 22 38 33 15 54 15 10 35 50 2 44 24 19 14 18 5 22 33 19 12 20 39 32 8 25 47 10 9 28 26 22 -33 23 21 27 52 16 8 1 23 15 28 12 40 23 41 1 29 44 28 36 5 10 19 33 31 32 18 51 16 41 3 5 4 43 12 15 8 34 19 4 17 10 61 7 41 5 30 -8 3 -3 9 27 23 32 15 24 -1 35 0 15 20 -5 7 22 28 14 32 2 25 -1 15 -13 29 23 21 7 6 57 30 9 -5 18 34 31 26 7 12 2 34 37 38 -2 20 33 9 18 25 28 -2 24 3 45 21 8 24 9 30 25 20 14 15 21 -19 13 13 20 33 -2
33 30 27 -4 27 39 32 18 13 27 15 12 22 -5 17 17 35 23 34 38 43 38 14 36 27 9 -4 27 38 47 13 27 -4 14 33 29 25 21 22 11 27 12 15 25 30 41 16 30 35 -1 44 31 34 54 8 2 17 11 10 40 33 31 23 12 27 31 26 26 43 36 49 22 -6 -4 14 0 33 24 15 12 38 14 39 7 16 26 25 23 31 8 -2 30 27 36 47 32 34 42 13 58 37 12 11 -5 19 33 13 23 55 38 30 4 37 17 3 11 25 36 39 46 18 3 11 28 35 20 27 17 -2 32 14 12 52 14 15 13 8 16 22 30 11 12 14 -4 31 11 6 39 42 35 7 40 1 22 30 55 3 5 48 31 6 40 28 36 -4 32 30 42 8 17 40 7 25 17 23 26 29 -1 45 34 24 33 14 22 -2 2 27 10 12 29 20 41 -17 -26 27 45 -1 9 16 1 12 -4 31 12 19 6 5 27 23 2 32 29 17 -3 -8 9 27 21 18 13 18 78 -3 7 28 15 40 32 55 8 10 34 -8 16 2 19 7 5 25 4 0 26 33 19 35 27 31 23 12 32 6 25 16 3 36 -1
46 11 38 15 12 35 29 36 21 1 32 21 -3 25 20 6 19 27 19 35 39 44 38 30 35 34 3 17 23 30 43 23 17 18 29 38 52 38 37 15 5 8 25 19 27 44 34 33 16 4 38 51 21 47 27 0 38 28 29 34 37 18 22 13 39 26 -4 39 45 35 15 29 -6 -1 6 -32 50 24 40 16 46 31 34 1 40 26 27 11 28 18 -4 46 5 53 57 12 49 34 22 25 22 15 7 13 14 8 10 -4 21 60 13 61 35 28 31 27 26 32 21 11 -10 -1 -3 14 23 29 41 17 16 21 8 11 34 22 -1 39 41 17 14 30 18 23 24 20 14 -1 -8 54 21 6 24 32 17 20 26 41 27 16 22 34 19 34 34 38 -1 35 27 38 9 9 19 19 30 21 26 50 25 7 17 18 58 18 14 3 -2 5 9 12 18 39 38 39 -8 -16 11 13 25 16 11 18 17 5 18 24 40 29 13 14 19 9 35 29 3 13 4 25 3 -12 4 5 30 35 15 17 10 -7 45 52 56 7 20 45 -6 20 10 13 17 31 4 22 11 40 28 -2 38 7 22 56 17 47 -12 3 18 23 5 7
27 -1 17 -3 9 18 26 33 15 5 29 28 26 -5 26 23 33 -4 35 25 24 15 17 36 -1 0 25 22 30 35 31 26 -9 21 19 28 31 41 28 20 30 34 21 21 -4 38 2 8 45 29 28 23 49 26 14 8 9 30 0 21 29 10 41 21 33 17 4 13 49 30 33 33 3 -6 14 39 30 47 12 22 37 49 23 10 17 27 20 1 34 4 -9 23 10 29 23 21 36 32 25 23 16 18 21 4 14 14 1 22 22 32 41 18 16 7 39 52 21 27 34 40 19 10 12 17 35 37 -5 8 45 34 2 26 33 16 14 15 1 24 4 17 11 21 28 26 39 -17 17 9 20 12 27 25 38 32 35 34 11 23 19 44 6 38 20 26 5 26 30 39 25 7 20 4 35 23 34 32 8 13 22 15 44 15 37 21 16 2 13 -8 2 37 4 17 1 1 -4 34 26 -2 17 4 23 7 24 8 22 31 -5 5 17 4 17 42 15 2 -6 16 10 0 3 19 17 34 29 2 21 -10 37 36 44 13 27 30 8 26 12 13 15 15 18 63 36 23 18 13 25 31 34 31 13 27 -6 1 28 19 42 15
8 -3 12 8 -2 18 3 27 1 3 20 25 26 0 33 5 29 24 38 20 30 22 14 14 5 7 21 -7 23 14 17 23 0 34 -14 38 45 28 25 14 12 18 17 16 -9 26 12 33 3 24 22 19 33 35 17 -13 17 9 0 25 -4 8 38 25 33 24 7 18 23 11 29 35 -6 6 0 6 32 15 1 5 34 9 46 24 32 -2 10 15 17 13 3 32 9 22 11 25 38 11 16 29 31 9 12 16 16 27 22 28 24 31 54 30 28 39 25 14 -3 21 36 19 20 10 10 5 38 10 8 8 28 31 10 26 40 20 -15 21 15 14 -8 6 13 8 31 8 6 15 3 24 37 18 17 32 16 3 39 42 32 19 12 37 10 20 41 6 -1 22 7 31 10 14 23 19 18 18 29 25 -8 14 16 -10 44 46 29 16 20 -7 -6 -14 7 6 18 20 -5 2 10 25 24 9 5 -6 13 19 21 21 5 15 -9 1 16 3 26 44 23 17 1 20 19 7 2 24 10 19 13 23 6 4 26 50 48 23 21 32 0 17 2 2 13 14 11 36 26 20 18 12 42 5 13 37 18 21 -5 6 -2 27 19 6
31 7 17 -12 9 22 27 19 1 34 39 17 34 15 19 17 31 27 26 21 48 26 12 42 28 12 20 10 38 27 41 28 -9 7 40 41 39 1 47 21 24 12 23 17 16 18 33 22 42 4 47 17 20 34 17 -5 15 -6 21 17 19 6 20 33 18 14 4 7 21 40 29 31 -2 -14 12 20 32 25 27 23 33 49 33 2 35 21 47 10 33 24 -18 6 42 23 22 25 19 39 45 33 21 -11 29 -9 2 34 22 3 15 43 20 6 41 27 33 21 22 10 51 27 11 20 23 10 6 24 22 16 20 56 5 15 18 41 6 52 -10 17 18 30 8 11 16 24 31 -1 9 28 9 23 19 14 28 43 43 43 33 41 8 24 25 66 45 33 33 21 24 51 23 34 20 28 39 39 24 7 4 24 30 7 6 -4 25 22 24 25 21 7 3 35 31 36 5 -7 16 20 36 15 14 8 28 5 15 16 25 51 14 31 41 21 10 38 -3 -3 10 16 15 -21 8 -4 38 55 17 10 15 7 50 28 10 16 16 29 17 41 9 17 19 19 40 43 13 39 15 16 37 35 30 29 43 30 -13 2 63 10 25 19
18 7 10 -7 8 25 32 28 -5 18 29 18 42 30 22 29 39 11 7 45 32 18 16 37 28 -13 12 18 42 25 38 47 -10 9 33 31 20 35 30 7 16 28 15 35 39 9 24 21 23 4 71 21 12 14 13 -10 33 13 25 36 19 15 29 19 -5 32 23 -1 25 46 14 15 4 13 22 9 33 36 17 23 35 38 11 -5 40 3 26 6 36 24 3 21 22 20 13 22 34 53 50 29 18 20 29 -5 22 28 14 18 29 29 24 23 33 18 30 38 15 23 23 18 20 7 21 14 20 21 3 2 24 12 9 23 39 3 30 6 19 35 10 25 14 17 21 6 37 12 16 26 25 20 17 25 26 19 13 29 33 23 17 16 9 46 16 22 17 -14 15 29 28 12 0 12 30 35 17 -1 30 11 4 26 32 7 19 12 18 22 7 21 -4 36 9 23 12 15 21 18 34 10 5 15 17 -29 0 27 43 42 16 18 40 -1 23 5 -3 -7 32 21 19 -4 -8 12 22 21 15 24 8 -13 41 28 41 24 48 27 12 21 -1 15 -1 4 25 27 11 10 21 9 14 17 14 31 46 20 14 16 53 9 34 21
20 11 14 17 18 15 20 56 3 -2 52 51 44 25 43 27 37 14 33 27 50 31 18 22 34 6 27 18 27 29 34 31 6 27 5 11 68 23 14 20 14 37 5 29 33 17 22 25 16 18 45 28 40 33 10 16 11 13 1 44 18 9 42 19 39 20 26 43 32 21 37 39 7 7 39 32 35 31 24 30 35 48 4 2 17 -9 27 -3 23 8 0 23 14 37 14 2 41 30 41 44 31 5 18 24 21 34 3 28 33 31 10 41 11 23 28 34 7 47 19 29 22 35 1 44 51 18 37 36 27 44 40 26 45 0 -2 43 17 30 10 11 31 50 35 33 33 -8 21 40 46 46 43 15 42 21 43 33 28 -4 30 23 -6 58 31 36 5 40 21 53 3 12 23 2 18 29 25 0 16 32 39 19 42 32 46 25 10 2 -12 33 1 32 10 9 -6 6 18 33 24 -15 32 -1 16 -2 2 12 12 14 -3 2 37 16 24 37 32 16 13 66 26 11 -20 25 19 47 17 9 30 3 59 42 47 15 19 33 -7 17 -1 32 -8 19 1 45 14 8 14 28 38 44 39 22 35 32 7 31 16 24 34 14
64 -9 18 8 27 27 14 18 34 26 31 31 20 11 36 12 14 29 39 1 18 26 2 38 21 -7 11 19 30 30 8 18 7 -3 -2 8 14 27 39 27 15 -2 21 -7 27 22 15 15 16 19 15 19 24 25 8 -4 37 15 18 32 29 5 28 7 19 22 26 17 39 8 38 52 11 12 14 -4 53 22 13 19 38 39 26 -15 46 17 30 18 14 15 23 40 8 20 20 6 37 25 29 12 31 10 14 12 10 7 23 33 20 32 21 46 32 32 16 4 23 12 32 44 23 5 -2 1 17 9 30 32 10 4 8 21 16 33 3 9 46 13 16 27 18 48 26 5 15 9 8 50 13 21 28 47 7 21 29 33 21 17 26 32 6 22 25 40 10 21 16 34 5 19 22 11 26 33 32 21 22 28 31 17 40 35 36 9 20 15 -1 27 11 17 15 57 5 -3 9 20 26 9 18 19 32 4 8 -2 30 14 -6 11 14 5 8 14 -8 39 14 29 8 -3 6 20 13 34 14 15 8 11 33 33 24 35 2 46 -3 15 -7 23 40 27 22 -6 36 33 -14 -3 30 8 12 43 19 34 9 10 -1 19 9 -2
30 20 -1 5 -1 22 13 26 13 15 12 25 54 28 27 0 38 12 36 -1 22 10 25 40 13 6 -5 22 47 28 39 19 -3 11 12 9 50 32 36 24 18 15 40 38 22 44 19 31 31 -9 38 56 45 22 19 -10 12 36 -3 19 26 28 39 36 15 27 19 26 43 25 34 30 -12 20 17 9 32 15 34 26 41 20 45 8 28 31 33 -1 38 3 4 36 27 24 27 11 37 31 21 13 33 6 17 -12 17 18 13 17 26 39 33 17 2 34 29 8 19 21 14 24 28 16 6 10 49 32 6 -3 16 24 5 30 14 16 15 22 30 27 11 8 4 35 49 19 23 -14 -4 43 19 19 16 36 14 16 38 26 28 5 26 25 20 15 27 44 3 11 7 20 13 2 28 16 26 32 31 21 8 4 11 14 30 32 11 37 13 8 11 10 -11 15 27 28 12 -13 24 24 28 -4 1 11 8 4 22 22 25 17 14 10 22 -2 37 34 13 28 -3 34 11 9 7 10 40 23 0 11 0 -5 14 44 35 24 39 8 -7 21 16 19 13 -2 10 39 30 16 14 -5 12 15 25 37 30 26 -11 11 18 12 29 5
29 17 23 8 14 8 26 30 9 17 33 28 38 23 42 4 41 39 10 28 19 27 31 24 30 7 9 31 12 20 46 26 17 15 30 20 23 36 43 31 14 25 17 20 23 29 46 37 3 4 36 22 37 52 34 -7 27 37 15 64 35 1 51 32 36 10 6 21 33 32 26 27 8 11 10 17 34 28 41 19 33 33 46 13 69 20 20 26 14 23 12 39 3 37 23 -4 44 34 40 6 28 10 14 1 24 6 0 35 28 50 26 46 45 27 15 32 16 14 19 18 25 4 -1 5 32 15 30 6 18 27 9 27 31 -3 13 30 25 29 -6 19 15 40 39 30 12 9 4 21 28 -1 25 29 23 -3 18 46 34 21 24 14 13 32 38 30 0 15 21 40 19 11 22 9 37 34 4 34 35 -8 24 13 46 7 -8 6 22 34 22 -4 23 28 37 46 11 8 9 22 37 13 26 17 30 9 13 35 32 29 21 15 21 34 23 27 28 38 22 39 -6 6 0 25 35 11 22 29 8 11 55 45 34 22 11 19 16 3 21 14 16 12 -2 32 18 27 22 7 4 5 26 44 25 33 4 16 31 41 32 23
48 -6 33 -7 26 27 21 9 38 48 17 18 38 13 20 2 32 16 34 29 6 42 3 27 8 20 44 20 32 19 34 19 -21 0 3 34 17 29 42 9 7 12 16 34 21 26 1 28 34 7 42 32 42 53 -8 -5 16 16 -12 19 42 39 29 23 6 55 9 38 37 40 40 31 1 14 14 1 38 20 19 16 38 32 25 -21 31 5 13 23 19 1 14 39 25 25 20 7 34 34 30 22 22 22 14 -7 -3 9 24 19 22 29 16 30 44 7 -9 2 19 26 13 32 26 -3 -15 1 33 34 17 9 16 28 -7 10 25 6 4 11 17 19 22 16 4 27 14 -6 40 5 6 16 20 3 6 33 9 1 15 29 33 7 20 5 -1 10 15 36 -6 22 14 8 3 -17 6 29 6 33 27 20 34 24 5 34 44 27 26 8 17 15 12 -7 5 50 5 61 -3 -2 15 22 11 5 -13 29 16 21 29 11 33 26 -2 19 25 -8 6 37 14 5 15 23 16 3 0 43 35 34 26 39 1 -10 19 42 30 30 39 25 2 18 11 15 5 32 3 16 21 27 29 19 27 20 6 30 11 20 -6 -4 34 18 26 26
33 1 21 -12 16 20 20 35 10 27 51 31 43 16 24 14 49 12 2 36 42 19 15 37 5 -13 18 26 28 24 23 44 18 26 0 30 35 25 37 23 13 30 -9 25 29 18 17 1 8 35 35 2 29 30 21 4 41 28 11 42 19 12 45 8 30 24 23 37 7 49 30 40 23 16 31 -6 31 34 29 36 47 68 21 6 41 -1 15 21 14 6 3 28 36 41 15 15 55 22 39 20 23 33 3 -2 10 41 19 36 4 42 11 42 38 6 29 33 20 36 33 29 26 21 14 10 24 23 16 9 33 31 14 32 47 2 24 19 8 24 1 33 29 20 21 25 25 4 1 24 27 1 55 12 20 44 10 25 11 33 9 26 1 38 41 51 13 23 11 24 14 10 25 21 29 23 28 20 11 17 36 5 42 20 36 36 6 8 -13 13 19 36 24 22 9 2 3 15 22 3 29 12 38 12 34 14 23 36 4 20 10 14 23 27 21 29 4 27 28 8 18 -1 16 23 3 25 21 -2 47 35 30 15 7 20 22 15 5 23 11 32 8 26 39 23 12 -1 38 11 21 31 47 43 4 0 31 19 28 11
45 44 11 5 22 6 16 28 2 31 14 32 35 12 14 21 37 23 42 10 14 9 7 28 37 9 16 50 39 45 30 22 -5 7 23 8 46 37 20 41 21 37 17 17 16 40 27 20 33 23 57 17 41 19 8 13 17 36 10 42 40 29 46 25 20 22 15 30 44 14 47 39 16 13 7 24 15 34 31 23 24 10 3 9 6 33 30 15 15 14 15 22 12 35 27 7 17 18 25 43 42 -1 33 12 44 28 27 33 34 37 22 14 30 21 33 15 13 23 -4 30 39 24 19 38 54 30 37 18 26 17 12 45 36 3 25 11 23 18 15 9 -2 40 24 22 35 -11 -6 15 37 48 25 27 50 2 28 39 13 12 35 32 29 24 1 48 -6 48 25 24 29 7 23 20 28 15 8 9 17 10 21 51 39 24 32 26 -11 6 2 40 10 45 16 18 9 11 41 46 18 -2 10 4 -10 -3 13 10 20 -8 8 29 16 17 16 25 42 21 -6 57 12 7 -11 28 37 15 0 -1 18 14 36 42 43 26 34 18 -3 15 17 42 10 -2 -1 34 28 6 37 51 28 33 30 46 6 13 6 9 19 36 29 32
16 27 17 18 13 9 22 23 17 5 23 16 53 5 16 14 28 15 13 20 33 -3 15 45 16 16 21 20 39 29 49 25 -11 26 -11 11 50 22 30 26 10 34 18 32 8 29 14 15 16 18 42 30 25 35 29 -21 21 44 14 43 14 33 40 22 29 38 1 35 36 13 36 41 -2 15 28 9 18 30 14 21 29 26 33 -2 25 10 31 20 6 8 1 27 18 13 20 27 36 43 25 33 30 18 36 2 44 23 19 45 40 37 55 21 21 31 23 33 3 11 35 37 13 17 14 29 44 9 19 3 34 16 18 51 22 21 13 25 24 31 15 10 22 32 22 29 11 5 -5 31 45 24 22 20 29 4 42 37 23 31 32 21 -3 29 35 48 -16 35 21 34 7 9 27 -2 34 27 12 36 -5 -12 25 11 44 43 35 10 1 5 1 10 19 25 27 28 -8 6 3 67 39 -2 -8 11 26 -2 25 28 28 6 4 11 34 17 11 47 29 23 29 33 21 6 4 14 7 25 18 21 14 -12 35 38 52 30 27 13 7 30 21 3 17 -2 2 21 8 18 42 10 24 7 20 25 26 14 13 19 0 26 35 0
30 16 2 2 15 16 15 37 -6 24 23 40 23 42 7 23 60 17 36 36 32 11 -5 37 -1 15 31 24 35 21 16 33 12 33 26 16 44 21 25 31 34 24 22 25 13 20 11 36 30 43 68 4 23 16 28 13 24 0 4 51 36 1 45 23 24 18 2 40 15 13 41 18 9 10 3 30 19 28 11 21 58 42 20 33 8 17 28 5 20 7 -16 28 41 26 24 2 27 16 40 38 30 13 22 5 15 27 41 25 43 14 7 22 29 3 19 27 10 50 6 16 24 23 13 7 44 19 17 23 31 36 11 23 30 15 24 48 10 31 0 27 5 36 24 -8 25 8 10 14 32 -4 17 13 23 36 29 39 39 20 16 21 23 38 27 42 6 43 26 21 4 -8 -4 36 36 15 23 16 23 5 4 22 51 13 24 23 24 11 9 20 8 50 18 27 6 15 12 23 15 6 28 -4 4 -3 4 17 20 25 3 16 21 2 7 35 45 23 -6 32 21 15 -15 33 67 39 32 13 21 8 50 44 26 21 23 29 1 17 26 24 1 16 4 51 37 14 4 24 25 35 25 24 35 17 7 11 32 21 23 17
34 17 30 1 24 9 17 11 -8 -9 26 44 29 8 26 17 43 24 3 21 23 28 39 17 31 -9 23 27 40 30 48 28 0 25 18 39 47 25 48 17 1 29 25 18 8 2 38 18 33 13 43 8 49 19 29 0 35 -9 26 25 20 20 28 12 24 18 17 19 12 35 21 50 7 10 -2 10 29 24 3 31 6 55 27 -1 45 38 26 19 30 52 13 2 16 8 26 12 21 40 33 25 17 27 37 17 27 17 18 14 16 39 23 38 45 36 50 33 27 39 16 24 13 23 28 31 8 11 -1 22 23 22 14 35 31 22 9 23 9 40 8 31 22 9 16 31 14 1 10 6 -2 24 17 34 34 32 38 63 41 43 8 23 42 50 22 23 8 15 38 50 42 28 1 15 54 33 39 22 0 33 4 25 42 -3 31 14 16 12 12 0 10 11 28 36 0 -4 3 33 37 5 -1 29 27 -1 26 8 39 29 12 16 16 8 34 42 -11 -19 13 40 37 -11 -15 2 26 43 1 4 20 2 37 42 35 41 39 22 29 32 -2 10 26 37 35 29 13 34 7 27 19 9 15 27 16 35 -21 18 46 37 19 25
26 28 35 4 7 34 19 23 -12 22 15 31 24 -7 28 2 -8 31 29 5 24 40 16 34 24 21 11 28 50 40 28 20 3 10 28 5 28 43 35 -9 22 18 15 29 18 31 11 48 30 -10 29 37 60 57 17 -8 2 14 -4 17 22 9 23 22 13 43 12 9 37 56 20 38 -10 -9 -1 12 35 16 10 8 37 11 60 22 12 24 26 -2 26 -6 17 45 35 22 18 2 35 33 24 33 33 10 21 3 12 6 7 23 57 38 31 26 39 19 -7 26 32 35 0 41 16 16 0 8 34 33 14 2 0 30 18 19 11 12 25 17 25 42 11 37 25 35 13 2 65 -2 19 27 33 10 1 49 11 13 50 52 12 13 39 12 21 23 27 21 4 26 30 43 4 8 20 9 11 18 25 42 14 -1 20 33 26 36 21 32 2 13 25 0 -9 31 16 32 -20 10 26 27 18 23 19 6 -8 -8 27 26 15 -2 26 26 9 -3 32 16 -12 2 -17 35 23 26 3 23 36 47 33 3 23 7 38 40 33 29 29 19 1 -1 29 19 26 18 14 38 19 36 19 16 23 19 32 4 -3 14 1 18 12 19 27 19
48 -2 26 29 24 1 30 38 18 7 21 28 37 34 36 6 50 42 31 44 42 35 13 40 14 15 33 18 18 27 11 37 15 14 16 25 48 29 19 45 19 22 35 27 27 12 41 47 24 23 61 25 39 24 41 8 17 18 -4 36 42 22 34 8 32 27 19 46 28 26 29 42 -9 2 9 12 29 9 -1 11 35 41 19 -2 28 30 28 12 29 6 16 31 -2 31 49 18 33 37 23 36 39 22 25 21 13 15 8 16 35 31 18 40 36 28 31 40 16 32 13 31 13 18 -1 36 46 24 48 11 36 33 17 30 57 8 13 25 15 30 2 17 -12 34 48 0 7 17 3 43 29 32 26 36 35 18 36 67 41 4 40 11 9 34 29 31 11 23 17 51 10 19 8 13 38 30 35 25 9 10 37 18 32 18 17 39 13 -10 -10 -2 4 39 13 49 -7 6 30 49 25 16 11 3 15 -6 4 9 28 18 11 16 24 14 38 45 16 21 -6 41 37 -4 -1 39 40 26 17 11 10 1 40 61 43 36 29 34 -18 16 6 16 3 19 7 30 15 15 11 20 31 22 32 43 26 22 -19 24 34 46 15 33
13 24 13 4 13 31 5 30 -16 16 26 28 33 14 23 -6 20 17 23 43 12 28 10 25 7 -17 16 2 31 17 13 20 -4 21 18 28 43 31 28 31 3 15 11 20 5 20 28 30 -18 22 44 11 35 -2 4 10 26 8 -3 37 -3 7 21 9 11 1 20 21 5 21 40 25 19 4 12 29 -3 11 12 30 21 23 33 34 30 5 32 17 32 13 2 14 39 13 8 25 38 8 32 13 35 22 -3 -6 12 46 43 43 9 33 36 27 33 8 21 32 3 35 7 26 6 31 19 33 10 8 3 24 27 42 10 41 19 14 16 20 13 39 -5 13 16 12 24 -2 27 23 -4 34 6 7 18 12 29 26 21 27 31 16 19 22 4 28 49 20 22 18 1 34 26 21 43 14 17 3 33 19 7 8 7 18 28 32 29 28 -2 -2 -15 -13 6 12 6 35 2 -1 7 19 35 -16 11 11 18 7 14 45 9 5 23 6 21 12 31 27 19 22 -8 39 41 22 4 22 42 8 13 24 8 29 42 48 26 17 7 20 7 27 6 11 26 19 15 37 31 15 2 13 32 46 30 13 27 10 -2 6 11 33 20 11
45 -5 24 -2 14 38 18 42 28 10 48 31 31 36 8 22 56 9 38 31 32 57 7 34 10 11 20 15 21 40 50 21 1 11 -1 18 49 2 41 18 20 30 -6 8 27 8 10 23 27 20 43 17 20 33 2 9 37 11 15 45 21 13 39 17 32 34 18 39 23 29 26 48 12 32 37 12 38 9 13 26 47 51 10 4 21 -3 10 27 14 5 7 35 32 42 24 17 32 16 40 26 22 24 22 26 6 27 30 33 16 13 10 52 22 28 24 41 13 35 43 21 16 8 6 34 22 20 31 -3 24 26 21 16 45 -3 28 27 26 28 10 13 18 41 29 3 52 -6 13 29 28 3 21 43 37 24 -1 30 28 23 20 27 10 50 33 37 37 19 3 25 7 2 5 21 7 28 35 11 22 44 34 14 32 27 38 27 20 -3 -15 17 4 31 35 31 11 4 20 15 24 14 24 23 11 2 8 2 19 48 -18 -9 36 7 16 10 18 27 6 43 28 7 9 33 20 45 29 19 9 16 39 47 50 31 36 35 2 26 10 38 7 23 16 26 44 25 15 -5 55 35 21 32 44 25 8 8 24 1 33 16
8 -6 16 8 19 32 28 37 13 -8 31 52 27 16 39 14 56 -2 21 40 42 7 16 43 4 10 54 18 32 41 19 41 5 21 22 44 42 29 27 30 18 31 -5 23 20 32 33 13 23 27 64 19 38 16 25 13 19 -3 7 33 26 14 22 16 36 32 0 36 32 -1 35 26 2 6 2 19 30 35 11 19 40 46 7 20 34 7 24 27 40 36 -34 10 40 40 44 -2 41 37 20 36 32 27 6 0 8 21 33 13 32 14 11 10 34 13 30 46 5 40 22 40 14 11 21 18 24 31 44 23 28 46 -5 35 31 8 13 41 12 15 -1 27 10 -13 7 7 22 20 4 21 25 3 10 17 20 23 37 45 34 24 21 37 2 49 34 -1 20 25 30 47 -3 0 16 19 43 21 39 29 7 6 7 24 33 29 32 15 15 3 0 -6 10 19 8 51 -1 19 14 26 19 18 21 -8 24 -2 15 13 22 33 6 20 28 7 32 45 12 -7 8 27 47 1 -9 12 26 32 25 21 10 23 41 35 47 8 25 41 0 48 3 31 4 21 24 32 38 26 19 3 36 33 32 10 23 34 -14 10 41 31 31 -2
