100 -65 -15 81 -94 48 61 115 -97 -89 3 -11 -53 14 -65 95 44 92 45 -118 -125 -34 83 -121 27 -97 120 -66 -14 -58 -68 21 7 29 -12 -12 -127 -40 -53 70 -23 -44 98 -55 -42 -32 -84 -95 -61 35 -40 -85 115 -65 103 13 62 50 91 -12 -77 106 -72 115 -10 -67 -49 -43 21 -18 -41 47 -10 121 -10 19 122 -69 126 80 -85 -65 91 -5 -16 -100 56 39 -106 -21 92 -49 50 -96 10 -45 23 -24 -62 -14 85 -94 59 -72 -100 75 -28 -52 -32 -15 46 102 110 75 71 -67 -109 -34 -17 -8 -59 46 19 -78 -86 95 -115 8
-3 -26 -76 -45 3 -3 -1 -38 118 42 -102 -45 -71 99 -12 40 -39 91 19 69 54 62 -25 74 8 68 -104 -78 43 -108 91 -117 126 110 -92 -10 6 57 115 123 96 -56 -67 -110 -86 2 35 7 40 -28 -103 -70 -56 -6 21 -59 -126 -100 114 42 -94 33 99 68 112 4 -108 -126 -101 -72 -55 121 -47 -50 -32 1 103 -51 -116 54 -98 -16 40 54 -22 -102 -34 -66 -23 -23 -62 -46 -70 -58 -117 -63 49 -100 38 115 29 -81 -99 55 -31 -21 41 46 -116 68 -31 109 78 -39 -42 59 44 0 -48 104 69 -113 -55 -72 -61 18 -44 -2
-55 87 98 109 -52 -89 -31 68 116 -112 120 -85 8 -126 -78 -48 -96 102 113 -72 47 -66 25 -57 -51 -64 123 42 108 -32 -27 94 43 -106 112 -96 -86 70 19 14 -29 -26 -98 -45 7 -74 18 100 -127 45 -7 102 -73 0 60 -99 -61 -98 68 -122 -62 7 -28 -1 -76 93 -54 -121 -108 119 -103 43 -28 -111 104 -84 -33 30 121 35 -128 21 -123 -109 78 15 -107 94 -127 -45 57 -24 -114 29 12 76 -85 105 -17 -41 -8 -66 -25 -42 -65 -69 -10 13 -117 -82 -12 -65 99 53 90 18 116 83 -100 -60 -11 29 -7 -120 -104 -105 35 -81
75 48 111 45 -119 -23 -13 -43 -44 28 -60 -35 -44 71 -125 -54 -86 55 -44 74 -25 -122 15 -106 85 -96 111 -64 30 -33 -51 -95 62 -30 25 -76 -59 -55 112 -75 -121 -84 -60 -122 38 -76 -119 -25 101 -104 -88 -96 118 91 -103 79 43 -124 121 -45 98 20 10 78 -64 74 124 52 -26 19 -2 -50 -12 118 11 29 -51 66 -12 -45 87 18 15 106 -96 -10 -54 -50 42 120 52 -125 45 -99 122 66 15 -49 -126 46 -73 -120 -123 -30 -103 121 71 -60 -32 120 52 -105 -95 -92 -67 -42 58 110 -124 94 -58 23 40 -16 -17 -95 63 -9
126 69 -123 -31 91 46 42 -14 36 -88 82 -115 117 -80 54 -49 -89 74 42 27 -49 -114 -34 -111 -57 -53 2 -70 43 70 -88 110 -64 73 -113 116 -68 116 -33 -97 -18 -55 54 52 15 11 -114 55 69 -104 20 -30 -83 -112 -19 84 59 31 22 114 17 48 62 46 -124 -51 106 123 55 34 -122 -60 83 -59 -114 -75 38 118 61 2 87 -42 110 103 101 -107 70 13 109 101 68 -96 -106 64 28 -20 -54 116 -104 -94 -15 -108 85 -45 23 -114 -33 -13 -14 12 -90 -98 -108 -26 -61 -90 88 31 100 -72 -61 93 58 42 -26 113 -112 -124
92 -13 -84 77 -60 -105 16 -54 64 96 36 46 17 60 9 -85 51 -96 -24 127 5 -13 87 -74 -122 -34 4 88 121 114 6 27 90 -102 -118 35 94 90 78 8 99 36 -67 41 -57 -122 -20 -45 -53 39 20 -16 91 -20 -15 -79 116 100 -81 -39 -11 -41 -65 94 -55 113 26 -22 77 29 -58 39 70 61 -28 -115 105 -43 49 31 98 47 58 123 -110 19 124 -47 31 -100 -45 -71 -60 124 -76 99 -66 70 -82 -55 -46 -41 52 5 98 -57 121 -4 77 -31 20 -9 -55 -47 -23 -31 25 -68 -37 66 -65 109 -122 -95 122 -53 -55 -28
62 7 -52 -65 -116 -111 112 25 93 -20 60 19 62 -68 -88 -124 -81 -1 -80 -83 -2 -71 -17 71 28 -54 16 -114 -18 43 29 126 83 -124 84 -77 -26 34 1 66 69 87 -25 -109 53 124 -67 63 6 79 -128 76 -40 62 -95 29 3 -119 -96 -45 -23 56 101 28 121 -66 36 -19 43 48 -108 103 -108 -16 -63 106 -30 -122 -128 84 -31 123 34 -16 -43 -125 57 25 108 108 -50 -115 13 -42 -82 88 -7 55 23 -115 66 98 -46 -65 -57 67 -100 -111 -39 -122 19 -8 -97 17 9 14 -75 -102 76 95 84 -101 -124 -54 -74 43 -48 -63
35 93 117 -18 -83 -72 -58 32 73 87 -23 -54 -62 -114 -106 80 23 -44 117 -114 -109 -34 87 -123 -75 67 31 22 124 -12 18 -15 86 -65 -31 -77 -96 12 -74 73 114 36 105 79 -111 119 63 63 25 -33 81 42 12 49 112 -127 28 121 10 -3 -33 -30 109 -39 109 -38 -38 -115 121 79 -63 99 51 -36 66 -79 -96 -40 -21 -35 -34 7 18 19 -47 45 -27 -5 -57 -124 15 122 -107 48 -34 -17 121 105 88 14 -116 95 60 -107 86 67 120 -82 -97 41 0 102 28 114 -1 -92 -46 123 -76 -3 29 89 53 -59 28 42 -82 93
13 -91 -82 71 110 -95 107 97 -71 26 -72 -96 -12 -114 -45 110 81 -108 -49 67 31 52 -42 68 -15 -69 -23 -121 3 -9 -114 -69 125 -20 -4 -40 18 73 -47 -71 -60 29 -39 -58 -81 -70 99 -109 112 43 83 -19 63 4 -49 -46 16 -97 120 13 -30 -72 94 -90 110 33 -56 -88 -58 19 -100 -60 124 28 108 -23 -117 125 -40 96 127 68 85 31 -76 -44 -9 -33 -48 55 -19 -98 -42 102 80 -6 -78 -15 -123 50 54 47 -6 -118 -56 -9 -91 31 -3 -86 119 106 -118 -123 -54 113 100 114 57 20 63 -99 -35 109 30 -114 -118 -109
60 80 -7 92 69 -111 86 -63 90 14 -24 18 107 -91 -109 -16 -89 60 38 -70 -41 -37 102 71 5 -120 -121 14 18 70 -119 -9 108 40 59 -57 -16 -55 -99 -66 -79 -105 -6 76 -77 87 -97 0 -54 -37 101 -58 -59 48 71 12 6 -127 -26 105 23 73 -71 -88 34 53 60 103 -62 123 124 123 -43 -37 -99 -74 57 -100 4 8 -22 24 -74 -118 108 -125 34 -106 16 -11 16 34 -101 50 22 -40 -115 57 -53 -119 -66 -36 -24 106 -101 3 -89 15 99 -108 -57 -44 1 26 -74 55 116 -8 41 126 34 -85 -1 64 -5 -36 1 -128
54 0 115 -1 59 -14 -53 23 10 -2 62 -20 15 125 -117 96 12 111 15 57 94 -22 50 -1 -42 -119 -67 -42 64 -41 69 114 -94 -55 -48 -115 -79 4 55 -113 -123 39 65 -12 64 -60 30 -123 105 22 2 -89 82 11 -38 -42 123 -41 81 -11 81 80 -48 -120 80 -50 108 119 78 -122 -24 -53 60 -73 64 -114 104 -50 -51 71 111 -64 -82 -30 -86 -110 -99 69 -66 75 61 34 -6 -104 -71 9 -8 -58 -128 94 47 -49 5 -11 -98 -3 105 -95 65 67 73 -88 -58 -90 -94 35 -108 67 -24 -86 -108 -64 11 74 -120 127 51 -120
-34 -85 29 -101 -55 102 86 92 -5 -60 80 6 48 63 -52 75 58 -5 -119 48 38 -122 54 -85 109 -101 10 -61 107 46 125 -104 50 -28 19 94 -47 -28 -56 107 37 98 103 -8 38 -56 101 -88 116 27 -10 -97 116 -13 -120 104 -116 79 -38 -74 -34 -101 102 -5 -116 106 -50 -4 -102 70 2 99 0 -67 54 37 -98 -28 -123 4 63 -7 51 -102 62 -54 28 89 95 91 125 -7 49 -84 -125 89 97 -93 -48 -60 -115 -42 -49 -90 114 56 36 20 111 0 -60 87 33 -28 119 26 -16 34 106 -115 -117 -12 -111 -47 -112 13 127 -128
-24 93 106 -76 77 105 111 -96 -95 -75 32 12 93 116 65 56 -126 -22 9 117 -64 5 -60 -81 -4 32 -68 43 -29 49 -51 7 -38 90 28 -77 125 121 83 -113 -121 43 71 -104 53 -80 86 86 -118 20 -4 -45 -119 54 79 2 -72 12 52 -74 61 -93 -10 31 29 -61 -105 100 -64 -110 -1 7 -59 113 114 -27 -126 -37 -89 -70 88 -87 -47 65 34 -12 -105 -122 -48 71 41 71 82 101 -93 43 0 87 27 -103 48 66 -17 127 1 87 95 -58 -34 -68 -60 -50 -95 86 99 85 68 41 61 -26 -10 -72 95 -93 -19 14 -55 93
-114 -69 -113 -71 40 -79 1 66 -33 -115 5 -127 116 82 -125 61 72 59 -34 68 -70 118 7 -55 -40 63 37 2 125 44 -32 -122 84 -28 -120 50 -75 -54 66 37 119 -67 43 56 -92 98 -125 19 -107 76 -55 80 10 -105 23 90 -54 67 -119 -63 97 -40 -118 62 -112 116 -93 41 -28 -115 93 100 -4 -124 -74 -121 -14 113 -57 -17 -14 32 43 74 32 -45 95 -25 -41 47 75 33 -84 -52 37 -84 6 -2 -54 -9 -93 10 -126 -62 -56 73 3 73 71 -121 2 30 -84 -83 61 -71 -44 -86 -120 -45 86 -50 -115 -40 34 38 60 -1
-60 102 -83 41 98 -38 -35 36 114 85 -32 -22 31 -64 94 34 114 -52 126 70 -19 -41 -27 69 34 47 4 -85 -13 0 6 -124 3 104 114 -120 -86 -84 -110 48 105 -49 7 78 -61 65 -88 -18 -52 -50 27 95 85 64 -49 -64 -85 -90 -69 -95 -114 -86 -28 92 61 -77 -71 -121 -99 86 -89 -60 71 -15 102 2 36 -98 125 -37 24 93 -84 -3 72 -63 -71 -114 1 -72 -27 10 0 75 6 49 31 105 -66 41 -19 3 60 32 53 24 -97 95 20 127 62 74 123 -110 30 -106 39 69 -70 43 99 39 -87 32 -36 -122 -14 -116
-105 -41 -10 61 -76 106 -41 -94 -63 114 107 -67 -1 107 -82 -103 -70 32 104 -84 -7 85 96 -62 -108 4 110 22 -54 37 112 123 82 34 -52 -50 4 -105 97 -81 -116 2 -16 20 125 118 7 -24 12 -20 -59 122 63 -120 124 117 91 105 24 73 -124 -115 -126 -123 -120 25 -17 24 -101 -104 -9 -27 -10 45 -97 70 -29 -71 91 43 -37 -74 43 -38 115 -118 115 54 -10 122 115 -3 103 -70 82 -75 47 107 71 -35 -88 -81 -119 -28 -123 105 -46 -10 11 121 102 35 95 118 107 5 7 13 29 39 121 37 41 19 53 108 104 -108
-2 -57 -59 28 124 -31 -71 -80 -100 -35 -18 105 -126 -65 -123 77 -98 44 23 51 -76 -90 -99 39 -65 -28 -111 25 86 47 118 -37 -73 -46 90 -77 64 24 77 88 -97 -120 -53 97 -2 6 124 -46 87 -13 -64 -100 49 93 -74 -35 98 -36 -1 -42 -58 57 125 118 45 -126 -23 -30 112 35 -26 -99 119 73 99 55 -33 122 -16 74 33 87 75 107 -52 -79 -2 -26 -64 -36 -88 -87 -73 121 -5 -18 -4 -71 1 -98 26 -92 32 -85 -114 54 99 32 73 -37 -48 -91 -47 -85 -81 -65 110 -39 36 74 57 109 -40 108 62 49 -28 -112
16 127 61 101 -12 44 66 9 35 34 -67 -123 -21 -107 53 -56 -44 -6 -101 -71 -53 -107 -113 108 36 6 -79 -13 -18 122 -100 8 -52 67 -126 14 -122 -37 -38 120 -36 8 -3 -18 -81 119 -19 84 -103 48 11 30 45 25 -126 -59 5 -36 94 -106 -117 115 43 85 -28 125 -81 52 70 -47 -111 -98 71 -86 50 122 -116 -22 -117 81 93 -29 24 -98 -98 -9 -39 26 32 -118 -56 -92 70 -119 -55 45 -57 -83 110 111 -30 -124 38 -32 82 -108 5 116 -39 -13 -32 -107 40 -106 99 17 11 -95 -11 -28 -35 -123 -104 17 33 111 41 25
104 17 37 116 -26 100 -56 -65 -73 -1 -94 81 16 54 -65 1 27 104 52 -86 87 31 26 -78 121 45 9 38 94 49 56 21 -88 -121 34 45 102 93 -19 -117 -75 34 -63 77 51 -52 -51 89 95 -112 108 -30 115 27 -86 7 86 -62 -28 108 -92 110 -52 35 74 -113 46 -61 -30 -77 -57 117 119 124 3 -127 -50 47 91 50 64 21 -101 27 86 77 -91 114 -64 -95 74 -15 -39 108 -4 111 79 -13 84 76 48 -7 87 -94 59 106 65 -26 81 -30 -48 -24 93 50 113 76 75 -44 20 -22 -67 -69 -10 -126 -94 7 -99 5
55 12 119 78 -74 44 72 -62 -4 34 18 -87 -90 -35 -37 -29 -121 -28 -107 116 -103 57 72 106 55 -10 -39 89 109 -112 -26 -13 21 -14 -51 59 -35 27 -75 109 123 -91 84 3 11 50 -96 53 75 -42 37 -34 57 109 33 68 50 44 10 5 87 -63 -7 88 -118 110 -51 -73 -121 -56 -5 41 81 105 25 -118 88 98 126 125 94 -119 -60 -48 51 -19 -16 -105 32 21 8 55 -73 -89 67 -109 44 -30 -43 90 20 -64 87 74 2 -26 35 -116 -84 -12 53 -105 50 65 -83 50 123 22 55 -99 62 -49 -106 -26 -74 -56 32 -59
-100 -112 78 -128 96 -91 -71 15 81 -65 17 -30 -23 -16 -113 -31 51 12 34 -114 -104 -22 122 62 -9 -73 -76 43 55 -103 -81 90 45 -105 -46 115 -119 103 -119 18 -52 -122 -33 81 100 -101 19 114 -80 27 52 -8 38 -85 39 -76 19 -116 42 -67 38 64 33 -27 -2 -12 -57 1 -53 117 82 10 64 123 85 -105 124 -72 113 110 44 24 -58 36 -86 -10 -31 34 -28 -108 -36 21 -124 -127 -85 111 -6 35 -58 -109 -95 36 -123 -89 117 50 -114 -20 -65 -43 -83 -117 92 72 24 -55 -74 74 -17 -60 -125 -126 -48 14 112 -80 38 -24
-19 70 81 13 106 49 -111 -128 -54 42 4 -69 -102 -110 -26 -116 29 44 -55 -65 -108 -104 119 32 -110 -19 32 -92 92 25 -105 98 91 -71 -29 105 43 -66 114 42 -116 49 -45 -85 -91 -87 79 -81 -49 24 27 50 -108 -10 -111 -127 -38 5 -29 -109 124 110 -14 5 -62 -50 90 79 92 21 103 -2 13 -122 28 102 34 1 -94 76 -18 -72 -74 49 110 -99 97 -89 115 -55 64 14 -30 53 51 74 -2 -44 122 -3 -53 -94 -28 12 -72 -99 79 -3 -117 -19 -7 64 -56 -32 54 124 15 7 -8 9 118 -109 -80 81 -26 83 -75 -64
6 -76 105 99 3 33 29 43 9 -77 103 -30 -99 -12 28 -38 -104 58 54 -124 -23 67 73 5 126 10 -7 -34 77 119 97 -107 -80 32 -115 -74 -30 15 50 -5 60 -119 53 115 112 -93 63 -127 37 32 -18 25 41 -24 -13 -22 -30 24 -105 35 -32 38 -14 124 -89 61 -84 -85 -68 -28 20 -98 -14 -12 89 105 76 -60 64 31 -89 -18 83 -112 14 24 2 21 -105 31 112 45 -95 63 114 -56 58 35 33 -44 -88 -114 -56 0 -128 -39 66 74 -77 51 103 106 -20 -103 -15 -50 89 116 68 -115 102 2 53 -9 72 -4 -58 -94
-69 81 36 80 111 -117 11 -11 73 -72 -21 -57 -106 79 -50 110 -15 -23 -50 67 32 80 -103 97 24 32 -98 116 -50 -5 -47 42 -6 30 -79 -58 77 -5 -103 48 -62 107 -77 -19 69 -111 -76 7 58 -94 -90 104 66 19 -34 -62 95 60 106 61 115 26 46 118 12 101 70 -86 88 120 -7 -1 97 126 -125 -96 -13 -26 69 48 -64 -102 126 -124 90 126 71 99 50 -128 -123 -62 73 -112 -116 -14 96 -50 -29 -69 87 13 45 59 -98 78 -11 -102 -35 -54 92 -31 -40 -16 88 70 -106 103 116 109 116 120 86 -96 8 120 86 11
-88 2 41 -15 54 -68 70 55 30 69 -71 30 -40 37 98 -84 52 -98 110 62 5 53 -47 60 -72 -4 -16 16 27 46 -110 105 -128 -123 -51 -55 99 -94 -32 -31 117 -18 69 23 94 77 5 -90 62 -30 -51 -31 94 -46 -126 37 -10 -74 -45 -99 -5 -88 68 -97 68 112 90 -27 -106 70 -90 -106 101 3 72 -107 75 14 -118 64 -108 -26 66 50 -17 48 -43 -90 -22 -67 -86 62 -56 -20 -29 -68 122 61 2 -21 -18 119 -89 -75 -23 7 -89 -36 1 -95 59 -82 87 -35 61 81 13 -6 64 -107 121 108 -64 48 -126 -100 -49 -93
50 -53 60 115 -49 -94 81 -53 51 32 81 -25 -31 40 77 33 -41 1 108 -23 -22 77 123 47 95 -58 -35 102 -3 -55 -48 64 13 106 -126 27 -19 72 30 93 22 93 94 78 60 51 -39 80 -73 11 -48 -29 0 5 33 -10 -11 -31 -78 100 57 -52 -85 -66 -36 21 57 67 64 122 84 -120 56 0 40 -119 127 61 -117 58 72 51 -29 55 -7 25 -13 18 23 -89 98 6 111 115 -69 90 -87 34 69 -60 -10 67 -95 111 -85 57 42 110 -101 89 83 -17 -12 20 55 -11 108 65 104 -21 126 -25 -39 -110 -44 -38 9 14
12 -44 54 5 51 116 -105 -110 42 -124 -16 -49 65 77 -101 -10 -52 -85 85 -24 45 -18 104 17 67 -91 85 106 124 80 64 58 73 77 -24 -8 -22 0 -59 -62 114 115 -124 91 82 -70 68 -118 -112 121 96 -44 -54 -107 -80 -33 -61 -19 3 -53 -55 -38 62 -1 -14 -86 -125 -71 53 -18 42 106 90 -72 -68 107 -68 121 112 -95 -23 -119 84 -37 -25 -41 108 -27 114 58 -24 -73 81 -32 12 -114 -44 77 35 65 -59 -31 11 -99 42 53 4 -125 -45 30 13 -86 -55 -112 15 -35 -80 47 -36 49 -49 -85 42 -66 -104 -48 -99 -25
-59 8 32 -21 -85 118 -40 92 72 126 -81 58 -48 127 1 -10 47 -120 -94 -43 117 88 96 -6 -71 -20 78 -72 95 -4 81 -31 114 27 -108 37 -39 47 71 101 -102 21 47 0 98 91 35 31 66 11 109 75 -24 -55 76 -50 68 103 77 -67 -86 47 110 101 -2 -121 -1 -5 -77 -106 12 29 -60 40 -33 78 31 108 -105 49 35 111 -42 113 68 -65 -29 -110 58 -94 -60 102 22 -23 -11 -119 -16 -111 -99 24 68 -119 25 -39 99 19 32 79 -28 105 91 -39 69 -126 -113 77 -120 -57 -120 78 -26 42 36 -116 -76 -28 112 -118
-51 -124 73 100 81 -85 -122 -78 -32 -109 -16 -48 -7 -112 -29 -39 -12 114 -112 54 -36 -83 -66 92 20 59 -122 35 -112 15 57 78 101 -17 -19 39 124 40 52 -103 -109 -10 95 -28 -101 -27 -2 -89 113 43 35 -19 -95 -106 0 97 -115 -92 22 -46 -55 -81 1 55 41 -84 32 -27 -60 -100 82 -62 -60 -55 -13 1 118 76 -28 103 23 -34 110 -10 -26 43 34 31 -69 11 13 57 -97 -44 -95 34 -35 -58 41 -30 -64 35 -18 -64 5 -24 -28 -36 76 -96 74 108 -26 -3 -85 -107 -52 -21 117 12 -68 -75 -89 -14 116 87 103 109
20 -20 -86 6 81 -13 123 -46 -116 79 26 72 75 -9 -24 64 -30 -38 104 78 45 90 -80 41 53 109 66 57 -87 19 -29 110 -112 -114 20 0 124 -90 13 -26 -22 -93 -85 -93 32 93 -30 -66 -56 -96 75 -31 -128 -121 -64 -91 62 -122 -102 -46 -47 112 -124 22 54 11 -70 -92 -85 34 60 -92 -123 -7 -92 92 -92 93 80 56 -70 -116 68 -119 91 12 12 24 -29 -124 24 -41 -102 17 81 -114 -37 32 -100 31 -64 -34 84 -48 -120 -113 -94 -95 -71 -8 -66 84 59 -121 24 -97 -16 -23 -114 124 115 0 89 -37 110 -5 60 -24
6 78 14 -126 -108 38 -94 108 87 -119 78 36 -4 32 -110 -40 33 31 -98 81 -127 98 -112 -1 88 32 -101 -86 -78 15 46 -53 -49 -45 -36 -114 -34 67 -121 -34 -53 21 -128 -9 49 -29 19 59 63 59 -109 42 -66 -2 122 -10 119 -10 40 61 113 78 -128 -102 -77 -59 -58 -21 -126 -20 -124 10 -5 -75 -38 -15 2 96 -121 21 69 -108 -12 8 63 66 -40 95 87 -53 26 -28 -73 5 51 39 29 103 98 -59 27 -102 -94 -20 -107 -11 -19 -74 -13 1 74 -56 24 -103 81 5 18 -53 57 39 -39 -93 -10 -66 89 42 -116 -44
-9 -124 26 48 80 39 -41 26 -80 -44 -40 102 -118 111 113 13 -105 77 122 -114 54 -38 100 -35 99 37 -86 -93 -3 44 -65 93 -75 67 68 -73 -55 -12 -93 -22 107 -68 76 121 11 -74 112 14 -89 30 34 -47 -84 -75 77 27 60 -28 -39 16 -51 -101 60 117 7 -128 43 97 31 90 -39 -39 -54 -104 -47 -31 28 45 25 -67 -26 -105 71 -61 -27 84 -84 -119 -119 -60 27 -46 -100 -33 -63 85 -27 104 -77 -97 110 -3 112 -128 -4 -115 -27 96 105 65 -44 97 113 -119 -111 -106 40 -42 75 60 -3 -15 83 -12 87 -60 90 -17
-104 -127 -85 -30 -27 -104 -24 -97 92 -114 46 -12 -80 -97 -48 112 37 -75 -25 31 12 -120 -23 83 -65 -91 117 65 -112 55 119 82 -71 47 88 -7 62 34 39 -61 -99 86 41 -13 -87 -68 15 -117 68 -11 31 -120 -13 -121 83 -52 -62 29 -62 61 -88 78 10 9 117 29 57 -25 95 -59 58 8 33 37 -128 64 10 52 -3 -101 -21 -32 -94 30 14 97 7 64 -50 -10 27 85 -81 -31 12 -25 -55 5 -116 -52 60 -96 0 -108 84 -87 -51 -25 -78 60 54 -47 8 -12 -66 77 -59 -49 -60 48 52 -117 -107 6 44 -83 4 8
16 -22 56 22 -45 -36 -11 -56 -63 38 10 -68 122 105 15 33 -115 13 -128 -82 111 -4 -22 -23 60 19 89 121 -4 -94 -41 97 118 78 -71 -123 -114 77 -12 79 80 49 106 -123 64 88 45 -8 -90 97 -49 -106 70 -128 -15 98 91 124 -14 -4 -119 -65 29 -41 124 76 94 93 12 117 104 -80 -60 20 -106 -7 -121 61 -81 104 -56 12 -96 -122 -72 -19 -70 -6 35 -24 -6 -103 -10 85 26 -53 -14 -15 39 45 -95 36 88 -43 38 53 -77 -97 26 117 52 -38 8 -126 -15 126 -38 119 45 52 84 -86 -112 29 64 4 72 109
-51 10 72 -54 35 0 27 -103 -58 -41 108 15 12 -38 20 66 -81 -15 -61 -115 12 -8 -123 -23 89 -52 -48 27 -10 102 -94 74 81 -50 -55 51 70 -11 -54 66 109 -74 -53 50 2 -119 57 25 -71 -83 34 -23 -123 -43 59 38 72 96 -124 30 76 34 -112 12 66 62 -15 11 -56 -21 -87 -119 -128 -82 -18 -113 -115 65 -126 87 -45 102 -2 110 17 -128 53 29 11 77 50 35 61 -101 -104 -97 43 -85 -117 28 -95 38 -23 2 90 55 -10 18 36 -120 -19 34 106 4 -120 97 33 -30 -97 39 112 17 43 46 -57 -76 -80 -113
-61 -77 -73 -109 -95 6 -56 -49 67 63 -48 -3 32 -119 -102 28 -9 -47 37 -103 99 125 75 -13 121 -47 77 -118 45 -53 67 -120 26 84 -68 -121 -60 11 -94 -56 -9 48 117 82 49 54 -112 -40 113 -93 -18 38 54 102 5 -53 9 67 -53 -13 -47 -80 116 -83 92 88 11 -57 48 121 -99 -60 -108 83 -96 -99 13 -113 78 -25 -14 -18 101 -66 103 -13 32 23 10 121 85 -74 48 89 -128 -117 -109 42 78 -53 7 -108 0 -61 50 -114 -26 81 -94 -4 -100 93 32 -30 -84 -117 119 -87 127 14 125 85 75 -64 30 7 -126 -3
-15 -17 14 -73 -10 27 85 -62 48 -125 -62 -114 61 -22 -1 66 -78 -70 -59 67 -70 -49 -24 116 103 -91 110 -45 45 -47 -36 55 15 -86 50 73 69 19 -18 -112 13 88 -52 105 -104 79 -27 -96 96 81 61 114 -31 -7 -27 -125 -70 -28 75 65 118 39 25 24 -47 125 -112 -125 -60 -102 -71 76 -56 12 17 62 54 21 59 -28 -64 -58 44 103 -6 52 -69 94 57 -98 45 115 20 19 -47 -78 30 87 -26 88 116 26 28 -38 -95 -24 -5 99 49 -61 -124 -29 99 -64 -56 73 4 -38 60 -86 106 94 -114 42 -68 -111 93 55
28 81 -111 -122 11 -20 -69 35 -38 -39 -109 8 101 89 -88 -67 -82 -104 9 5 106 -29 76 106 -36 -42 -22 41 30 -101 112 46 -117 -41 32 -44 1 27 61 -58 -49 -105 -14 -80 -54 46 -84 -124 -41 -19 36 -115 -18 -33 -72 -76 -125 -47 0 94 -72 -21 -77 31 54 -10 1 -76 -29 -86 -84 107 -97 42 -56 114 31 -42 38 -93 52 -45 -91 13 55 108 -32 15 36 83 46 60 107 119 -6 -120 -7 -107 -66 6 -59 -81 59 18 81 70 10 -102 111 27 -46 -126 62 -48 -33 106 80 -102 -57 120 31 5 -62 58 -84 116 -19 120
78 -105 -65 102 65 -84 44 97 73 11 -12 -33 -63 12 -118 20 -107 85 27 -84 13 69 -11 46 -41 36 63 40 -66 -43 -112 52 -35 24 -88 124 -122 -10 -46 65 13 -50 -25 31 88 -8 0 18 92 -73 22 33 -5 11 -75 -28 49 -91 -22 86 -57 -106 125 97 64 -1 76 4 -88 -104 8 -36 -40 70 75 31 -12 -6 -1 122 92 -113 59 -118 -48 -24 -41 56 59 84 -13 -36 -62 44 37 -122 -35 -122 -88 17 -113 -80 -28 -61 26 24 -108 119 47 106 101 98 -50 5 22 68 -73 91 46 38 13 -37 -87 86 -30 58 -56 34
97 41 -41 -12 42 70 -118 124 84 0 -91 77 86 -33 -20 -51 83 -48 2 86 52 -114 -37 -100 -87 114 -56 5 -53 52 23 -107 -68 113 52 -67 67 0 -122 -82 127 56 -23 12 -128 -58 103 86 -96 -115 112 -64 -59 -102 17 60 -22 126 -81 41 -115 -60 81 -77 95 -100 -2 -88 -121 30 85 125 -81 65 -120 -107 24 -122 -110 49 64 11 27 21 127 -6 -116 -116 -36 67 -7 -60 -124 -14 23 7 98 35 -118 66 -18 114 65 -128 33 -14 -77 -38 -77 -117 3 119 88 71 -90 113 -74 -77 -51 68 90 41 69 -11 53 44 93 7
-78 -53 119 47 74 42 28 122 10 -48 -127 70 115 -121 -105 -101 37 115 39 -70 36 69 59 -54 51 44 81 -10 -33 -109 94 -102 76 36 -64 53 112 -13 110 97 26 -102 25 20 65 -1 -10 73 -33 83 -77 40 -100 -5 64 46 -93 3 -118 34 -87 125 65 -103 87 64 34 -51 -44 88 57 -74 45 -38 66 -79 -124 -115 9 113 -55 -16 -116 -1 39 90 68 -43 -91 112 -58 -29 -104 -77 -28 50 -29 -43 123 -29 41 102 -25 -45 -43 -49 30 108 35 -100 49 46 -115 112 60 121 -5 -54 13 60 67 -39 72 109 101 -3 -113 -77
-47 -104 81 31 11 -48 -88 117 -35 63 -74 56 24 -1 105 67 31 -99 66 -77 50 46 92 -12 18 -89 56 -7 -84 25 -27 94 -125 119 -46 -56 -73 104 3 77 -96 59 59 62 -82 -42 22 70 16 67 21 -44 -65 -70 -43 -99 -20 -119 24 -11 -34 -85 -71 -73 69 123 52 46 23 81 116 78 -51 60 -29 125 -127 -75 -108 -99 -2 -105 -16 46 -118 59 43 -69 -42 -52 34 0 97 14 -102 116 -98 39 -26 -29 123 22 122 -12 -79 -68 -27 -122 26 -86 106 -83 29 -74 -92 22 -34 -86 -43 -33 36 -92 -14 70 43 37 0 96
-39 -45 20 45 -102 -21 -33 -62 95 -80 72 13 85 97 37 -70 12 -13 -105 53 117 -101 -115 -69 84 -96 64 -36 -6 -39 71 119 -67 3 -119 -94 22 65 -90 -83 123 88 45 31 -57 -87 -19 108 -74 -64 -29 8 101 66 -67 25 -13 80 67 62 116 -37 57 26 -53 49 -98 -77 58 -30 -45 53 -49 17 63 104 76 27 -5 -17 24 84 -85 -128 18 -15 -99 50 33 69 8 118 -112 -18 -59 86 53 97 102 15 66 -121 112 -121 -8 105 92 66 -32 63 77 -12 103 0 108 101 40 -105 23 -6 -19 -48 80 1 -118 -5 102 -1
-54 -117 -102 -71 -49 -48 31 -67 -99 -70 73 -96 -38 -85 102 -2 44 25 36 26 -42 -111 70 44 -95 -70 -31 -114 -102 -6 -52 -14 -7 114 -37 -18 89 23 71 -117 -92 35 -50 52 -103 17 94 -119 7 120 -51 14 -42 119 -84 -73 9 78 -96 -53 -3 9 -115 27 -30 19 5 -76 -12 -89 74 121 -14 -118 10 -57 13 -128 -10 -24 -63 80 45 87 102 119 -51 56 44 -13 17 117 33 123 76 -4 71 -87 -18 25 -115 -21 73 12 7 84 -43 99 90 -18 101 -5 -32 90 -20 43 -86 93 55 0 -14 0 -128 65 -21 35 43 -67
-91 -31 -22 47 54 -119 -84 13 100 0 -24 -99 -70 -115 81 95 -114 -71 97 -3 5 -76 -16 93 97 -20 24 -9 -30 90 -24 110 55 127 -20 80 -70 -79 -53 20 23 97 -31 -22 -114 -103 116 -62 23 -94 -44 107 49 72 -104 -127 15 -70 -111 20 -27 -114 -34 -94 -24 0 37 45 52 -108 70 -20 -121 26 17 98 45 -81 102 74 -8 34 -65 -63 102 37 -74 -78 88 -18 12 17 64 72 83 -19 87 -91 22 -17 -10 -54 85 14 50 -40 22 80 -84 63 -79 -23 50 34 -97 120 -64 -8 -12 -117 -13 53 -43 44 -82 -49 96 1
-78 -32 -52 84 -119 120 80 24 3 109 111 57 102 -95 -35 28 -71 50 121 12 107 -92 -70 30 -54 -74 63 43 112 24 1 67 -80 120 71 -122 -54 -52 36 -90 105 60 -64 31 23 -24 -78 -58 49 -96 67 -125 85 58 -87 117 -118 21 -107 21 98 86 -47 29 -29 -57 -39 -127 -78 -10 117 30 62 120 117 9 -128 -7 -75 94 -83 -23 -38 -107 45 76 -4 44 -82 34 70 -30 40 -80 -105 -80 127 43 107 25 113 -59 -4 -51 -35 -93 -122 -123 109 -18 62 55 101 -5 114 102 108 -62 -32 14 -29 -24 -19 -18 -91 85 14 -87
-37 -41 65 60 -14 49 -85 81 -74 -11 -57 -2 9 -117 35 54 -10 -102 -17 -13 -84 -96 75 105 -119 -79 -73 -127 35 -17 -46 40 104 -59 -10 -32 -17 -11 58 4 35 -99 65 -55 58 73 90 -5 -122 -12 49 75 -61 61 -106 -113 -125 126 -107 39 -69 68 -16 -77 -114 38 -9 -73 -112 -32 13 -36 -40 -121 92 126 52 -7 -76 -34 12 -55 -63 -72 -28 10 53 33 104 92 -30 12 -15 -125 109 -121 -54 89 25 67 -67 -39 10 -66 -23 125 -113 -14 0 -49 -14 -58 0 60 -29 124 73 122 -98 -70 21 -63 127 50 -52 -7 98 10
76 -45 120 -56 123 -3 -107 -106 46 -61 5 14 86 -118 95 65 0 7 -43 -100 -25 -100 -28 109 104 29 -15 83 18 -9 59 -119 -48 -44 -95 61 -125 -104 102 -52 -12 -84 121 -8 -89 89 -93 -5 2 -34 40 -98 24 91 -36 19 -123 -90 6 77 -37 -59 -22 116 8 12 -115 -42 -26 93 100 74 126 -82 -79 53 17 78 -52 54 42 -45 43 13 89 -97 -113 92 -57 61 33 -61 -115 -58 -75 27 4 28 -56 46 -34 -30 60 -121 -119 -59 -61 119 -8 23 -10 42 -13 -51 38 103 -5 86 76 -72 74 50 90 -107 27 -60 68 58
-10 35 28 -80 44 121 36 123 -103 57 -71 -51 -17 103 -10 -79 101 -99 -96 -110 93 112 -26 107 68 -26 -77 -52 57 -32 -24 64 121 -30 54 -113 -73 9 -125 125 -20 -26 58 126 -96 -108 108 -94 -56 79 -75 89 -123 -54 -118 93 108 19 77 -122 -31 32 -70 -24 -82 121 114 -113 -67 4 78 -22 -124 -34 -85 111 107 75 -30 -24 -114 50 -88 46 80 6 38 -10 78 9 65 -22 10 125 116 -86 81 -49 65 9 -103 92 16 70 36 121 -115 -33 5 2 -12 39 19 -116 -81 -102 38 -62 -117 -112 81 -82 97 -16 95 -48 -115 85
-17 -68 -58 110 -52 -90 -104 -44 96 -12 2 -54 -32 19 -108 -127 67 104 11 45 15 -79 -18 88 -70 10 84 -127 1 96 88 -99 -84 45 94 -26 -93 -97 -90 85 -81 81 81 -28 -41 -78 -56 -90 -34 37 118 -56 113 -89 79 38 6 -16 -24 111 -83 -85 -103 102 -123 -39 -26 46 55 -49 65 74 86 63 96 7 -46 103 -22 56 117 59 106 -55 101 -59 60 -29 -127 -43 -15 100 38 -53 56 59 -26 72 -45 23 -84 29 104 9 91 -59 56 59 -62 -3 -76 -83 -7 112 -44 -69 46 33 -42 123 -121 2 -52 -57 113 -125 33 -110
-104 -16 -46 26 -80 -92 85 -123 24 -38 38 35 -34 73 -84 109 -111 -25 108 -51 37 110 111 -89 -71 0 -29 -114 103 77 59 84 -38 93 77 110 115 119 -99 -124 93 -53 -92 -124 -5 74 34 48 -53 31 -28 -3 62 93 -100 -11 -62 18 109 103 98 -16 109 120 78 0 -3 -73 -1 20 -35 -85 36 -22 -15 17 -98 126 63 48 100 119 17 -33 -110 -18 -60 -54 55 -88 127 124 70 25 48 89 -35 109 10 -51 -103 5 -88 98 -53 76 -30 28 34 -126 -45 -78 96 -128 -4 -62 64 -20 -1 80 3 23 -89 33 -46 7 84 -12
92 -113 -12 -127 122 -117 50 94 10 6 123 -65 -123 -119 126 -86 -124 -3 44 -100 5 16 119 8 0 -9 -106 50 -32 118 75 -46 -128 -124 106 -19 -74 67 60 11 -119 0 92 106 102 104 -121 -86 -2 98 85 -25 -21 115 -75 -111 -14 -108 52 -100 91 0 86 41 -116 -44 86 -88 -63 -36 -126 72 108 -3 -122 -11 0 74 39 90 -49 55 72 -96 76 84 -46 -14 112 -108 86 -45 -113 -28 88 -115 -62 110 32 -16 104 -105 5 78 59 28 31 74 11 -27 -12 25 -127 2 -42 45 109 -112 60 -30 -119 -10 -48 -16 19 -115 98 12
61 63 79 79 74 -93 -124 -82 -113 -81 61 98 99 -108 -49 -98 22 -116 -125 47 56 106 -76 15 97 113 26 -5 -94 66 -81 120 -65 -50 97 -52 125 -25 -101 114 60 -34 64 -2 -11 52 -89 -55 -33 52 86 -1 45 104 25 104 24 92 116 -115 94 -70 -109 32 34 30 -16 -33 82 107 115 -72 88 41 -89 19 -55 -115 106 99 -98 93 24 82 -109 -4 96 -18 26 -87 6 103 -92 10 80 -48 -114 78 -4 86 -100 15 85 -83 122 18 -18 44 -116 -60 -58 -126 79 127 -45 -28 27 -108 -110 -43 114 106 79 -76 -101 45 19 -62
-124 -20 46 -58 -26 16 81 -126 49 -98 -55 -75 27 -21 -48 58 -76 125 -109 -88 -96 -15 -3 -1 122 75 -65 112 45 -26 -87 -41 -63 101 -108 27 -61 -49 95 121 -127 -89 -39 33 61 125 -128 54 56 110 -45 58 118 127 -43 -35 -74 6 -68 -101 94 -70 -40 61 -114 9 -121 -74 -120 98 -29 70 124 85 15 -71 37 37 -103 -114 117 -35 -99 95 -110 -102 -83 34 -111 -22 -104 -90 -66 -118 102 -85 91 52 35 80 -80 -1 -110 122 -10 -111 93 21 53 102 86 -86 -39 10 -44 -53 -128 -97 -48 44 12 16 43 -92 -25 63 121 67
-25 -28 -76 -115 -68 77 -10 -6 -95 34 -23 80 59 68 64 92 107 0 34 -28 -116 -106 -6 86 41 115 31 69 20 -37 -118 -120 99 -42 -44 14 -25 -92 60 -41 8 -29 -104 25 81 -29 -82 -26 35 -93 75 123 105 21 30 93 99 107 40 -116 -96 -108 -122 -49 -113 -87 -107 26 23 81 -87 37 29 -21 81 11 -38 -7 -113 -35 53 -20 -10 109 -18 124 -6 17 -104 45 -114 -26 113 -67 -93 32 78 73 58 -127 97 115 -38 101 67 16 -86 83 -52 -51 -35 121 -105 81 24 -95 1 18 22 -106 118 124 -6 -106 117 -86 -21 -98
101 -44 -63 26 120 -107 -67 122 -112 103 -22 -120 -79 -52 -120 127 -7 18 -116 -81 -106 -56 9 79 -62 83 -107 -93 -43 -23 -27 -12 -30 -86 27 -108 55 53 61 -43 11 63 -111 -50 2 53 17 -17 81 81 -93 -122 -75 -81 -25 102 101 115 -56 61 -64 104 37 -99 119 80 -43 -78 90 116 25 38 -114 -89 -123 -46 -91 106 18 -105 -47 -49 102 74 71 -5 41 -4 -103 -32 117 -25 19 -15 -79 50 56 0 -103 101 51 7 37 1 6 -80 28 42 104 -26 96 77 8 119 36 84 43 99 -77 -92 -69 127 29 111 -75 -87 28 -118
-72 -40 107 -9 117 15 -44 -32 -12 5 -18 118 -43 64 38 109 -20 100 -69 69 109 -25 3 -4 -32 -49 124 112 -8 -62 -79 -62 78 -65 125 -118 13 -73 54 -116 120 -81 109 -49 -51 119 19 80 -70 -60 -63 -113 21 -72 37 -88 6 -68 23 -67 -14 45 99 51 44 -16 96 -21 -115 -35 3 -11 -88 -120 20 7 -83 99 98 -93 -49 32 -32 71 12 111 -48 34 -115 -18 15 -12 -37 -27 100 81 44 97 -50 59 127 -109 -85 53 -96 -10 -101 114 -59 123 101 -16 67 -27 98 8 -68 -23 -33 -124 97 13 3 -70 103 97 62 -114
-100 -115 -121 -32 38 -110 -21 24 37 66 -54 75 -91 -110 -79 -17 40 80 10 63 120 -7 -63 54 110 -53 -38 -71 -99 38 60 -10 81 -123 115 79 -59 104 -117 89 -70 -23 77 29 36 -45 51 -32 29 -79 -91 7 49 -4 -120 10 -50 -33 68 -34 57 14 85 36 27 -58 -124 -20 93 -9 -126 5 120 -82 -27 -3 -53 -34 30 -65 77 73 -10 -86 5 90 41 63 -79 124 -58 75 -107 98 -34 -60 55 -39 29 105 -118 -27 -20 -110 -47 77 82 85 32 124 -113 98 51 64 125 -7 -57 -20 123 -32 -38 -94 -19 7 0 -55 -56 -103
-123 101 4 -34 123 -17 -63 -21 -126 -53 -53 -32 2 -97 86 92 -83 78 95 -112 66 -49 -61 -101 12 83 20 88 118 4 -81 -56 96 -66 -12 50 31 53 31 -32 104 -122 95 91 -107 -9 -76 -11 -50 -66 33 125 22 5 -57 103 108 -105 -80 -49 -80 85 85 118 -80 -65 61 4 -23 97 83 -46 110 -14 3 -80 -56 -84 -94 41 -65 23 52 -95 -54 -59 -18 -68 110 -80 -8 88 28 85 -54 36 10 -35 -102 -86 23 68 -8 -112 92 -51 65 9 41 -79 -47 -7 50 -91 -74 -41 -113 -31 80 101 103 -53 125 105 29 -58 -45 -11
-24 -83 -22 -87 -77 -49 90 42 -67 77 39 -114 -73 -40 56 66 84 102 -26 -126 83 72 9 67 113 55 -42 28 -77 -76 59 -67 80 -65 108 -77 71 -71 -9 108 -29 79 -74 -124 -54 59 -88 -1 -79 -92 102 54 -86 101 116 -73 25 -83 -16 8 5 -101 -34 31 70 -91 -114 92 118 43 -59 -2 -76 -108 14 64 33 -120 23 78 75 -109 43 54 3 -89 86 -124 -114 66 -114 31 -50 -94 118 -42 -115 43 -66 -112 -98 50 -50 -34 50 44 79 90 -99 -120 81 64 -122 -64 -15 21 122 -18 118 -98 67 84 11 -75 35 80 -114 76
-45 -38 -48 20 82 79 98 104 -29 -57 42 95 104 -127 -111 -50 95 -125 88 83 -115 23 94 -102 -48 -120 54 -38 83 72 63 -37 -39 72 -41 -24 42 30 45 -14 -114 -89 -29 -8 25 28 -76 33 58 8 111 67 59 -51 91 -114 89 -97 -101 -123 15 -46 -86 123 18 113 -8 113 106 6 -13 -58 -100 -100 -114 -113 -28 -60 -46 -70 112 -127 109 -124 0 -121 -2 92 108 1 126 -90 112 -72 -67 -63 107 -8 -37 103 -106 111 63 -92 -11 -77 73 -98 90 -36 30 -23 18 106 97 -120 116 -127 44 24 44 -97 15 -111 -108 -18 -113 30
-120 -23 12 -51 72 87 -75 -10 -13 -42 56 -21 25 -104 102 124 54 -34 -69 87 115 -18 12 113 -123 -77 -125 87 -84 -57 87 83 16 -85 -65 -90 13 77 -86 30 71 125 63 93 46 104 -87 -27 59 71 -108 -61 -65 -38 -115 -94 -90 -74 -46 -95 30 -65 -37 -62 -15 2 -26 -79 19 57 -23 45 26 95 39 124 126 89 -97 -117 -77 -78 123 -61 60 125 -111 -65 7 75 110 79 30 91 -84 -124 -25 26 -75 -59 64 45 -3 -15 -38 -1 38 -1 95 34 -8 109 -77 -104 72 -71 42 -75 -86 57 -121 -96 -120 -91 78 -60 107 120
82 71 -9 55 -93 -3 56 -89 110 -97 -4 -108 -7 26 -46 -37 -97 4 29 127 118 -62 -105 -94 -75 -44 -40 -3 125 -42 84 -88 -93 -124 95 85 22 122 113 43 -49 35 -92 -125 61 36 75 84 -70 20 13 -3 -5 -55 -97 56 -49 -54 8 -10 -89 20 10 -103 79 -82 -78 -114 94 -68 37 -114 31 28 -54 62 121 127 81 109 39 26 -74 6 112 86 -22 -71 18 19 -122 -34 31 -110 19 47 -107 -19 -110 96 101 110 120 74 9 -42 -59 -51 64 -14 18 94 -100 -106 36 -127 -61 -118 34 -82 -112 -72 -25 28 92 -81 -86 -110
46 -49 -92 -20 87 112 82 12 72 -90 -78 6 -11 35 -120 87 -90 78 99 -102 -87 77 25 -69 -110 -28 71 3 116 -61 113 -9 -80 119 109 -84 -42 113 84 -36 46 -113 -124 -44 -111 -91 115 -71 -72 114 80 -63 80 97 64 42 45 -106 -8 -9 -28 47 -76 -106 -93 3 110 33 -19 -11 -109 -12 116 -32 68 -38 -117 -74 -125 -12 -19 -32 80 114 50 27 -27 74 -127 -84 93 -63 -51 1 -63 -115 79 43 -66 -91 -39 4 -111 70 -79 -37 126 -54 -110 -114 -44 -95 -30 17 73 112 -89 4 -45 -41 -45 -58 -78 116 66 50 105 118
