-74 80 60 29 -121 70 74 28 -67 -104 -9 35 55 15 45 51
87 11 -88 48 -122 92 -123 67 80 -52 -2 -126 10 23 36 -32
56 -55 47 -108 -75 3 59 -37 52 123 39 1 17 -96 101 -24
86 77 13 28 35 -91 123 -57 16 -117 52 -110 -88 50 -34 75
-108 -72 36 29 -84 124 -111 68 73 -13 -77 67 -109 -83 -20 -122
-57 63 -90 -70 89 -85 16 79 1 -31 -81 -121 -108 -49 -30 -110
-39 96 121 -119 -15 57 10 74 -55 73 14 76 43 -36 -78 -32
-5 31 -44 -10 -55 79 -41 -23 -125 -17 -62 -122 -86 -112 34 8
-63 -31 -72 -50 -59 -66 2 -20 -59 59 -30 -128 11 -42 -114 -7
-61 -19 -72 -1 103 -36 99 -92 -83 -9 -13 64 55 -63 -122 56
-24 -110 47 29 27 21 -71 50 86 7 -106 115 38 67 118 114
101 -8 75 33 13 -35 110 97 95 127 -52 -17 -44 -50 127 -3
79 59 -12 44 30 119 64 42 -119 61 -75 16 18 -55 48 116
-16 47 -36 106 -48 51 -42 -84 -56 86 -10 121 -45 87 55 -75
-128 10 -127 56 126 58 117 -101 10 -68 21 29 -48 38 -98 -53
-115 53 -74 102 -61 -73 39 49 122 3 118 -65 -18 22 7 -8
-20 96 -104 13 -101 108 124 36 97 -81 -92 68 -33 117 -76 -41
115 5 124 -8 -105 12 -128 56 -70 102 91 67 30 53 -89 54
55 -98 60 -53 52 113 23 32 -11 7 63 34 8 1 43 26
14 31 126 -68 -64 -80 48 -9 2 124 102 38 -31 53 121 29
66 -85 -112 -14 104 89 116 36 37 -107 46 -126 -75 81 -51 -16
98 -49 -7 9 127 124 -113 124 -101 -12 7 -86 -99 82 -36 48
-98 1 26 51 -54 -114 126 23 113 25 -46 -9 52 -45 17 60
123 10 -113 120 102 30 51 32 52 123 -109 -84 -45 34 -122 -34
-57 108 -98 -37 107 -24 67 -4 69 2 -66 -9 -109 -6 48 57
85 36 -4 68 61 106 15 85 91 51 -76 -20 -22 -102 -122 -63
10 -61 9 -31 -51 -4 -102 -32 87 -38 44 94 -92 -96 -57 -111
65 -28 -99 -18 -103 45 111 103 105 44 -53 -74 26 -78 106 -68
-102 65 -73 10 25 30 24 -44 9 -43 -45 -59 -53 -45 100 -32
-51 74 -97 69 -22 -49 88 95 41 16 23 -4 -107 -113 -75 -128
-76 -56 -112 -97 -10 32 -59 2 103 -1 98 -4 24 -87 74 -27
-44 30 -39 -10 19 -111 -42 -35 -50 115 36 84 -15 96 53 27
-55 75 -108 -118 -89 -27 33 55 -26 82 124 -53 98 -102 -29 -108
-92 -78 21 46 -20 62 65 -111 -16 2 4 -2 58 -12 5 86
102 104 -46 83 101 127 11 93 -123 53 8 114 41 -34 70 79
-94 15 37 48 -52 69 69 98 62 102 119 -2 -69 -111 -121 -63
116 17 12 -39 -89 -3 -55 63 73 -118 67 -105 90 96 64 -35
57 13 20 -7 -12 -19 42 -32 5 126 -65 -81 88 -65 -60 -50
-28 -32 100 93 109 -16 -52 96 -125 27 115 99 -42 -125 79 -74
48 91 -56 112 -126 -100 -20 34 123 34 70 -100 -124 39 40 -81
79 0 104 -28 -103 65 -102 -112 -113 -111 -19 113 100 28 67 69
-94 21 -53 6 -118 54 109 -80 123 51 -108 -128 -9 -67 90 71
-123 93 -49 -58 -72 16 -122 68 31 -48 -62 63 -65 94 61 -121
4 113 40 114 12 21 -92 115 -11 -49 78 -88 -114 -110 -26 3
36 -29 -119 -31 109 -5 -25 42 1 -78 -33 -46 14 7 -6 103
-78 106 -1 -41 -64 -10 85 124 69 -127 -43 40 35 36 60 -113
66 -28 38 -73 -104 118 73 118 118 -98 -6 -44 -7 76 90 -60
75 40 56 57 25 -77 -87 -12 56 -12 13 -95 4 -25 69 -20
-39 -107 56 120 94 -68 -119 25 93 101 -85 85 18 30 52 58
-113 -80 0 -121 -33 34 78 112 51 -42 79 -4 16 -56 100 -84
-110 -35 2 -110 81 -127 108 -112 73 29 107 -10 -5 33 -120 -6
41 107 90 -115 -93 119 53 118 -23 -105 -49 99 28 -23 -43 -82
-97 67 16 -92 -109 3 -75 64 109 -95 28 9 93 53 -57 -69
62 18 59 -38 78 108 -13 -21 12 38 -46 15 -72 -47 -53 43
-11 100 -42 -4 -32 -86 57 -14 46 35 -73 62 -61 118 -20 -55
-46 -112 126 -90 97 102 64 100 -16 64 42 -1 18 53 -65 -90
16 -66 52 -70 -57 -38 43 12 -81 86 92 -37 -116 64 -122 20
115 8 45 -120 -57 103 -2 2 114 94 11 69 -79 -116 126 36
124 84 -107 3 -6 34 -80 120 -29 8 -104 -4 -60 86 1 79
25 -90 -70 99 81 62 -94 77 -80 82 -102 -3 88 -117 -40 -88
-42 -77 15 61 68 110 35 -16 40 17 70 98 -37 -108 2 -32
-85 -64 -42 108 -88 -111 -76 90 -20 77 123 -123 21 28 78 10
19 52 -100 8 14 28 10 -112 75 34 -86 -54 -119 49 62 -83
0 81 -99 -96 -106 113 -42 -46 111 -51 67 5 35 84 99 41
