-8 -93 -85 -97 19 -22 16 85 -71 -88 85 12 34 61 -124 101
-35 -106 -59 -73 -127 -4 100 -80 -117 -95 124 95 79 -79 91 -32
-102 -106 -62 -40 -71 -109 99 -71 -52 64 -118 89 19 -33 -81 -71
-18 -73 -20 -13 -35 -22 -52 23 -51 -90 28 -102 -104 28 56 50
94 91 -68 118 99 17 -80 -122 110 -65 -99 62 -15 -102 95 -127
109 10 11 8 -69 -96 126 -114 82 86 -28 61 -64 -94 124 -47
-19 -56 93 -58 -4 -80 93 91 -58 -50 -105 39 -7 -70 -71 123
-104 -2 -55 95 -23 -118 39 -116 -128 -10 -106 8 47 78 101 -119
0 -50 60 -70 64 60 79 36 -30 32 116 -16 -103 -111 -25 -58
-11 -112 -49 -23 41 -79 78 103 -29 80 123 -80 95 -105 3 -91
-83 -109 118 -68 18 53 16 107 -12 23 -90 118 77 106 -53 -67
-24 77 -105 119 108 69 126 -85 -63 104 -128 126 49 -3 -41 76
86 45 -80 -111 110 5 104 18 -117 99 -119 56 53 33 -52 -56
28 40 89 38 -124 -79 117 -32 10 -19 -2 -16 96 -52 21 -90
53 103 -1 -13 -118 -120 27 -106 5 35 -68 -48 -15 -126 -39 59
97 -58 -113 93 24 22 85 -61 50 -71 -128 116 126 21 -6 85
40 -67 -58 22 97 70 125 -78 -65 51 8 55 -42 -8 -117 -119
95 38 -58 -11 -35 72 -99 57 38 -8 -89 -62 1 83 -14 -13
-64 -43 5 -114 -116 48 68 5 29 54 -34 32 70 -47 -69 111
-105 50 -17 -40 -1 69 -126 67 29 77 81 -81 4 120 -66 46
61 -80 -25 32 -75 -4 -117 4 61 3 51 -66 92 7 120 -64
-9 59 -64 -87 -120 103 -119 119 -47 11 -61 70 -76 -44 -100 119
-61 81 -17 -35 -26 -48 -82 -2 -77 -100 -16 -116 48 106 53 55
61 100 101 -117 49 -116 56 -62 44 89 127 -66 18 87 82 -44
-11 -18 -18 -70 -13 127 -128 -51 126 44 -36 80 -112 -46 75 106
15 -83 107 -107 -51 113 -110 2 124 31 -79 -23 -122 12 68 75
-27 -79 -91 10 37 -13 39 42 -15 -126 -87 32 45 -63 -117 -122
109 -18 -1 19 -4 -118 -47 -32 -87 -35 -23 -32 -44 -46 -56 -82
54 -113 -106 -81 -15 118 -21 26 -89 71 81 103 -49 68 81 -105
-111 -8 17 88 -62 -7 -116 -51 -48 -108 88 89 -14 102 -67 51
-103 -58 76 19 -46 30 23 -12 -69 100 -112 37 6 110 -101 24
-43 -35 -70 31 -7 22 93 15 54 108 -88 -80 -77 -63 38 -19
-38 -20 -33 -54 -57 -37 -74 -29 92 -63 -109 -37 -38 37 -66 117
-49 26 89 94 63 -18 119 -59 -32 104 -10 22 8 0 68 30
99 -33 -37 -105 5 -44 23 73 61 -43 -102 -40 73 69 18 92
-121 64 121 -93 -41 -34 -39 4 114 -52 61 103 83 72 45 -103
-27 123 -119 3 90 30 75 37 104 14 -57 -45 73 -110 -65 56
-77 101 -58 -101 72 17 24 54 -86 -28 -30 41 -1 -19 105 -20
-119 -91 95 -103 -38 -23 107 -34 106 -121 -2 -103 102 -40 17 21
-110 -114 53 65 -87 -110 21 91 -121 -19 -50 76 102 -81 -29 -71
52 -112 92 -49 -39 51 -103 12 -127 8 -84 50 61 -43 25 -3
103 72 -77 89 -52 -1 -39 -35 -57 80 40 -40 72 95 58 53
-126 -8 72 -15 61 -52 61 84 114 -124 -48 -34 -45 79 112 -29
-61 -40 -126 5 74 -21 -104 -30 117 -62 -28 4 38 -12 -17 -83
-62 -47 -68 -110 1 88 60 -81 70 69 -21 -124 6 -22 50 43
4 -1 -76 101 40 -9 -100 -128 -25 53 -29 20 -29 -17 97 51
43 49 1 30 94 20 -88 -82 -47 15 91 -1 119 -67 -100 -105
112 -80 107 4 122 114 -88 -40 83 -14 -16 -70 81 126 33 -16
-122 -6 -18 29 -14 -116 -106 -59 -71 -92 -51 -8 101 10 125 114
49 9 -53 -72 27 30 64 -56 -101 -1 -72 -41 27 62 125 -6
-124 50 -31 121 24 29 -77 -60 117 55 86 59 20 -7 95 -127
16 -35 40 112 27 -81 -113 -102 33 83 44 -111 -56 53 88 -57
44 1 58 11 -105 -93 -51 119 -51 -109 -33 -107 -59 73 50 63
-95 -65 48 117 112 -23 -105 -85 -80 107 -46 86 -122 58 78 -65
114 101 -87 45 -62 124 74 -58 -32 -100 -35 -48 49 109 -83 -109
64 29 86 32 9 -98 27 -114 -80 87 76 106 -104 1 -19 15
-53 102 -50 -50 -39 -125 100 74 -58 32 6 110 -113 20 -10 -2
-12 -62 100 -98 -84 105 22 62 -16 -90 -44 92 -28 -20 -83 116
-66 56 -51 91 -29 -77 -99 45 -25 78 84 -4 -125 109 127 105
-105 -121 -18 79 124 7 61 38 107 75 -116 77 -82 -54 -5 34
91 88 -35 120 24 -106 -78 -11 -10 59 -31 -109 -124 -8 17 -15
-5 6 33 48 47 -50 43 6 -122 125 8 112 121 46 -32 17
94 -60 -68 7 10 -109 -29 -49 12 -52 -115 -14 61 118 92 -122
-120 -40 82 -48 -93 127 -78 -69 23 -63 113 74 -14 88 42 -14
