97 -18 -25 12 -69 71 65 61 -52 -30 12 66 -104 -60 -75 110
-35 -107 -114 8 124 -35 -45 31 -13 -54 90 -5 -57 -113 -38 -75
-81 83 17 -13 71 123 -111 61 63 -86 22 -38 19 30 -46 74
-21 -95 -5 73 110 31 -76 -18 98 88 -63 -7 -22 126 67 9
66 -121 97 109 -111 18 7 3 44 25 58 -114 121 10 99 -57
-82 -99 112 124 58 14 4 38 10 47 -54 -57 -50 -112 89 -55
-2 5 104 118 99 32 -41 23 3 -100 -92 -83 22 96 -106 59
69 -90 -87 97 -121 51 6 -62 -76 -49 -74 -11 -36 57 -125 40
23 12 -69 107 45 -106 -91 117 96 -30 82 -45 -101 65 19 120
-29 107 16 -45 75 36 97 98 87 -116 -61 88 -23 105 66 -40
79 -113 7 -16 27 -93 -87 65 37 -45 -7 47 -31 10 -19 77
81 109 94 50 60 -104 98 9 80 110 125 2 -68 95 17 93
-22 72 124 112 125 5 -78 -59 -11 94 -127 -16 -54 -13 -22 -92
107 -54 -68 -41 110 39 -10 100 -75 -24 88 -2 -83 51 7 70
-122 82 113 -3 37 102 -103 -106 -12 63 117 -122 50 -29 -117 -70
-81 106 -6 -45 -122 -58 -127 -47 38 -60 -84 106 0 -128 34 -70
104 -84 -94 108 -31 15 56 109 64 -2 59 112 32 78 6 -59
91 116 -119 75 -57 11 -8 -31 105 -92 83 -92 -31 52 -28 3
52 6 -105 49 -92 25 -49 67 80 14 -79 94 -105 73 23 -122
-8 -106 -115 71 70 39 -60 -98 51 -28 58 -43 10 -111 22 90
-64 78 97 112 -77 -90 122 34 21 38 -1 -102 72 119 70 -18
-112 84 29 3 -36 -7 -43 32 -107 82 -104 70 24 124 -40 -96
90 -118 88 86 -102 70 96 88 -43 67 -44 96 3 127 101 -6
97 -82 79 20 111 46 -33 82 -104 -121 -120 -97 80 96 -108 -77
-30 63 -103 -48 -101 126 -14 45 -120 96 -47 -3 -54 116 25 -32
-63 26 -63 47 -36 41 46 1 -45 85 5 33 21 -87 24 -45
-29 -71 -100 -98 -35 -24 16 -31 113 -9 40 30 77 -60 108 -73
79 -19 55 1 70 40 -109 43 -66 -95 64 -59 -71 90 15 -105
28 99 -95 -72 -5 125 -124 -21 4 -47 72 54 79 18 -11 27
-32 -59 67 -106 -16 50 92 59 90 32 -117 -18 -85 -32 50 21
-67 126 -106 16 57 -58 96 123 119 -63 72 100 -107 6 46 -116
66 50 34 -43 -24 -96 117 -8 76 -80 84 -85 69 59 90 50
-108 5 -19 -40 -81 -12 38 -63 84 -49 43 -21 -44 -55 -82 -104
-63 -119 58 90 43 14 74 28 50 -8 104 66 -38 56 -85 -84
-16 -59 109 64 60 -103 -100 56 -20 -4 -16 115 -41 -110 25 32
63 -127 83 17 71 -103 -115 15 -118 46 -45 -20 -65 13 46 88
-102 56 -111 115 -75 62 -22 55 28 -43 58 95 34 88 110 76
125 -103 127 13 -77 -114 62 -50 -113 -62 -66 91 -75 89 -44 -65
78 121 42 49 -94 120 -40 71 125 -83 -59 -60 118 86 65 26
123 87 -121 -77 -92 23 -96 -121 120 90 -13 -18 118 -100 23 84
-111 -36 -91 -48 -46 21 -71 -99 -30 98 3 -122 -128 -57 31 -64
-102 -61 47 89 66 55 88 66 46 72 7 -31 76 89 104 48
-94 29 70 -60 -113 -65 -62 -84 74 13 -66 -96 62 -126 123 8
11 28 -113 18 95 -54 14 22 50 -20 -28 2 110 13 2 -4
6 -31 -10 -14 125 104 -23 60 -63 -6 -59 -103 -61 -27 3 -43
-27 -40 23 29 38 -66 123 44 -124 -75 80 -87 108 58 -42 111
125 -34 -38 15 26 74 -94 -31 109 -19 27 91 10 -117 118 -16
-79 -93 -72 28 -32 55 86 -77 101 95 -59 -4 90 116 -65 -86
-34 -50 44 -107 97 -126 23 27 109 -8 -3 -89 -12 120 -32 -39
39 117 -79 -14 -84 56 -76 18 -89 -61 49 -42 87 31 -85 -72
-121 118 -18 60 44 83 22 -111 74 81 41 -78 -105 91 -59 -44
69 105 -55 77 -30 -16 60 90 104 -85 -97 11 112 125 106 40
-11 96 -66 119 0 95 -108 -34 -33 -110 -40 7 70 57 15 -16
-110 73 49 94 -96 2 66 68 117 -110 -127 3 -50 91 106 104
43 -124 59 91 -6 13 -90 -119 108 58 -33 89 -54 59 -33 -30
-90 125 28 22 22 -104 98 13 -69 -64 52 46 34 86 79 93
53 102 60 102 10 41 -16 114 9 -69 -50 36 -118 -39 -74 121
-92 -97 -82 -28 -120 67 16 24 -45 23 16 31 -94 40 -117 47
-57 -65 -46 -40 86 -66 12 20 97 122 61 -67 -104 -57 -126 55
8 51 -108 40 -114 107 125 120 11 -67 -104 -83 -16 -117 89 -115
34 -25 -14 88 87 2 -78 87 -86 105 110 18 117 15 86 -64
66 -52 121 -123 -122 -69 -32 76 108 -2 88 -45 23 -99 -12 -111
69 13 -96 105 -40 92 89 -115 69 105 -23 -99 56 -89 -58 94
-112 -102 86 -107 -128 -40 -88 69 71 115 76 -99 87 -118 -77 -62
