99 -16 -111 -50 99 108 4 74 5 -71 19 -85 -56 -14 -114 116
28 19 -23 10 75 94 100 46 -58 -54 105 26 99 83 -46 -19
49 -62 74 74 -13 -50 -67 114 102 -66 -120 103 32 -115 -77 39
116 -2 112 -111 -74 -104 -98 -115 -66 -74 -118 -70 -42 -61 -64 0
90 -70 -104 -44 93 94 -100 49 -51 53 -96 -72 -98 -32 -3 14
58 0 6 103 -82 -107 15 105 -88 21 51 75 114 -37 98 -13
-62 106 89 -51 52 109 -13 8 98 81 -57 7 80 93 98 28
36 -69 103 -80 -12 -77 88 112 -3 -23 65 108 -57 -111 90 -92
31 -15 -73 -13 -14 10 -58 -47 10 -102 -7 -6 110 35 -54 60
39 -98 -108 -75 8 -89 97 -74 -22 -128 44 103 -21 -62 109 2
-70 -98 -119 -22 68 -47 -43 -39 -2 -16 1 127 62 69 120 93
65 -43 35 24 -1 -47 -10 89 12 -59 -120 48 -28 35 110 6
-74 2 -92 -32 -40 60 -109 116 74 -50 -120 103 77 29 40 100
-60 -47 19 -88 -62 -91 121 105 33 34 15 38 -47 71 28 9
-93 60 -37 -92 70 122 25 54 -63 -79 87 110 -9 3 41 13
120 -42 55 102 -119 -31 25 -102 44 34 -70 28 17 43 -126 109
-109 8 -1 44 -71 120 -101 -3 16 -68 -34 -83 -3 17 -91 -44
-14 33 85 89 89 -23 92 -83 -11 -122 40 -55 -27 -71 -71 -15
-41 110 32 -16 -4 70 105 73 51 -79 15 28 -123 54 81 65
122 17 56 -4 -77 110 -86 -43 -39 -123 -118 -12 -98 -66 4 -82
91 -81 -94 -84 105 -76 34 -71 -61 35 -89 75 106 92 -8 108
8 87 -101 -52 78 53 -56 -127 102 -31 45 78 31 109 -83 -15
-121 -51 58 50 -34 -80 11 24 24 1 61 84 -17 95 78 107
88 20 55 -45 125 -15 82 59 -65 122 27 35 95 74 45 -109
-120 -14 -10 -97 -89 82 51 -16 38 -18 107 -114 92 -110 -41 74
-71 119 -76 0 78 -11 -3 77 -81 101 5 32 -39 82 -87 20
-5 102 112 -93 -48 32 -105 -30 -17 80 -81 59 15 -1 -35 66
-13 125 107 90 -98 -74 63 100 -49 21 -121 15 82 60 -88 -86
-74 -98 -3 70 -52 -118 91 -32 -102 91 -124 -49 -80 -50 20 126
63 -73 -76 95 33 -2 46 107 -80 51 66 13 -95 1 37 30
39 29 48 49 -91 67 -69 95 44 -7 22 73 121 57 -70 -30
117 34 -21 12 60 53 -120 125 37 91 104 89 -27 32 28 -75
-89 -6 48 -85 -103 126 -68 96 27 -41 -86 115 100 -16 36 -88
90 28 20 -82 102 -116 -88 -117 -47 117 -62 110 104 -15 -69 72
-104 -108 -44 -81 -125 80 4 19 1 50 -94 24 57 -84 -118 2
-99 -20 -62 -112 -109 123 30 55 -9 62 92 -54 -92 37 -42 126
-4 24 37 -50 -103 91 -33 -78 3 -76 -126 -69 102 84 54 64
88 43 -44 97 -123 -7 -60 25 118 27 -21 -35 -92 106 81 107
80 81 -75 -102 -1 -59 95 -80 -122 86 -94 41 -90 -41 102 59
-34 99 9 -124 119 11 59 33 73 114 -100 -125 -35 28 3 -66
-100 6 30 119 117 30 -104 -83 25 67 27 -80 6 -2 49 86
92 0 -86 -87 19 -53 42 114 85 -12 107 -90 -54 -4 -117 -82
102 57 49 124 -126 -44 123 -37 -46 -128 -127 17 21 114 -66 30
-80 7 26 87 -11 -16 -106 -57 48 -42 -20 -45 39 127 -28 126
-38 13 -29 59 81 110 -4 117 -76 -10 -35 -28 -7 -36 48 78
-103 -22 35 86 90 -88 21 -4 -46 -71 98 115 16 14 -4 -59
3 82 -105 -36 -4 -67 42 -47 67 -110 -89 108 89 39 79 -83
-79 92 -77 117 33 87 91 40 -25 103 -29 -3 1 33 99 82
75 -62 -101 -110 -40 125 -72 -67 -4 111 -105 127 112 -97 -22 35
42 113 110 8 -59 79 70 -104 65 -63 -96 -107 90 -9 -110 83
28 125 120 -31 111 22 -17 31 -24 111 94 122 124 35 126 -105
2 -99 -38 -22 82 88 4 -123 -36 42 -45 -58 -2 -48 45 -102
-55 -43 -42 -12 37 -54 -83 -54 40 -119 107 87 92 83 125 -111
47 73 -120 -16 15 -80 -83 -31 -11 -35 13 -6 -17 -56 17 -82
32 65 -29 95 -43 -74 -87 66 -3 -44 -11 42 48 38 -90 105
2 -95 -33 -128 33 66 42 -27 92 48 65 -58 -123 -127 102 119
-10 -112 -97 75 -72 -65 -119 -57 -54 -113 -12 40 64 -58 -44 -48
104 73 -47 -95 -95 -10 -27 -47 -21 116 -116 -58 -52 46 107 36
-72 -37 21 65 -80 117 117 -97 -72 -64 -46 -32 46 -88 58 -33
-113 -83 39 -9 -43 -65 -119 -67 -57 -3 -104 -53 28 -101 38 -117
-40 45 86 -125 74 -9 -98 -79 -39 -102 32 -62 65 88 73 12
124 14 60 123 44 -66 -89 34 -16 -6 -46 21 -103 79 -104 -81
103 -26 94 112 -127 7 -24 6 76 3 -48 91 -32 -19 94 117
103 -31 -30 85 -114 2 108 -16 -121 -104 110 -22 36 72 76 17
