102 -4 122 -6 -4 55 -25 74 -69 -109 -33 127 85 -71 82 -29
-15 89 123 118 72 4 -65 30 45 36 31 -75 -81 -56 -58 -116
117 -57 51 -12 -35 -119 -46 104 110 19 17 -41 -47 54 -44 99
107 -93 -67 44 -64 7 -51 70 -53 -40 48 -40 -71 34 -29 -101
-79 -27 -105 118 32 -70 -102 119 26 110 -96 44 -127 116 -127 59
-12 -61 -35 5 24 -123 53 93 24 -49 -46 21 -26 -5 -34 -124
-112 -108 72 -37 35 -61 47 126 -67 119 -70 101 32 -25 -76 93
-76 -50 91 -16 70 -117 -101 -58 -83 -9 -64 -102 95 -78 87 19
-98 42 84 92 35 118 -1 -64 101 -31 102 -111 -121 63 -73 81
118 -17 118 94 113 -95 -58 25 -19 -105 -41 -96 126 106 93 41
122 16 12 9 108 -103 -14 -82 119 7 28 -64 -30 -66 -30 -20
-49 -17 -2 -51 21 -7 92 51 27 98 88 -36 80 80 49 57
26 94 -80 -1 37 -37 -89 24 85 -76 116 104 -65 76 50 36
-62 121 88 -67 -79 13 93 -120 77 23 -122 -59 31 -39 85 101
-96 20 -125 45 1 56 106 54 -124 -63 -124 -3 88 -41 -40 -116
-28 -89 85 66 16 -112 -97 -108 -54 -14 -15 -94 -43 102 75 50
23 72 10 51 -25 -44 67 -44 -35 2 -59 -105 10 50 10 -95
-39 -111 22 -30 111 98 -79 63 -6 -16 23 -42 -16 106 -75 90
-110 26 -56 -8 59 37 -15 69 -44 16 23 -110 81 9 -27 -95
-89 36 -29 -8 78 11 -120 -94 26 -15 62 83 -117 -3 -35 -15
2 -115 41 -6 -9 29 -16 -59 51 -116 85 53 -43 -125 113 124
19 -63 124 -28 21 74 -114 87 -21 16 65 -41 -44 -37 16 -54
-13 10 91 29 75 -81 25 -84 87 99 93 -20 -71 14 96 127
98 -128 51 105 -53 -61 3 -108 -114 -86 44 94 -55 62 84 104
73 91 -65 -1 19 -11 88 -26 -38 96 100 122 95 -98 -50 63
-85 58 -78 -29 -22 -112 26 56 -36 64 -45 123 105 -38 93 108
16 -121 32 107 -44 94 -48 -102 -81 64 75 9 43 67 8 112
124 27 -126 -75 6 63 -110 115 -32 -103 123 9 69 -99 -5 -42
-62 -67 24 -84 -73 -68 31 96 -44 18 111 12 -59 -38 120 -106
100 -105 -81 -81 74 -1 104 76 -17 53 -26 -115 114 -114 -14 -127
49 -71 124 -81 -41 59 18 127 -29 -36 -24 -23 52 -37 -52 -50
-125 74 -47 2 32 -126 41 -123 74 -62 95 -110 -29 -118 -76 -125
18 -90 -1 35 67 -48 -23 111 -7 102 37 78 -76 -30 -9 126
-25 -85 -27 -38 -78 102 -75 95 -28 81 -93 -14 85 -124 120 13
57 -79 -44 -87 -101 -83 -48 -108 -118 -98 -7 10 5 -39 45 -121
20 -15 44 -112 23 67 -31 -21 105 -76 41 85 -23 -49 33 -113
-77 23 119 -38 -45 -102 -103 126 83 62 -52 100 -15 2 -13 -14
-82 13 78 -10 -2 -66 -27 109 -30 119 106 -107 25 26 116 113
-126 105 62 39 84 121 121 127 -115 123 -124 124 16 -57 -82 -115
28 101 -80 -30 82 73 -116 -14 -93 81 -50 23 12 85 31 -117
-86 88 -90 -85 68 -5 21 -43 44 109 -82 -28 -17 47 -49 32
112 -37 96 59 19 49 -60 -114 99 -3 -50 -91 -39 -54 -48 54
117 33 29 -65 3 14 55 2 12 -74 30 110 -127 -76 9 -128
40 -53 -47 117 -34 -127 97 29 -62 103 -27 -44 -8 -103 125 36
18 44 48 50 -57 86 -32 -61 -90 23 55 -23 -95 -61 63 -1
-114 15 123 16 54 -16 31 91 56 -7 -30 61 67 91 113 -2
-97 56 96 77 -98 -93 -73 121 94 23 90 124 -23 33 -58 -4
9 114 -31 -63 -110 -112 -66 42 -63 -16 120 -105 110 -117 -13 81
24 -25 122 91 10 -118 83 82 -33 61 26 96 -1 -87 53 -47
-84 71 89 34 -66 23 -26 61 61 -31 28 14 6 -52 70 94
61 64 80 -2 29 107 85 124 27 -71 -28 46 -104 120 -69 7
42 31 19 -103 -115 102 -125 -60 -104 -19 -114 79 70 77 9 65
88 33 -22 -116 58 84 -49 -91 38 74 33 -74 63 -55 126 69
-72 45 -118 37 6 -32 91 -54 -1 -41 33 56 50 -50 -107 59
70 -72 -128 18 56 -25 -12 -102 21 -15 -9 86 -119 119 103 -122
63 19 -96 -37 24 46 123 15 -66 -28 -127 97 -21 -124 -2 105
-82 -63 22 -79 54 -3 -63 -2 56 109 112 116 28 24 85 -26
-103 86 10 -103 115 -34 84 -2 33 -79 -48 -26 -37 4 -90 -96
-100 51 -20 -15 72 105 -10 -61 20 107 74 -56 55 -121 14 103
-29 74 73 89 79 -81 -19 -108 -121 89 -25 47 -31 9 -23 56
28 92 98 -45 -63 120 55 -127 2 -51 -20 -73 -69 -26 8 -104
116 36 -64 18 -91 84 -81 47 -118 -88 -103 -74 97 -91 -29 -86
75 127 -103 116 -85 -80 -58 22 -28 -21 104 81 32 -44 -77 125
14 -122 4 123 35 -21 95 99 18 114 84 77 -72 -48 -111 80
