-97 -86 14 44 0 -85 120 124 -42 -32 18 81 80 11 -69 26
73 48 -65 81 -14 33 -47 -85 -122 -87 -35 55 -81 92 -82 89
-124 -90 -26 -27 123 -64 -71 78 -111 16 93 -57 -128 95 73 85
18 70 -66 28 -3 -119 41 -125 -51 -110 -123 -35 -106 -93 -46 -118
3 65 -122 98 13 84 -116 -124 102 29 12 -122 62 -53 -11 -77
73 66 -5 -47 73 -28 116 -26 -104 -66 52 -27 3 22 69 -65
41 -4 122 12 -125 73 -65 102 32 -8 -116 -35 -100 -114 26 49
25 108 -10 50 -40 -37 -108 -5 100 119 38 39 31 -57 114 59
-110 -28 -37 -22 -101 -13 112 -33 116 80 115 -73 -119 -90 -14 -37
127 -57 -49 83 27 -55 -41 -2 105 -121 58 80 54 31 109 9
-48 30 -128 -49 116 69 -8 57 124 -117 -95 -4 -9 118 98 -125
3 64 -116 35 5 -32 -38 38 -88 -38 70 -106 -29 127 21 -60
-31 63 -41 -30 38 -109 111 102 -51 -36 54 92 117 -24 -57 -111
-67 103 -119 109 53 42 -6 42 73 96 87 -108 -104 116 82 -56
88 52 87 -19 -27 33 16 -124 23 -21 -73 56 -123 53 -65 115
-10 -104 -30 25 3 -114 67 91 111 -125 14 34 16 -73 125 37
33 -94 63 -66 17 -103 -81 -22 64 -107 -92 -49 117 122 -55 -81
25 -62 -73 45 -35 -29 -68 83 -87 -79 116 82 -33 -22 0 123
-60 -1 -24 99 -18 41 -1 -85 55 -5 83 -44 117 -27 -43 45
-127 15 -79 65 71 64 24 -18 47 92 -95 85 -30 7 0 -100
-18 -6 103 21 65 -116 -104 -119 66 41 -121 -80 26 -6 1 33
89 -71 28 73 15 -113 -29 -35 -50 106 -89 -13 -108 -87 71 76
-108 58 2 3 -3 -34 95 12 -47 -86 -85 38 -54 -83 57 4
-87 42 -108 82 -4 108 37 26 -121 50 78 84 -81 52 95 -96
-65 32 -50 -34 28 92 69 105 95 -26 -115 -82 -33 99 -121 48
61 50 110 -94 -26 127 -5 64 -98 -92 103 126 -27 -77 -127 112
-7 -24 -10 125 -43 -30 83 108 -71 -117 -28 85 -44 87 -30 15
97 14 -101 -15 -40 105 -14 -109 -117 125 37 30 37 79 -54 -42
95 86 9 -67 58 -97 -63 -60 -14 -12 -31 -64 -77 -73 58 27
117 -18 21 -127 10 25 -106 21 83 72 57 41 -56 -120 -82 -109
63 61 -118 -113 49 -7 -101 -45 68 -109 27 86 -1 63 89 -57
-36 -117 -42 127 -63 -22 32 -13 77 97 -71 -63 -85 10 85 -63
71 27 -118 -16 123 71 -81 -40 22 59 -104 114 -6 21 40 87
-51 43 62 -100 99 87 -101 43 -94 -18 -47 -24 -72 105 91 -38
36 4 -49 -127 123 -92 97 10 -49 -6 21 30 -82 126 27 28
74 -49 -61 -80 -122 -66 -37 115 6 49 32 31 -63 -80 -54 35
-26 -37 -7 -57 -58 -29 81 -105 -84 87 80 96 32 32 69 20
-117 10 -19 -48 -118 -23 0 63 118 -71 68 73 -55 110 83 98
-103 68 -122 -27 36 42 124 83 0 -62 -99 -41 109 -78 -45 -43
79 30 123 -26 -36 120 -100 -17 124 -59 -52 -38 -15 55 13 -90
-127 42 -67 54 54 65 -5 -24 -89 -65 -14 -19 80 76 106 58
-88 61 9 -40 84 42 -85 45 -54 117 -47 65 67 94 -99 41
51 103 -43 -91 -75 36 -122 18 118 -17 69 -30 -117 55 94 -103
74 95 -94 6 16 -34 -69 115 51 120 90 108 123 21 78 -117
17 96 -93 3 -80 -90 116 9 54 4 16 42 -106 121 119 -75
101 -63 -63 -68 -22 15 118 -39 -69 -54 95 44 12 -64 -84 -71
23 -48 16 102 -74 -1 -119 12 110 119 108 120 60 3 -31 -23
-77 -98 22 -109 -74 -123 60 -95 39 -110 90 27 87 72 48 -19
-105 85 -59 -123 109 -20 22 17 -82 -41 43 0 109 -52 -19 -103
-34 -59 84 -21 104 -23 -20 29 -63 -19 16 69 40 57 -5 8
-39 -90 -97 -5 -100 49 98 -86 126 -97 -82 -55 -49 18 -53 -22
-94 -126 -4 11 49 58 95 100 -76 38 -88 -91 -8 66 -74 -128
-114 -5 124 46 -42 110 -72 -50 85 -117 -126 -98 -66 -97 -108 127
-81 -5 53 -81 -85 114 -118 -19 31 -23 18 105 63 -64 -79 124
61 122 83 -77 -53 106 55 -33 -103 39 36 103 -51 -34 -69 91
47 -84 -8 17 77 3 -18 -5 10 91 13 69 105 -9 -94 47
28 4 -122 35 -44 -59 -52 20 -118 -25 -84 116 -103 12 -104 -127
-31 -51 24 79 -85 -124 118 19 -10 12 -86 69 105 -43 -61 93
17 -27 -12 -100 126 112 105 -39 -82 -89 4 -46 -92 -128 40 -127
2 106 57 86 31 20 -16 8 126 -65 69 -11 60 47 -28 -16
-107 -72 -24 14 -122 -61 -23 -91 18 47 79 -51 -28 62 -43 83
95 -17 61 93 39 29 -103 68 75 -103 -50 -47 -115 5 -99 98
87 13 22 -73 -23 33 -102 -92 -27 -58 24 12 61 -22 54 106
98 127 113 -106 -87 -79 -109 -27 -35 23 -40 23 -52 42 48 18
