61 -20 -40 58 69 -62 30 -105 -64 102 -109 -1 -26 127 -45 77
-60 88 86 -110 -9 10 -19 109 -46 85 116 -125 126 -92 -16 -31
-73 -8 64 -73 -9 111 19 -86 -37 109 41 24 -113 82 -93 -30
83 53 13 -58 -18 -93 -86 85 122 28 -94 44 -51 -46 -39 11
-49 56 -32 41 -102 88 59 -30 109 55 81 106 -80 -31 -125 30
103 -29 -84 -80 -56 -90 83 -15 122 5 -9 -19 120 63 -8 6
-101 -113 58 -121 -100 14 -120 37 -92 -28 55 8 72 5 121 -53
-15 -59 -22 -27 -87 -70 -83 -107 3 20 15 -5 61 -2 73 93
107 -112 -26 28 84 9 -59 -46 51 -95 -123 -111 -128 -125 -65 110
32 79 -57 97 -90 46 71 -19 -17 97 41 -55 6 -43 -12 -73
116 30 6 110 7 103 -83 53 25 85 7 37 -68 85 27 20
-116 85 -32 -20 -74 -38 92 -7 -3 125 -2 -72 -117 -8 -86 39
115 95 -57 3 127 -24 95 -123 2 -107 -125 27 -124 89 -108 2
-2 70 -63 -97 -25 -90 69 16 19 91 99 60 60 -108 22 125
92 -40 -107 -96 24 -84 -40 107 64 -12 -64 38 -67 21 -10 -50
-15 91 1 114 55 -28 125 117 -90 -21 -20 55 -44 -5 -23 40
40 -17 93 62 -125 -56 -125 -1 -22 -67 97 -67 8 -75 14 -68
-43 91 81 33 -13 126 41 -70 -31 127 125 34 -30 -3 -61 -115
126 -17 -117 -28 18 -55 50 96 0 -112 -86 -127 108 -16 126 72
100 -65 17 78 -70 22 -21 58 116 -2 26 -122 22 88 -54 -42
-104 28 69 50 -15 119 38 54 103 -69 54 92 -11 -79 78 -80
-91 62 83 -50 -21 -4 -126 1 19 86 -32 -95 124 111 -36 10
-89 48 -67 120 -115 -57 22 18 46 49 33 4 -71 -113 -49 90
-102 -8 102 56 -23 -123 60 -31 10 1 -105 104 39 -38 99 -40
104 -33 -12 85 -4 46 -46 -61 -75 80 46 -58 -106 -29 16 -22
-28 100 96 52 57 -25 125 -81 33 -83 -31 54 91 7 48 101
82 -22 1 -120 -88 42 -5 -70 -22 -90 115 -65 -105 95 -53 102
64 95 -124 102 73 54 -119 88 -96 82 -34 82 -96 -32 -108 -123
-3 -86 1 -26 10 35 -52 68 -94 52 16 35 -104 48 -90 37
-24 83 3 104 -1 -93 6 71 42 78 58 84 -60 15 35 46
50 -80 -11 -32 -45 73 39 -5 107 -70 35 84 -78 62 -124 7
-33 -31 -69 45 -30 -1 27 -65 -32 84 56 -97 -9 65 -127 -110
-64 127 -18 -79 73 -43 10 -57 52 25 -61 -125 115 111 102 -82
24 31 105 -30 -9 23 22 65 -109 51 55 -18 -76 81 -62 -85
-92 -87 -31 -7 -27 -34 86 11 69 117 15 -6 -19 96 66 44
-123 70 -75 -28 57 106 85 -103 62 32 -20 -49 18 27 -14 26
111 101 112 116 10 124 -124 124 29 71 55 -10 21 84 81 -56
-8 -38 -46 123 35 104 -1 -118 -71 -69 -83 -19 113 80 19 -65
121 99 106 -2 117 21 37 -52 124 74 -29 80 -106 -44 53 28
46 -51 22 -67 -104 -76 6 -11 -10 84 70 15 -47 -14 -91 -77
-46 -121 93 107 -103 45 -72 -115 41 -69 63 20 -107 83 120 123
-21 97 -50 -14 116 59 -22 -20 32 69 4 -112 95 101 -19 -44
13 -62 -85 40 -80 -41 57 26 43 -119 -106 65 -2 39 -96 87
104 58 120 -41 26 -112 2 -40 53 22 -63 -106 123 -78 3 -76
52 -42 127 92 15 -109 122 -27 -41 -123 -40 -45 -69 45 26 -71
15 -95 115 -19 -73 74 -101 -7 16 28 77 -82 33 61 -124 -120
-46 49 -101 48 -61 -20 86 71 -41 -88 87 -28 -8 35 -74 -14
119 -63 22 -94 -30 -35 92 -78 78 121 -43 10 120 31 -105 -109
-4 32 97 -84 -113 60 86 70 69 -47 -33 57 23 -96 87 -4
22 18 -64 -127 -30 -106 -86 -24 -95 -89 84 42 -107 87 -20 68
-91 7 104 -44 52 -82 3 57 -37 99 -85 -42 7 123 89 99
-41 -16 -63 17 -111 59 35 -116 -5 123 122 55 37 8 1 -85
-18 123 -42 29 -80 28 -13 -49 84 -61 34 60 -78 -66 67 76
20 -75 93 53 -18 119 118 1 65 29 120 5 -85 -67 113 -125
-51 115 19 -12 -70 25 -30 103 -48 -90 126 -96 24 99 18 -44
105 78 -77 -116 -90 53 -94 56 109 9 60 97 81 117 -32 -90
-41 -30 -97 -115 -9 57 -114 -60 -17 -41 -127 -83 4 82 -83 -105
63 -57 -75 -110 -44 33 -15 -29 105 -92 -108 117 17 -106 -56 -58
35 42 21 109 36 -94 62 -75 -6 40 11 -57 103 114 21 13
12 -91 -3 84 -36 -5 110 36 -16 6 67 18 40 27 -20 -20
-38 -68 -82 -26 -53 -1 -61 -23 -5 59 127 -110 -67 -115 -126 -96
5 -86 82 -115 4 -103 121 96 117 111 -35 -24 74 -75 -6 45
-18 -30 127 59 93 70 110 13 62 -71 22 -104 -34 124 -73 127
17 -74 -27 -89 -63 -116 68 113 12 24 2 -56 38 61 -38 -102
