-16 0 -2 -33 5 5 -34 4 -53 -1 -7 -15 -27 -12 -1 -7
7 -19 -24 31 -26 -26 2 -5 -21 9 29 7 22 -2 -4 10
4 3 -6 8 11 16 26 20 -22 31 -5 -6 25 -32 1 38
-15 5 -9 20 2 -28 20 -15 24 -18 9 22 -5 -6 8 28
-3 -1 -3 -4 9 -24 4 -18 37 41 -28 -17 -6 -16 -2 -3
26 2 2 -10 -9 30 -13 20 8 13 21 -21 31 -9 13 23
10 14 9 -1 52 27 16 26 -6 7 -7 21 8 4 58 -9
-15 15 62 28 18 19 -23 10 12 27 -7 -16 46 -26 17 1
-6 -23 3 18 -41 6 -24 16 8 -4 8 -13 7 -24 31 28
-12 5 -33 -41 -13 -45 13 2 23 -10 -4 -29 -2 0 -22 -38
-28 -21 9 23 -6 -9 5 -2 11 30 -3 -1 -26 -30 21 54
25 13 -10 -11 0 -16 -8 10 -5 -13 14 -18 -29 -18 16 -22
-5 6 37 18 -24 -12 12 -12 46 20 23 48 7 4 21 18
-24 -23 -21 11 17 -6 -17 -8 -11 -16 -11 -19 12 23 -11 -14
32 12 18 12 2 26 23 9 -17 10 22 5 -25 4 19 -9
-4 -1 4 -17 8 -33 -15 -31 -22 9 -32 20 -17 17 15 9
47 -4 -17 7 29 -7 -19 8 -9 9 -2 6 19 -33 9 9
-16 -24 -52 14 6 2 -9 -29 7 1 -7 7 0 -7 -4 31
34 1 25 20 4 8 21 -3 2 8 32 20 23 4 13 34
23 48 13 21 4 -7 -1 1 -4 -12 -1 35 8 17 28 15
-7 -10 -17 -5 -22 -23 -5 1 -3 13 -45 -21 21 -5 -63 -31
-24 6 -10 21 -2 5 19 -21 -8 12 6 -8 11 -12 -2 10
3 22 16 21 19 -28 -2 16 19 22 -45 4 6 32 -4 -25
-1 -6 -8 -4 -17 -24 -29 -31 4 11 -23 -23 19 -11 12 -15
-26 -20 -23 23 -46 -17 -7 -2 -19 -1 20 -8 -31 -35 16 28
43 11 -5 34 10 -3 -6 -11 -1 -28 17 32 -7 6 -2 -6
-54 -44 -14 -27 -19 -9 -19 -12 -7 -4 -19 -41 1 17 -9 12
-13 -10 6 -21 33 -9 -19 -5 -12 -5 -25 3 -38 -42 4 17
-3 32 7 -14 17 11 -14 -16 31 -4 -37 -11 28 -21 -12 -6
-9 -4 -8 5 8 -38 4 10 -12 -7 5 -28 -14 16 -10 -23
3 -14 -4 -9 -9 9 -15 -33 6 6 22 7 -6 -14 -18 0
3 33 -5 4 8 -28 12 10 19 -9 -17 23 3 5 29 -3
8 -12 15 13 31 -1 16 -5 19 -14 -13 -20 17 2 14 7
18 4 18 4 -4 2 -20 -12 -4 -12 16 10 -37 -29 -13 -10
-35 -12 -4 14 -25 -14 -64 -7 -11 -9 -19 -24 -27 5 -5 -7
4 -16 8 34 17 -10 -4 11 23 -24 2 -1 0 15 14 5
15 35 27 19 18 6 -2 18 -3 -12 -13 -3 -12 -6 41 -10
3 3 24 11 -34 17 16 4 -12 -11 -1 2 -29 12 -4 4
-30 -14 11 -37 -26 -11 -12 -13 -17 23 -3 -11 -13 -7 -6 -5
24 20 21 9 7 -7 -3 -4 -15 -15 -49 -3 -37 -4 6 -34
-13 -11 -13 -35 19 -12 -10 -20 -38 17 -2 3 15 4 -6 22
37 4 -37 -14 30 -21 12 37 31 26 22 6 -20 -14 6 -16
-30 -9 8 26 -15 10 -23 -23 7 -19 -5 21 30 -13 27 -24
0 -6 -1 -9 -26 17 -8 -12 0 -16 1 -38 -36 -5 -33 -15
18 4 6 49 29 14 -15 -50 -4 -50 -2 -25 -6 -20 34 -12
-21 -2 27 -18 -9 17 5 9 4 -6 8 12 35 2 -45 -14
-41 -31 -20 -25 14 7 31 11 -11 1 30 4 -6 14 -7 4
0 -13 0 -48 -23 -32 -8 24 -17 7 2 5 -1 -3 3 -8
-3 1 -20 -13 8 -23 -14 23 1 -3 -32 -15 5 -5 -12 2
0 18 3 11 -2 23 7 -15 7 -15 51 17 9 -11 -5 -9
52 -9 14 16 23 -12 19 6 -6 32 33 21 11 -5 12 3
-6 22 -16 26 29 21 3 -1 19 10 16 -7 26 27 -13 -2
-20 1 15 1 -39 -8 -10 3 -20 -17 10 65 -11 -5 11 37
-23 -15 -42 7 -8 -8 0 9 37 -2 -43 10 6 -3 -34 16
47 -1 6 -3 15 6 9 2 18 -21 -32 -11 22 15 3 -28
-11 1 10 8 -6 -3 -15 -29 -33 -25 -10 -7 1 20 -29 -17
6 5 6 31 12 28 16 -4 -4 0 28 4 9 2 55 -15
17 0 21 -22 -13 -1 -20 -28 -16 -19 1 -25 -1 42 5 5
-38 15 22 12 17 22 24 20 -34 -8 24 25 12 5 -11 9
-34 -28 8 -7 1 -15 -22 -14 0 -13 5 -70 -5 -3 -7 2
18 -9 -11 -7 5 -14 9 17 43 48 -29 -11 32 15 4 14
-11 -10 -19 13 0 37 18 -9 40 27 10 -20 -10 6 5 -48
-32 -6 -13 12 9 14 -28 26 -9 13 -27 6 6 0 -23 5
8 29 11 35 32 -37 11 -23 93 18 -37 15 3 -1 40 -4
