-32 24 -46 -22 -11 -5 12 -15 -30 -18 -21 -43 -24 -1 -17 -30
43 2 -36 -27 9 -2 -15 35 16 -8 7 19 47 -11 -15 -58
1 37 -5 48 -3 13 43 19 -1 42 22 -3 14 -31 34 51
30 12 1 1 29 9 18 44 7 -2 9 48 40 -13 -9 10
-26 -17 -21 -4 -6 2 4 -15 -7 -21 -18 13 -43 -30 -13 -26
1 5 37 17 9 24 21 18 26 19 9 36 -3 8 24 18
28 -33 40 -5 -8 -18 18 10 39 11 3 -4 -1 17 26 34
29 16 -5 59 30 28 31 35 39 7 21 9 27 37 57 35
-38 25 23 33 3 11 -10 -11 -5 1 2 8 -42 -27 -43 -11
2 -27 3 -16 -2 20 -25 24 7 -34 -20 0 -42 23 -23 -14
-30 -9 8 3 -17 -1 0 -3 30 6 21 49 -17 3 -9 13
8 -32 -25 -8 -19 23 -17 3 -1 -11 -4 2 6 27 -9 -16
-2 20 39 63 37 31 38 19 16 21 -2 25 27 32 34 27
20 -7 2 -9 32 13 15 1 -1 6 -14 -19 3 21 -39 2
-4 8 33 9 -1 22 -6 20 2 17 21 -2 46 19 2 38
-14 -26 -12 12 -30 -7 -23 -38 20 -1 -16 -21 -40 -37 -6 -8
-3 45 -4 12 17 -17 18 15 13 25 -24 43 20 6 17 12
7 -26 -18 -2 -9 18 12 -34 13 -27 10 11 -32 -48 -12 8
27 -12 16 44 46 -8 6 20 18 38 15 48 32 -11 13 43
1 41 -19 44 27 27 37 28 7 23 27 43 19 13 25 29
-24 -35 1 -32 -12 10 -22 -24 -19 -29 -25 10 -16 7 -8 -21
-9 13 1 -9 -5 17 7 4 16 27 12 13 -15 9 -10 12
-3 15 -16 15 -2 22 -12 26 -6 20 23 20 -20 22 20 -3
-13 -43 -36 -7 -7 -8 0 -22 11 -53 -12 -4 -8 -6 -16 -8
-16 -32 -12 -35 -9 -42 -25 -40 -59 -33 -19 -28 -15 -27 -15 -37
16 8 9 -1 9 44 -16 7 -14 28 35 45 -3 16 19 29
4 -14 2 -32 -6 -42 -22 -11 -21 -38 -46 -24 -18 1 -33 -32
-29 -12 -43 -14 -21 10 0 -17 -50 -22 -9 -21 -30 -12 24 -39
24 31 30 59 36 40 20 25 -1 4 -2 26 15 19 10 16
0 -35 -14 -33 -27 8 -44 5 -26 -45 -12 -5 -40 18 -26 -25
9 38 17 27 1 -27 19 1 15 -6 20 24 -3 -15 -6 17
-24 45 -9 25 -12 4 -10 -34 16 5 -9 -11 -36 -18 -35 -29
-10 5 19 20 35 23 3 38 11 23 35 -20 7 -23 11 21
25 23 10 -4 -11 13 22 14 -14 26 26 23 20 3 11 25
-18 -10 -27 -85 -27 -66 -44 -58 -11 -53 -20 -30 -46 -50 -29 -39
3 61 13 -11 -9 -32 44 45 43 75 18 21 27 18 12 11
-7 -1 28 -13 20 26 25 -2 14 38 60 12 0 5 18 9
11 26 21 31 15 2 12 -6 22 42 -1 -4 15 -10 15 41
-8 -4 2 11 9 9 22 13 -3 -26 -22 6 -13 3 -29 20
-22 -3 -8 11 -12 -12 -20 -18 -19 31 4 -4 -18 -55 17 -33
11 25 -7 -12 10 13 16 10 11 1 27 17 -6 17 14 8
-44 3 -3 -16 -2 -33 5 -2 -19 -40 10 14 -1 11 29 7
-20 18 -1 -3 -4 -3 15 -17 1 -29 34 20 6 7 -12 10
16 38 -3 -1 14 -9 9 -12 -17 9 -26 0 16 15 -27 -15
52 -18 16 3 22 8 -42 -9 -32 -17 -25 15 -35 -37 -14 -15
20 -31 33 -15 -8 13 0 -2 7 -6 26 -4 -30 -4 -38 5
-18 -17 17 -16 -7 -6 14 -16 -37 9 -24 -23 -14 -18 -18 -23
0 -19 2 -18 -32 2 -25 -24 -6 -20 -28 6 -63 -6 -53 -21
-17 -21 -12 -40 -19 2 13 10 -39 -11 -16 -9 -14 -9 -15 -1
6 -13 26 30 24 4 9 -9 21 20 23 16 19 -4 24 28
-36 39 9 6 5 2 43 22 -8 -9 18 13 8 -3 15 39
6 6 26 -5 32 0 -1 -10 -29 -4 -34 20 12 -6 2 -7
-30 10 -10 -19 -33 7 -16 -19 19 -20 -10 -14 -21 -28 -26 -19
20 -5 -19 10 4 21 -6 -22 9 -34 -28 27 -31 -19 -16 -5
-38 -1 -5 -3 20 30 3 -23 -23 23 -29 3 -20 40 -13 5
-23 -33 -7 14 -10 19 -33 -74 8 -4 17 4 -14 15 -17 12
3 3 15 9 -22 27 22 -2 -8 -4 2 12 1 26 10 17
-15 -3 -8 2 -22 8 -29 -15 -19 6 20 -43 -45 -20 -25 0
33 -4 36 -12 13 1 -12 40 17 41 -2 -34 -5 6 24 -9
-16 -8 1 11 18 -20 -26 -10 -17 -9 18 -35 0 -21 -24 -5
-21 9 4 -6 -2 42 18 25 15 25 6 11 19 0 -2 55
15 -1 22 -16 9 -45 1 4 -3 -5 -10 -28 12 18 -13 22
11 -21 12 -35 -37 4 -22 -31 13 -23 2 4 -7 -20 22 -4
16 5 -4 20 -1 24 -3 21 18 25 -10 39 -6 6 20 -10
