-42 -10 -24 -9 -39 -36 1 -8 -10 5 -5 -10 -20 14 7 -3
-12 -9 5 19 15 -8 -17 -5 -16 -7 5 0 21 14 -5 -12
-26 36 23 -13 22 7 50 -16 -15 15 8 -14 6 -6 -1 0
-9 11 28 13 12 10 4 -2 -19 -1 -26 -20 22 2 9 -18
28 -42 -20 0 -42 -22 -10 10 -9 8 17 -34 8 -7 1 -21
18 15 1 -14 15 18 7 -29 25 -12 17 1 20 4 -3 35
24 18 20 -19 -18 29 -9 0 -5 -17 0 -30 8 21 5 -8
20 6 0 -7 30 10 -4 39 -2 24 -2 -3 48 67 -8 14
-7 -18 -12 18 -12 -1 -8 -22 -16 -7 -16 -14 6 -24 -6 -7
3 -40 -38 3 -12 -17 -4 -20 -12 -12 -11 -3 -10 -2 -11 23
20 -8 -16 12 -34 1 18 22 13 -29 15 -12 1 -3 4 -14
17 -21 15 14 -21 -3 -22 3 -11 -21 8 19 5 -22 16 1
29 19 15 5 25 28 -18 -1 44 23 13 -13 10 11 -11 -3
-4 -11 -22 4 19 -17 -9 12 7 18 5 14 4 -4 18 15
-5 17 33 14 -36 16 1 29 11 16 23 35 18 15 15 0
-2 -12 -9 10 -26 -23 -5 -17 -15 -14 -1 3 -18 -22 -10 -13
24 -19 -2 -18 14 4 2 20 -22 -2 23 39 -11 17 19 2
6 -12 20 23 26 11 -18 -6 4 9 2 -9 -17 -8 -18 -13
-9 39 37 14 27 48 -5 -15 13 -10 -20 5 52 9 -4 2
29 11 23 -7 37 -10 -8 19 -2 22 9 8 14 -18 10 -16
1 -14 -30 -14 -27 -13 -18 -23 0 -11 -12 -8 -13 -17 -30 -28
-31 16 13 1 10 26 13 13 -21 13 0 25 -20 -5 19 -13
1 -5 20 13 6 6 0 13 19 1 -12 -4 26 19 10 2
23 -13 -16 -1 -7 -34 -20 -31 -10 12 11 -20 -5 -3 -11 19
-25 -15 -42 18 -21 -9 -26 -26 -32 -30 0 0 3 -17 -28 -31
28 5 27 -19 9 13 18 9 21 -22 15 36 16 -7 17 35
-23 3 -14 -2 -9 -35 -22 -20 -28 -4 -32 -15 2 -9 -42 -39
20 -27 21 0 -5 -24 -37 -10 -24 13 -31 -21 -25 2 -20 -13
12 22 -7 -10 30 22 31 -20 21 1 -9 0 0 -21 16 25
-29 -27 4 9 -49 -20 -37 -3 -17 -24 -2 -25 -3 -12 10 -4
0 29 2 17 8 33 -6 -17 43 -1 -18 5 17 18 -18 -2
14 -8 -20 -36 -19 5 2 -7 -6 6 -10 31 -17 -29 1 5
34 -7 26 -21 17 -10 -6 16 -2 32 8 9 -21 12 5 -7
-10 3 4 8 -19 12 18 2 3 32 -23 20 -32 30 -18 -7
-75 6 -24 -21 -26 4 -15 -23 -19 -42 -18 -45 -46 -43 -11 -12
24 3 7 10 31 -23 36 19 1 5 0 22 23 3 41 25
33 26 -16 17 14 31 19 35 10 -15 -29 3 -2 5 4 8
-10 23 -13 23 17 36 15 -28 15 29 28 28 -1 7 0 15
-5 16 3 15 -17 20 -15 20 5 9 -6 -19 9 5 -19 -30
-1 -21 -9 -10 -18 -16 12 17 0 21 2 -4 -28 0 15 8
-10 35 14 -17 8 8 -6 -8 31 29 8 19 -3 13 0 22
-4 -20 -25 0 21 0 1 -2 -9 -4 -2 0 -19 11 10 -8
5 -7 12 25 10 15 5 -8 6 -2 16 -11 19 19 4 -6
-33 4 -13 -8 -17 -17 -3 0 8 -13 -17 6 -29 -9 1 -9
-30 -1 -51 -20 -9 -5 -10 -23 -21 -19 -18 -3 -16 13 3 10
-31 -11 -30 -2 -16 44 -10 -1 -10 22 -24 -4 -21 -45 8 -15
-16 -7 -4 -6 -4 8 -28 -23 -7 -14 14 -5 -18 14 6 34
-33 -15 -21 -10 -56 7 -7 -4 -22 8 5 -14 -24 -33 -8 9
4 -35 -1 -6 9 2 -19 0 -29 15 -6 -30 -15 -26 -20 -7
-19 4 6 -13 4 21 40 -9 -16 1 19 16 26 3 14 0
15 10 -7 -25 -21 25 5 9 20 -5 36 36 -2 0 -2 0
-13 4 -14 14 11 -5 13 3 -18 -12 7 20 6 11 21 15
-34 -22 3 -19 -14 -11 3 17 6 -1 13 -10 -13 -31 19 -11
-16 -10 -2 3 -6 -8 29 -20 9 -4 -6 -4 -34 1 -5 -16
21 -12 3 -10 -16 13 -9 24 18 27 0 -14 -8 -32 16 -13
-13 12 2 -12 -10 -8 -34 -14 2 -23 -14 2 2 5 -22 -8
-16 39 19 6 -16 6 -16 7 -10 15 7 4 30 -2 22 10
2 -10 1 -15 -7 -8 2 -19 -5 -53 -10 14 -17 -13 -5 6
-26 16 -7 5 6 -5 -14 0 -1 31 -1 32 -3 4 36 7
0 -25 -11 -3 19 15 -9 -40 -8 -32 4 0 9 6 -1 5
11 -19 40 29 8 -1 32 12 6 2 -9 -31 4 9 1 -13
-23 -7 46 13 -15 -9 -10 -9 -9 -14 15 -9 37 -19 -11 -6
1 32 -14 -4 -18 -4 8 -10 -4 34 -1 -4 -7 1 11 -9
40 0 6 4 2 0 -8 -1 12 1 -1 22 7 39 0 28
