-33 9 -39 -4 -43 -3 -64 -4 -50 15 -10 -18 -30 -12 -10 -11
20 -1 -3 -28 -3 -20 4 -30 -19 44 13 27 -10 -9 5 -4
6 34 -26 -11 -28 15 1 -4 19 -9 -29 -9 24 -18 7 10
3 11 -34 14 31 22 -5 -7 22 28 11 -4 36 22 -9 -12
9 -8 -12 -16 9 -21 30 -38 3 1 -7 -22 -13 22 7 -46
32 6 8 43 15 11 14 -12 30 18 35 34 10 17 22 32
10 11 1 45 0 34 35 12 25 19 11 41 36 -11 -3 26
34 23 -4 30 46 1 36 22 17 15 -7 30 2 36 1 25
-6 25 4 -35 -35 -25 4 -40 5 -9 -17 2 -2 -20 33 -39
-12 -20 -12 -10 -42 -33 -24 28 -7 18 13 -4 -37 2 3 -36
-24 -49 -34 -3 -21 7 40 33 17 0 -28 22 -16 -7 -27 37
-37 -33 9 -4 34 -18 -20 -8 -33 37 2 -15 -26 -16 1 15
-4 30 40 8 12 -17 30 14 4 5 44 5 45 28 11 -6
31 21 -31 23 1 -24 14 1 -28 15 -23 7 -9 41 24 6
30 10 32 16 16 1 5 12 -19 14 -1 36 40 14 52 3
-21 -33 9 -29 20 -28 -25 -26 -23 3 11 12 -26 -17 -10 -2
-4 -1 26 34 25 37 35 40 -5 2 -20 49 -9 48 12 33
17 0 -26 -10 16 6 -2 -30 -17 -5 -7 -24 9 -32 -27 -6
0 -6 7 34 40 -6 6 0 51 -4 35 27 -4 18 31 20
-14 22 18 12 37 14 38 15 46 20 6 -10 16 35 36 45
-29 -31 -6 16 -8 -52 -11 -21 3 -28 -50 7 -5 -19 -11 9
6 -32 -5 36 0 -41 16 1 -9 13 -4 20 11 29 -6 31
19 32 34 24 39 5 -13 -18 22 16 33 3 -8 -10 38 33
-38 -40 5 -10 5 -13 -10 -28 -2 -20 8 0 -33 -8 9 -8
-40 -36 -51 -50 -49 -65 -29 -47 -54 -26 -42 -70 -43 0 -27 -58
11 32 2 -2 18 27 -18 10 4 24 4 19 15 39 11 32
-6 -31 -23 -13 -42 -40 -14 4 -12 -45 8 -36 -4 1 -18 -5
-8 -28 -35 -44 -15 0 -19 -27 -24 -26 3 -35 9 -4 1 -23
-4 4 35 32 9 2 14 12 9 28 42 -17 10 19 -24 14
-26 -43 -39 -24 20 -22 -47 -20 -13 -11 3 20 2 25 19 25
24 38 31 -5 19 10 -4 27 28 -15 50 -6 40 26 -14 -22
-5 22 6 -17 -38 1 16 9 -32 18 -39 18 -9 -29 22 -6
23 10 17 25 -2 22 16 32 -7 -2 12 18 13 18 11 -3
-23 0 24 -27 -14 12 -23 -5 48 27 4 -12 -2 -12 -29 26
-23 -14 -50 -4 -54 -14 -39 -15 -43 -62 7 -17 4 -28 -27 -25
27 23 16 26 27 5 10 7 5 28 37 17 -23 33 31 13
24 15 36 2 21 32 24 20 65 -6 24 -19 -27 33 -28 28
-2 -26 5 41 -1 34 -1 0 -4 36 7 28 11 -13 9 11
-7 -6 -12 -2 -4 -21 14 0 3 -20 15 -5 3 3 -36 -2
-20 -32 -13 -13 -23 -4 -6 4 -19 1 -40 -31 3 -15 -7 -20
31 4 -1 34 19 16 -11 33 -7 8 22 31 31 21 8 19
30 -3 -8 6 6 6 42 22 18 13 -22 1 -1 -23 -1 12
18 -10 11 12 19 -23 6 -47 10 -36 30 -22 8 6 10 -3
-47 15 -8 -10 -26 -7 -29 17 -27 -8 -58 -14 -19 7 -33 -18
-15 -6 -13 9 -18 -25 0 28 -56 -30 14 -13 -4 29 -41 13
-21 -23 -3 24 -32 -30 -17 31 -30 -2 1 -5 18 8 -4 40
15 5 12 42 1 -6 0 8 -23 -4 43 -7 45 -19 9 6
-57 -15 -6 -19 -11 -37 -12 27 -42 -2 -22 12 -31 11 26 -17
-5 -29 -19 -26 -30 -21 -37 5 -48 -47 17 10 -3 -11 -54 -22
14 36 -6 -12 0 27 14 8 38 -3 3 23 37 11 21 -8
8 30 3 37 33 28 29 5 10 -19 -1 31 -11 42 36 36
4 6 -3 17 28 -19 12 2 -3 -10 15 0 25 1 14 1
-3 -26 13 -6 0 -27 -17 3 -36 -27 -14 10 4 33 -11 3
-10 14 -7 -28 4 1 18 -22 30 7 -22 -36 -9 -27 14 22
-11 24 6 11 -18 17 8 -17 -7 -19 18 -49 2 -16 -42 -12
-13 -9 -4 -4 9 8 -15 -26 -27 -28 -8 -21 -7 -23 -30 9
22 2 39 15 27 -11 -1 -17 25 16 25 0 14 22 31 51
-22 18 -11 -46 -26 -7 -3 -25 -43 -57 -24 -19 -35 31 -5 -1
-15 4 16 30 12 -19 16 56 -8 27 32 -19 -18 24 -5 20
-7 -19 -22 -24 -23 3 26 -18 -12 -50 -25 -37 -41 -12 -6 4
40 29 3 11 -5 42 46 8 37 1 24 32 30 -3 4 17
42 13 -8 -10 -5 31 -18 24 8 6 -1 2 7 -4 8 18
8 7 -1 -3 -3 4 -6 -18 -12 -36 16 6 37 -21 -3 13
2 7 21 26 66 21 31 17 48 -2 23 9 22 31 45 14
