-15 -31 -34 -20 -29 -8 -37 -17 -48 -25 -29 -39 -21 -44 -21 -31
11 28 17 7 -11 -17 14 19 5 -1 20 5 0 1 4 8
16 44 26 32 19 26 30 15 12 12 14 40 27 1 25 8
23 33 33 26 14 12 38 10 20 19 14 30 21 8 17 33
-10 -29 -21 4 -37 -11 -29 -36 -9 -42 -7 -20 -16 -17 -30 -8
20 25 26 34 21 8 19 20 14 15 12 34 24 30 21 19
11 8 -4 8 12 5 8 17 17 5 11 13 7 20 21 20
21 26 26 41 23 24 19 40 25 18 31 25 34 55 29 47
-18 -10 8 -11 -21 -22 -9 -20 -15 -43 -8 -18 -28 -31 -16 -23
-10 -44 -36 -13 -40 -17 -31 -32 -33 -6 -24 -10 -26 -30 -18 -18
15 -5 -20 -13 -5 8 -6 -16 2 -21 19 -14 -11 7 -9 9
-4 2 -8 -4 8 -19 -12 -3 -16 -6 -16 -3 -19 3 -13 -1
48 33 43 33 47 18 38 46 36 54 59 40 48 55 28 24
2 10 21 15 17 16 -10 14 8 -7 -9 9 -10 27 8 -1
43 44 36 34 19 31 6 32 20 28 19 18 15 27 30 36
-20 -42 -30 -22 -36 -18 -28 -34 -24 -25 -13 -29 -34 -27 -35 -38
26 9 21 21 9 16 13 27 15 8 23 28 8 20 21 14
-10 -12 -13 -13 2 -3 -2 -11 -9 -16 -6 4 -5 6 -16 -1
39 53 27 41 34 33 45 29 59 42 33 16 58 43 49 13
47 46 22 26 28 31 36 48 21 44 39 26 35 33 29 43
-32 -26 -23 -16 -18 -20 -16 -29 -14 -38 -7 -29 -23 -29 -26 -30
20 15 16 32 18 15 20 14 -1 10 -2 8 13 -12 19 28
5 27 14 -2 1 10 23 13 30 15 22 -5 34 7 8 9
-32 -28 -26 -21 -31 -30 -22 -26 -30 -20 -27 -17 -40 11 -18 -39
-49 -52 -47 -47 -38 -36 -42 -45 -50 -57 -57 -47 -36 -57 -43 -41
22 29 30 33 18 20 20 33 29 26 29 15 32 19 9 27
-37 -34 -27 -37 -38 -41 -33 -49 -30 -50 -35 -36 -22 -42 -43 -13
-23 -32 -49 -32 -30 -43 -50 -42 -51 -35 -36 -36 -28 -41 -33 -45
6 28 20 16 22 26 12 10 41 8 26 15 30 32 15 17
-9 -26 -15 -3 -29 -30 -28 -30 -28 -19 -31 -32 -36 -14 -29 -18
16 26 6 8 22 16 26 11 25 15 27 24 24 11 11 22
-9 -23 9 -17 -24 -25 -18 3 -17 -15 -13 -21 -15 -37 -25 -11
9 10 4 22 0 2 -6 7 17 9 19 10 19 9 17 24
11 16 16 1 24 20 21 18 2 16 6 20 16 -4 12 6
-37 -52 -32 -52 -69 -38 -35 -33 -35 -44 -53 -72 -58 -44 -59 -34
22 38 35 31 48 39 54 35 33 44 10 39 29 15 47 34
5 -9 4 11 17 37 26 10 39 26 -6 16 10 17 31 24
49 34 36 28 18 38 38 32 30 36 22 39 12 27 21 22
11 -7 -11 -20 -9 5 -5 -16 -8 -1 -21 -18 -14 -12 -3 15
-21 -23 -10 0 -40 -20 -26 6 1 -10 -8 -17 -23 -21 -12 -19
25 19 -1 27 20 19 13 4 5 -8 23 1 28 4 15 15
11 11 3 -10 -8 4 3 -8 -4 -3 -18 -3 -8 5 -19 -12
5 0 5 -1 -8 3 12 13 3 12 8 1 -6 5 7 -2
-23 -1 3 -5 14 -1 -19 11 -38 10 1 -9 3 -13 2 -1
-25 -15 -12 5 -36 -22 -12 -21 -1 -20 -17 -23 -12 -23 -16 -3
-19 -16 2 -3 -13 -13 1 14 8 -18 -5 2 -3 -28 -2 12
-26 -25 -9 -4 11 -8 -1 -6 -9 -5 -12 9 5 -22 3 -24
-30 -35 -29 -11 -25 -32 -31 -29 -43 -21 -28 -17 -25 -28 -28 -45
-14 -27 -22 -24 -32 -17 -5 -29 -31 -19 -41 -14 -31 -23 -15 -19
19 22 30 27 2 18 20 26 19 13 27 19 25 -3 14 14
-4 -10 4 12 1 16 13 18 13 17 2 1 0 12 18 15
6 26 9 2 21 12 35 15 24 17 24 17 14 12 2 2
-16 -47 11 -14 -27 -31 -2 0 -9 -36 -12 -16 -6 -16 -23 -23
-51 -25 -12 -18 -22 -7 -34 -12 -31 -27 -15 -17 -41 -25 -31 -12
-6 10 -1 -3 -12 10 -12 -7 10 -28 -20 -19 -15 -13 -2 5
-24 -8 -33 -16 -42 -20 -8 -1 1 -11 1 -19 -18 -37 -16 -22
16 13 19 19 7 5 9 -5 13 2 8 10 6 4 14 18
-44 -51 -34 -26 -44 -36 -43 -30 -30 -42 -45 -34 -26 -31 -31 -33
10 25 5 12 12 31 17 10 6 21 2 15 21 -4 27 9
-27 -21 6 -7 -30 -12 -32 -24 -20 -30 -32 -17 -6 -11 -21 -18
21 -4 15 14 12 19 18 -1 16 21 1 15 6 24 29 3
-5 1 20 -13 1 -9 0 -7 7 19 -1 5 3 11 7 -11
-14 -2 -6 -7 -14 -9 -10 -11 21 -20 8 -8 -23 -22 -11 -2
28 17 16 27 26 23 45 -5 46 29 24 29 14 28 33 11
