-18 -7 2 -19 1 -18 -32 -35 -17 -6 0 -37 -37 2 15 -21
29 33 2 -12 8 28 6 -14 11 26 37 -7 -5 -29 3 42
10 10 49 -12 20 3 -14 27 23 45 37 6 21 10 -4 24
18 -15 7 13 10 23 15 9 -16 16 6 3 19 13 0 35
-6 9 -11 -11 4 -23 26 -46 -8 1 1 -6 -60 8 -1 -18
5 11 0 15 4 35 28 -9 30 9 16 -10 -7 -8 -25 30
-8 17 44 -13 16 46 0 7 39 -2 3 20 -24 0 -1 58
12 5 -8 -14 19 11 -8 33 -18 2 52 18 9 21 -24 55
-8 21 -11 17 -19 -58 9 -5 -45 -19 18 20 -35 0 -23 -22
-5 -67 4 2 14 4 -27 -31 -26 -23 -6 -19 -12 -26 13 -25
-36 13 -20 51 2 3 -22 -7 21 -1 -10 30 6 0 -22 -5
-2 -3 3 2 0 -10 -19 -3 27 -25 -51 11 -23 -53 -5 -8
20 49 3 33 -7 23 27 15 17 44 28 26 12 58 4 19
-8 28 -13 -15 -6 21 -23 11 28 8 -5 -12 19 -25 24 -5
26 35 1 1 4 -28 16 17 6 22 22 27 26 -28 47 8
61 6 -13 -12 -21 -32 4 -10 -31 -38 -13 -7 -20 30 36 -54
14 0 -5 28 -1 -15 0 20 23 15 2 -7 -9 -2 -34 19
-16 -31 -19 -31 -36 55 -28 -36 15 9 23 12 4 1 -8 -2
-18 15 20 24 -36 46 68 28 43 33 -14 25 33 53 37 27
19 6 -19 14 55 41 24 12 13 -7 -2 2 20 25 -5 24
-63 -16 -11 -6 -10 1 -21 36 -23 -2 -11 -25 5 -44 -23 -15
26 5 5 -18 14 6 -35 -5 9 4 -9 1 -39 5 5 -17
-21 -21 -8 31 -4 6 8 22 -11 -13 -10 -5 35 21 13 -9
-5 -7 11 -6 -27 -18 -5 19 1 -5 -2 -24 8 -35 -21 2
-72 -6 -25 -7 -17 -34 -11 -29 13 -9 5 20 -70 -6 -15 13
12 27 -7 21 23 31 24 -10 14 18 25 5 30 -1 14 31
-17 -49 17 -20 -22 -2 -4 -6 -41 5 -27 -2 -16 -9 -15 -30
-10 -14 -8 10 -7 -25 -18 -22 -26 -46 -20 -5 -13 -30 -50 -5
27 -16 -4 24 -20 16 18 6 3 30 22 -11 6 -11 -14 -35
-26 -6 -2 -25 -18 -35 -12 -13 -40 -32 -29 8 -18 -4 -16 -15
9 11 -19 15 3 5 -11 -11 -3 23 26 -16 37 -4 20 -22
43 -21 9 -1 -13 -20 10 -23 -1 -10 -7 -34 -38 11 24 -2
4 -32 12 3 1 2 1 18 0 19 0 2 32 32 -34 33
17 12 -9 -23 49 13 8 32 12 5 22 35 -25 27 9 -6
-54 1 -29 11 -24 -19 -8 -38 9 -14 -6 13 -8 0 31 28
-4 55 -12 -27 -19 -24 12 -3 8 15 6 28 19 32 25 32
10 -39 3 -35 16 5 26 1 29 16 38 17 10 26 -19 -34
-14 14 1 -20 -23 -3 8 2 4 -9 14 3 -7 10 53 2
-55 -6 -21 -11 5 19 -10 -29 6 16 19 19 -13 -4 11 1
9 -10 -27 -25 23 -53 43 -3 -6 -30 -9 9 0 -28 -39 7
6 -23 -15 -3 4 23 2 3 -2 27 5 18 13 8 -26 -19
-12 14 20 -1 16 -1 -4 20 3 -9 9 26 -25 20 -16 8
11 -36 19 -3 31 6 -18 5 8 -17 14 24 -6 -9 19 32
-7 37 -12 -25 7 -26 -25 45 6 3 -10 -20 -14 -18 17 -30
-29 10 -11 -7 -26 19 -7 -21 39 25 -43 -26 -16 -18 -26 -11
-10 2 -29 14 9 6 -19 17 15 0 -6 -32 -8 -13 10 32
17 -18 16 6 -7 9 -37 -26 8 25 -25 1 -12 -11 -31 -21
0 -21 -13 41 4 20 -23 -22 -7 15 -35 -7 9 4 -4 -28
-1 -62 -7 23 -10 -13 -38 -37 17 25 -29 -37 39 8 -7 -21
-3 23 22 10 40 -16 46 35 -38 -15 47 32 35 52 6 0
3 13 4 28 -23 7 5 -26 26 25 21 1 -20 47 -16 10
12 10 11 21 7 23 12 11 -35 -10 11 25 5 15 25 10
4 3 -39 11 -20 10 23 -29 11 26 -26 -54 24 18 -19 -18
8 -38 -50 -17 -9 -21 -35 -2 -8 -14 -28 22 -22 -19 19 2
-20 -12 -30 12 -8 -17 38 -24 13 -8 -39 -6 -8 7 -16 4
17 20 3 -12 -25 -8 21 10 -9 -21 11 -45 -12 8 -3 -7
-9 18 13 -10 -26 -4 -32 -26 -15 6 10 3 -54 57 14 -19
7 5 -37 20 -27 20 0 -64 -22 19 -29 -22 37 -4 -33 -26
12 -5 -2 1 -26 31 -17 -27 40 12 -30 15 3 6 11 -16
-31 -44 8 -10 -13 -15 -45 11 -29 -23 -11 23 -19 -40 -14 2
17 9 22 -4 11 20 7 2 13 3 35 28 34 -29 -6 18
-17 13 37 24 -35 28 5 -14 -2 -4 -1 -17 -17 22 35 7
5 -12 4 -17 -20 -38 -17 1 30 1 -8 -4 -23 -5 -14 -15
46 -29 -12 2 4 57 -7 40 13 15 -14 33 14 1 26 33
