-31 1 -18 22 -16 -13 -8 -22 45 -25 -12 -13 -49 47 -11 0
-46 4 -25 -22 -2 9 -22 29 34 15 -27 7 -3 -19 -22 22
39 0 -22 -15 38 36 1 10 -27 23 1 -22 9 2 10 6
4 -3 -33 -6 13 -24 7 21 -1 -20 14 -15 -7 -1 -15 -17
-34 -2 44 -24 -8 3 7 -12 25 -39 -6 -39 -7 -8 -31 -27
-16 13 21 -10 -7 -21 0 -23 10 33 -10 5 6 7 10 25
-9 29 -23 -13 58 -7 29 -18 24 10 -3 5 3 20 7 33
18 34 3 -3 7 27 30 -1 42 31 13 -9 -25 27 -13 8
-31 2 -9 15 -7 -21 27 7 15 -6 19 8 -8 9 -20 8
-25 -10 -15 -4 -50 -18 -18 20 17 -22 0 6 -11 -1 28 7
11 -2 3 42 -1 -3 14 6 -18 0 3 -2 -6 -5 13 18
-27 4 19 0 -38 2 -21 14 23 44 13 27 7 -2 24 17
-46 7 8 7 5 3 16 4 -13 -14 7 -8 2 -5 5 -31
-13 -4 -34 65 2 27 -28 26 -10 43 49 1 -25 5 3 16
-29 11 -11 19 -17 28 -4 16 11 15 1 3 0 9 4 -19
25 15 4 7 -30 7 4 68 27 -58 -41 2 -29 30 34 15
-16 3 12 4 -1 1 -1 22 0 -22 -16 17 -29 -4 9 -5
19 7 2 4 20 1 14 13 4 7 -9 -12 3 -20 -16 24
15 15 -3 -27 -21 39 2 36 9 -39 -25 52 -5 -42 10 5
2 -21 45 -27 37 32 -9 0 -19 1 -17 23 28 -11 -8 -32
26 14 -10 3 -9 4 7 -35 -29 21 21 9 22 6 -6 15
-15 -32 -13 24 -7 15 45 35 23 -2 27 -14 16 27 -18 25
54 47 1 -4 4 17 0 -2 30 16 -8 25 -19 -18 29 -14
-11 29 41 21 -7 2 5 11 -9 20 -12 -15 -19 21 -10 -1
-38 13 -25 -4 -11 37 -27 -26 -3 -19 43 0 11 -13 -7 -12
5 30 -10 -6 -25 13 -8 -8 -7 34 8 -40 28 -23 11 16
-7 8 25 -9 15 2 -5 11 -16 0 39 8 -11 10 7 -27
6 26 50 -21 24 -5 -8 -16 53 3 -12 -15 -17 -5 -31 -44
-15 -3 30 -25 11 13 6 -2 30 16 7 -24 -7 3 21 20
-18 -20 21 19 -13 -9 -19 7 27 -15 9 2 2 -1 28 -1
-6 -40 -2 -5 -20 -6 33 -11 -3 3 0 10 17 16 -1 -5
4 -27 -26 0 -4 -12 -8 -34 23 -21 12 -9 -44 9 11 6
15 -12 -11 -5 -6 -21 -9 6 10 13 14 20 7 -34 -11 -9
-10 3 37 -13 28 6 7 20 34 -46 -44 16 27 1 7 17
1 -19 -27 -6 -14 2 -36 -8 -29 -27 7 -13 -24 5 20 -8
-8 15 -28 18 -7 39 1 -5 27 -22 -18 -5 1 -1 38 17
45 -9 20 -24 -14 -13 12 -20 -18 -31 4 -11 15 -3 36 -9
22 10 16 18 -3 -27 40 5 -12 -16 -28 8 4 -7 16 26
5 11 4 -33 1 -15 -4 37 -6 -4 12 16 9 0 10 1
16 2 19 -2 -2 24 1 6 -32 -36 -11 -14 -2 -12 4 4
12 0 -10 -24 -18 0 1 -6 6 37 -1 -16 -11 -15 -27 0
-1 13 -7 30 11 -33 -44 4 1 31 -6 21 11 -6 37 28
-15 -15 5 -12 0 -7 15 22 -29 10 1 18 -16 24 10 33
-7 -23 7 15 2 0 -5 -18 -4 -6 -8 4 12 7 -39 17
-7 -7 18 -21 53 -24 -1 -3 13 -15 -39 -14 -12 53 -24 -21
43 -17 24 2 1 5 16 11 10 -4 2 24 7 7 -8 -25
-15 -35 -8 -17 -12 9 3 -6 -3 14 35 -11 -7 -22 -6 12
-36 -11 19 -5 -34 -2 17 13 7 -17 17 -4 14 -3 11 -23
14 -13 9 -9 6 -40 0 -4 -2 26 5 -18 3 14 1 -46
3 -14 13 11 -23 9 -1 10 2 7 3 -34 5 -22 10 -14
-19 10 24 -13 -1 -27 2 11 -15 -5 3 -15 -30 -1 -3 8
15 -13 19 3 3 6 -28 -2 -38 11 23 25 23 24 20 -22
28 -29 -22 20 12 32 -60 25 -14 -7 -4 -12 -16 27 -4 -14
-29 11 -16 -18 -11 -12 -2 -10 -21 -28 -2 6 -34 7 -19 28
31 -22 12 9 -18 20 -55 -32 -11 25 -8 7 -6 -25 8 -21
6 -12 -17 -14 -17 17 -15 0 0 -25 -11 11 -7 -26 -27 17
-20 20 43 -8 23 1 4 -9 27 -25 -39 -1 3 21 10 14
-25 -24 -14 11 0 -3 3 -37 35 -18 4 9 -36 -42 -27 -21
23 -29 -20 18 -6 39 30 -1 16 1 9 -2 -7 14 19 18
41 -4 -11 35 -21 -8 -12 2 -13 16 22 49 -42 -50 8 37
-8 -3 8 11 34 -6 2 2 -2 11 7 -24 -18 -11 -17 30
-9 45 46 22 40 -20 1 30 12 -3 -5 7 -16 -44 -4 4
24 0 -17 -1 22 -24 8 -19 -13 19 -28 2 -15 42 25 19
2 33 9 10 10 -32 -8 9 -10 -28 -10 -19 -36 1 18 0
