-12 -39 -15 2 -2 -46 -38 -34 -18 -7 3 -46 -33 -7 -18 -45
19 -9 2 15 44 -16 -21 -10 -20 -13 0 -50 41 36 14 -13
23 -13 -18 26 12 24 -16 12 -2 15 -8 0 4 25 16 -4
-6 -9 5 13 4 -5 17 -1 0 9 26 7 40 3 -12 2
8 -13 -15 -21 7 1 -35 -3 12 -25 -4 -5 -4 -21 -8 18
34 9 11 23 5 8 27 38 22 -13 -21 2 24 31 30 11
27 5 4 31 7 10 -26 24 10 -22 -7 15 3 -9 33 -18
27 64 9 26 21 2 46 -11 29 23 13 41 55 -7 -9 -29
-40 -29 -7 -16 -15 -18 -3 -27 -14 -10 -9 -6 -10 -2 -14 -18
19 13 -31 3 -42 -4 8 -26 6 1 -36 -32 0 -34 -40 -21
7 10 1 7 20 -1 -15 32 25 -18 -59 -2 -9 13 -9 10
-42 18 26 -16 2 -9 20 -27 17 -5 -17 -18 0 0 28 19
18 54 79 -7 23 63 35 37 40 27 22 -22 51 24 18 56
-59 -18 41 -18 -19 19 26 23 9 27 21 37 23 -10 23 -5
1 -8 32 8 32 19 34 19 41 38 9 19 -5 -7 11 -4
-6 -6 24 2 -29 -11 8 -6 30 -3 -19 -13 -26 -14 -20 -16
7 41 -26 -5 22 -1 -4 11 13 28 18 -9 3 12 14 10
3 51 24 -10 2 6 -31 33 -12 -39 2 10 10 -17 9 -16
53 15 34 35 20 33 19 24 30 59 38 13 39 24 0 7
10 19 5 28 47 11 10 5 21 54 18 -6 30 24 35 54
-18 -17 -35 -1 -59 -11 -44 -1 -6 -14 1 -10 14 -42 -11 -18
3 -3 5 1 2 -2 -19 -1 -15 10 22 15 18 16 -12 -5
14 -7 -1 23 5 -19 0 13 26 17 25 29 10 26 -11 -11
9 33 6 -54 -42 -9 -4 -13 0 -31 -4 -15 -27 -40 12 -17
-58 -35 -7 -31 -17 -23 -13 -76 -46 -34 -45 -35 -20 -33 1 -21
30 25 25 13 14 5 14 3 -12 -6 -20 -3 41 43 16 23
-6 -13 -8 -2 -29 -13 -21 -43 2 -18 2 -14 -19 -18 -35 -22
-16 -9 -7 -3 -18 -51 16 -41 -3 -43 -14 -6 14 -13 5 -26
-11 34 44 17 28 38 -10 12 0 38 12 53 30 0 -4 39
-17 3 -16 -40 -22 -20 12 -13 37 -15 -21 -14 4 29 -7 -12
21 7 -23 12 -7 6 -13 3 15 4 6 -6 33 3 -12 19
-9 -1 -2 -31 8 15 -29 -8 -38 29 6 -7 -19 -28 6 15
46 10 -5 4 26 -6 26 14 10 20 26 10 -3 -14 -1 22
15 -2 -33 1 49 33 -1 25 27 17 19 -16 4 35 -20 -11
-34 -54 -31 -9 -35 -17 -35 -42 -24 -20 -10 -7 -46 7 2 -73
-12 2 3 19 28 14 23 13 54 76 36 37 9 40 9 38
6 16 22 0 19 25 26 -11 32 8 -19 21 -23 -15 -12 35
16 32 5 6 36 22 14 48 11 24 -16 1 29 -4 6 17
14 -1 -24 2 10 -18 -1 -40 27 -15 13 -4 -16 -58 1 -40
-8 -41 -56 -49 -18 -5 -22 -5 -25 18 12 -23 -1 14 3 8
1 -8 25 22 29 -47 -17 3 4 -12 7 30 3 51 31 -18
-11 -25 17 25 7 1 34 3 -43 -23 -5 9 5 0 10 -1
31 -2 37 -19 -2 -12 -18 9 -24 -15 25 9 13 -18 -19 -14
-15 -3 -26 -10 6 -15 -7 17 -14 13 -23 -29 -10 28 -12 11
-23 -22 -1 -12 -25 1 -22 5 -30 -21 -47 -31 1 -25 15 -2
29 -3 -27 36 11 9 -24 -27 -22 8 -35 16 8 -1 -61 1
1 -29 0 -11 -14 -18 -20 -22 -24 -18 6 15 14 16 -8 -32
19 -5 -18 -10 -17 -12 -23 4 -5 -14 -9 -8 -10 17 12 -48
-5 6 -39 -7 -19 -42 19 -41 -27 -36 -14 -16 -7 -30 -14 -36
60 11 5 29 9 22 11 44 2 -8 2 38 -22 -4 -21 4
34 28 9 -5 8 -5 1 -12 -14 30 3 16 -29 -17 -14 12
-19 -6 35 4 -8 35 -2 23 41 34 25 15 -21 8 -7 5
1 -26 14 -24 -4 4 -24 -5 -30 -30 21 -26 -15 -2 14 9
-22 -11 -30 37 0 3 -48 4 -25 -3 9 0 -7 -16 -21 30
-12 10 7 -9 -7 9 13 2 23 63 11 -2 -8 19 48 12
20 2 29 -24 -47 -33 -24 -23 -16 2 -28 -13 39 6 -4 -27
-9 1 55 -16 10 21 4 7 7 23 23 15 -17 12 17 12
13 -1 -4 -21 -39 -7 -30 -16 -37 -22 -26 4 -30 -36 -30 2
-8 -4 35 24 20 -8 5 15 11 32 -29 32 -12 57 19 -2
-2 8 -63 -31 -21 -16 8 -21 -6 -9 -24 -24 23 11 -34 -37
31 26 11 33 14 12 10 -4 18 0 11 1 4 0 19 22
13 36 13 -8 16 26 5 36 23 -7 -2 -1 -23 12 0 4
8 -34 -31 8 -47 -1 -48 -8 4 -11 12 16 -22 -9 -3 -6
-31 -10 14 21 43 32 38 28 37 -12 -3 -10 20 5 -18 58
