24 -3 3 7 -11 -5 17 9 -4 -9 0 6 10 -1 -32 -11
-11 4 -10 -1 -6 0 -38 4 -21 4 -11 -4 5 -15 31 11
20 -22 -10 -15 7 11 13 3 -5 -8 -12 18 20 7 17 -3
15 4 -2 6 5 16 5 -18 2 10 -7 27 -7 -3 13 -21
-20 0 15 -5 0 8 -35 -11 -8 -3 -5 -11 11 5 -10 11
3 -8 -21 11 -7 3 -39 -9 7 6 4 -24 21 -14 4 2
-17 23 16 -14 9 -7 -5 -14 20 9 1 -1 -5 -13 2 40
-3 -7 23 -3 -4 0 2 1 -11 -3 -20 -1 8 30 8 12
17 -8 -10 13 -10 -3 2 -17 6 3 -17 -23 -20 3 6 8
-28 -15 -11 24 -3 2 15 -7 1 3 9 5 -8 -26 -11 -1
-15 13 45 -10 15 -18 13 1 7 2 -4 -12 -3 -2 -31 22
-10 23 1 -6 -12 -8 17 9 -1 34 5 2 -3 -17 -9 -10
9 -17 -12 2 -12 24 -9 -10 23 -15 -8 16 -1 -3 8 -4
16 -8 5 -1 -4 10 -18 0 9 5 -14 5 3 -13 -8 0
-3 5 4 -34 2 -11 -19 1 -21 13 -34 12 -1 8 8 0
-10 0 -11 14 20 -2 15 -12 -11 20 -11 -11 -37 -2 -16 -10
-15 -2 11 -6 -16 2 13 -2 -5 -1 20 -10 -8 3 -22 9
-17 13 17 2 -1 -13 -6 9 7 -2 -5 6 23 -11 8 -9
6 -8 -26 -5 18 13 10 -3 5 15 -9 -15 -7 17 15 6
-14 7 -11 -12 -3 13 14 9 -8 3 23 0 9 14 26 -9
-7 -13 -9 11 12 4 -13 13 10 1 -3 -12 -4 -5 16 -7
-12 -17 -6 -10 -13 8 -7 -4 -20 30 -5 8 -4 28 10 -6
-19 -11 -1 19 28 -39 19 -7 -2 3 -2 -1 -40 3 23 -25
-13 6 8 -20 -6 -12 31 0 6 -5 10 -2 4 3 0 -9
-9 9 -5 -9 -16 16 -13 -7 12 -5 -10 -5 -11 3 -8 -2
2 12 -17 16 -1 -32 -24 27 -19 -3 -9 -6 34 9 -5 -4
-11 -10 -14 17 17 21 -15 -6 -3 -9 -4 15 14 23 4 -21
-8 19 25 27 6 -2 -3 -20 14 -19 6 5 7 20 -17 -2
-12 1 11 -13 -8 -4 6 -5 14 3 -8 1 -27 15 1 0
-10 1 -7 22 -5 -19 -10 4 -18 4 -9 10 16 -22 1 -14
3 -13 -6 -4 -12 -6 -19 -4 -2 -6 -12 -13 7 2 13 -9
-4 11 0 19 -15 -17 2 12 3 25 1 -6 17 7 -17 -22
14 7 7 22 8 9 -17 -7 -20 -1 8 -20 -21 10 3 8
-18 -4 -5 -21 -2 20 -7 3 -8 15 19 -8 4 4 -9 -3
19 1 -15 4 2 6 -23 -3 -13 19 -23 -15 -10 -20 -34 -2
14 -21 14 9 -12 -6 -16 -11 -17 -14 4 -6 -13 -26 6 3
-6 -12 -10 1 -13 -3 12 4 -12 -3 12 -37 -18 -10 -6 -10
-9 6 -15 -19 17 21 -18 12 3 13 -11 -13 2 -4 16 12
0 -3 5 20 -7 18 -7 12 -2 11 -32 -14 1 9 -10 -3
5 6 6 8 18 12 -20 1 8 11 6 8 -4 23 -18 -6
32 -17 21 18 -1 -13 -12 -11 5 2 -2 12 -7 -4 -13 0
-7 23 25 29 -6 28 2 -9 -7 11 9 -11 -13 -14 -22 -7
-4 0 -19 -5 25 -14 -12 -4 7 1 -1 -16 0 -2 26 -36
24 21 -10 -20 5 14 -17 21 19 -6 -19 -2 26 13 -33 3
-28 9 -14 -4 -26 -21 -13 -2 18 -8 11 -5 -2 -8 7 -15
3 -24 -13 3 -3 -12 -16 -1 -8 2 -35 -28 -17 -2 -1 8
5 -10 -4 -3 2 9 -1 -13 21 -13 -9 23 -2 10 -15 4
1 -13 -6 -7 -5 2 1 0 3 26 4 24 3 -13 -23 18
2 16 6 22 -1 -2 32 -8 2 5 12 22 -28 -11 -3 -14
26 -7 1 14 19 10 -4 -2 20 -23 -3 5 10 18 -16 -2
-1 15 -2 -5 -22 8 19 9 -30 -10 21 -3 -13 -5 -8 -24
-4 -1 -19 10 -11 -23 -30 8 10 -37 -19 -7 -12 -7 11 -32
30 -26 -25 7 -4 -15 -18 -8 -24 11 25 -13 13 -2 19 -7
-11 -5 -17 12 31 10 -9 -5 18 10 7 -3 -6 5 -9 8
23 4 23 27 4 -9 -15 14 10 21 7 -14 -29 -4 -17 -9
2 10 -1 -4 19 3 -3 24 12 1 -38 1 5 28 -9 -8
-41 -16 3 -20 4 -14 5 -16 -8 32 -5 7 -9 4 8 -8
5 17 -21 10 -6 -16 20 3 3 -15 19 34 3 -13 5 3
4 -16 -4 22 -1 -4 4 19 30 -16 -12 15 -15 -17 5 0
-1 -3 -18 6 22 -10 10 -9 -6 -5 9 -13 10 23 -1 -14
15 10 12 40 -17 12 10 -24 2 -24 -9 14 -12 -4 19 -1
-2 37 -3 -18 11 -6 1 -20 34 -21 -8 6 -7 -2 1 2
9 -22 -1 33 -16 -16 -20 0 18 3 -1 -4 15 -9 12 -25
-9 8 -33 15 11 3 5 -22 20 7 30 9 -23 -20 3 -8
