-21 -3 9 -4 -8 -29 -11 -25 -7 -9 0 -13 14 -4 0 20
27 15 -1 26 0 -14 21 11 10 -4 -9 -1 -25 43 22 2
9 -8 45 28 28 -5 -1 9 13 21 32 -26 12 13 -8 -12
19 -32 22 -7 12 4 17 24 -12 5 5 5 7 5 8 -9
-47 8 -17 15 1 6 -9 10 -8 -26 -11 -11 13 -11 -4 12
20 25 -11 5 20 9 -1 7 1 -13 -10 -3 -11 19 20 13
9 10 -9 -1 2 21 43 1 3 24 31 -7 -5 2 13 7
4 -24 7 24 22 7 21 8 -12 32 13 11 14 -13 -18 -3
-20 -10 -5 -12 -17 -15 15 -16 4 -17 -13 -6 -8 12 5 3
-10 -13 -7 -7 -6 -46 -17 -4 20 -34 -24 31 15 -25 -11 8
4 -21 -34 25 -14 9 2 8 15 18 -18 16 -16 -6 -12 -18
-16 9 -16 2 2 15 13 -8 6 -4 -2 6 -15 36 12 16
15 27 19 -1 33 29 17 7 -2 -2 8 2 16 29 15 0
24 2 -21 6 -4 26 19 -1 14 33 9 9 3 7 4 -17
-32 43 8 -11 39 8 9 -15 25 28 23 12 3 22 -9 -16
-20 5 -1 -21 -11 12 -3 -34 -3 9 -4 -19 15 -27 -17 -6
-29 5 -12 45 -3 9 -16 26 3 -12 5 6 16 -11 -7 -6
3 4 8 -3 -13 36 15 14 -15 3 6 14 -21 13 20 -11
18 26 16 0 40 27 -11 9 9 27 15 -29 18 22 3 14
6 15 23 10 -2 27 -18 27 13 28 20 2 11 25 -6 -1
1 -18 -29 -3 -32 19 -16 12 -10 10 -16 -4 -11 -60 -32 23
16 -1 1 7 -20 26 -1 4 -1 14 33 6 11 12 -24 8
-13 -22 -4 18 12 23 0 -13 23 -7 19 -19 11 -27 5 32
0 -27 -14 4 27 8 -8 8 -19 -6 -16 -22 -3 -18 -32 1
-30 14 -12 -7 -17 -10 -3 -15 -1 -26 -35 0 -28 18 2 -14
-17 -9 7 45 2 -5 15 24 11 4 10 -4 2 22 31 -21
-19 -15 -27 -18 -16 -5 -17 -10 -18 -10 -30 12 -6 -21 -10 -12
-22 6 -11 13 10 -16 -24 -3 -16 -5 -18 -13 -10 -5 24 -32
1 16 6 12 14 17 -22 -17 12 -7 24 -21 7 -12 -14 31
7 -39 -7 5 -5 18 -15 -15 -11 -23 -4 16 -12 9 -5 -7
7 8 38 5 12 1 -15 18 27 2 -19 2 3 -8 -17 4
11 -22 15 -17 -36 -17 -6 -14 -9 -18 22 -4 3 -10 19 9
25 -16 -33 -2 14 13 3 -20 31 -2 -9 25 -1 -15 -19 -13
-13 7 15 30 9 1 9 19 -17 17 23 11 -18 1 4 6
-9 -31 -6 -23 -12 -6 21 7 2 -10 6 -29 -2 -9 -5 3
5 0 37 16 1 4 16 11 38 46 31 14 15 33 -16 -6
0 -3 24 0 -25 -4 24 -23 2 1 19 15 10 -10 -1 10
27 6 -17 -10 5 0 8 19 5 13 -18 18 -9 -2 9 5
-17 -14 3 -16 -12 5 21 -25 -2 -8 -26 9 -14 -3 -11 1
-35 6 6 -5 -28 -5 -10 27 6 -5 -7 -21 -21 -6 -1 -18
26 14 -20 -4 -20 1 -3 -1 4 38 6 9 -15 -1 -5 0
-11 7 10 18 -11 -10 21 -16 -4 -18 8 -8 14 -3 27 8
-19 -6 -1 -7 13 18 4 -3 4 -1 -16 3 6 -8 16 4
2 2 -16 -14 -4 -22 -17 18 20 0 -14 21 -13 4 -17 -2
8 -3 7 10 25 -12 -16 15 -1 -14 -42 -10 -14 -32 -26 -5
3 -33 -32 -24 -2 -15 7 -22 -12 -7 10 5 18 -21 -7 10
-18 21 -12 -10 -13 -24 -1 0 -6 -16 4 4 -18 12 9 -10
1 -20 -32 -10 -8 -17 -2 -8 -2 -10 -10 -29 8 -17 5 9
16 -24 5 11 -19 -7 7 -31 -19 -24 -12 -1 13 -52 -6 -5
-20 12 14 -22 1 9 -24 13 1 9 -17 14 -21 9 -5 -6
-7 -24 -13 43 3 14 -4 16 6 -5 6 -13 19 4 -8 -10
-13 2 37 18 10 -3 11 9 10 23 -1 16 10 4 34 1
-15 15 10 -37 -12 22 -16 -21 -31 2 7 2 17 22 3 -27
-6 6 -32 -1 -13 -15 -11 16 12 -14 -15 10 -2 -17 -25 -2
9 4 -12 -27 -15 15 20 -17 12 -7 -14 4 -18 -17 -11 20
-26 1 -15 -4 19 -2 18 4 -15 11 22 -19 1 2 -30 0
-3 11 15 8 -16 30 4 -36 -10 -7 25 7 -9 -6 21 -16
8 2 -3 -12 -4 18 -15 -9 -3 -33 -16 -20 -13 8 -10 -5
16 8 3 -18 -5 -26 -9 -39 18 30 22 8 -1 1 -27 15
8 11 -16 -3 -6 -5 -59 0 -2 -36 -40 -18 -13 -19 16 -13
8 1 35 4 25 15 11 26 -5 17 37 -14 17 1 -20 15
-24 -5 -6 -1 51 -6 16 -2 8 -26 -10 -7 -15 14 2 -22
11 -16 -1 5 -20 27 11 -19 -23 26 22 -8 1 -38 -11 17
21 2 11 17 21 -16 1 29 5 -8 -25 24 18 -27 5 -19
