-18 -37 -9 -34 -8 -37 -33 -15 -10 -7 9 -13 -10 -25 -13 -36
-4 20 43 8 8 -6 9 23 -9 12 0 6 -21 -1 27 -16
-6 8 11 11 38 17 10 1 29 26 25 20 22 26 29 0
10 12 33 3 4 12 17 0 19 34 -3 26 2 19 24 24
-1 13 -13 -9 -18 -9 -15 -4 -35 -35 -19 -22 -11 -19 -26 -2
10 43 30 23 -10 12 8 11 27 16 -14 -3 24 12 40 36
-3 8 17 -16 11 20 -21 2 24 12 -13 9 29 21 -15 12
-6 26 6 19 33 29 14 -21 7 -7 15 12 8 17 -4 11
-20 32 -25 -22 -11 -37 -4 -34 -11 1 -6 13 -11 -6 -2 -20
13 -12 -14 18 -11 9 -2 -23 -12 -34 17 -25 8 -1 -23 10
2 4 -34 -19 -42 27 -28 -1 11 -26 8 -6 -18 2 -6 -22
-12 -22 6 -4 -22 -4 -6 18 -5 -38 -10 2 4 -10 -21 7
5 -9 9 24 8 30 47 32 10 36 -12 15 19 23 6 29
-4 -15 -5 -11 8 19 20 -2 3 23 17 -4 -9 26 1 8
-4 4 -2 14 6 1 32 15 -8 15 24 19 26 19 -8 29
2 -22 -11 -21 -16 -28 21 -22 -14 11 1 18 -3 0 -63 -33
1 -29 3 36 -12 37 -18 14 33 5 15 -23 4 4 18 15
-17 -8 7 -18 14 -6 4 -3 -34 -18 -32 27 -30 -17 -3 5
-10 14 25 28 37 -6 38 40 27 25 33 30 19 1 20 31
22 -21 7 37 -2 1 31 27 5 27 16 1 24 2 9 19
-13 -13 -8 -13 13 11 -32 -28 -17 -27 -20 6 0 -26 23 -18
37 -11 2 16 6 15 19 -9 11 -1 6 14 0 -31 5 27
-6 5 13 28 12 -3 9 2 -3 -19 15 41 3 -5 3 -2
-44 -22 -36 0 -3 2 -19 -14 5 -32 -21 5 0 -3 -17 -24
-43 -20 -41 -37 -33 -19 -22 -20 -29 -22 -50 -38 -19 -22 -18 -13
8 24 32 13 -4 25 -9 12 18 28 15 -6 15 16 23 2
6 6 -28 -24 7 -37 -19 -31 -25 -16 -21 -10 -21 -28 -22 -15
-19 -48 -2 -2 -17 -4 0 1 -18 2 -44 -3 -12 -58 -18 -4
-3 2 34 9 35 21 8 17 -19 29 7 -16 -15 18 -18 8
1 3 -8 0 -11 1 -1 -7 1 -12 -10 9 -5 -22 -26 19
-2 26 19 4 5 -5 44 11 4 25 1 -8 -1 10 11 12
4 -21 -7 -22 -25 -13 -5 -14 3 -8 14 19 -13 -15 -22 -6
8 -27 16 11 -17 7 0 28 -17 7 -3 -6 29 -10 1 11
9 1 17 36 33 0 22 11 33 -9 -18 -12 -4 -48 -6 13
-32 -4 -12 -47 10 -13 -30 -49 -47 -48 -12 -2 -22 -13 -27 -24
-15 36 -6 -21 17 22 26 1 38 25 21 1 8 8 14 12
18 18 1 12 10 -12 -11 9 -13 -6 10 -5 1 -3 -12 23
35 7 3 29 18 28 23 7 6 6 6 10 6 22 43 35
-14 5 -20 -12 -7 -12 -24 -17 -34 -6 13 20 -25 -9 -3 -20
5 -39 5 -6 -7 8 -23 4 -7 -29 -13 -28 -15 -37 -28 0
8 -8 61 10 -8 39 -1 23 -22 24 7 4 -20 -1 32 15
15 -2 -28 -8 23 -3 -21 22 18 6 11 3 -4 9 2 -4
-30 1 -7 -3 12 -7 8 -4 -25 18 -29 -12 8 12 -12 0
39 -5 1 -2 3 -11 -15 7 3 -1 7 -3 29 12 24 -2
-13 -28 35 5 -36 -10 -34 4 -28 -20 -28 -19 -16 5 -6 24
14 42 -26 -32 9 6 -17 -18 -13 -20 8 6 19 -18 -13 8
-20 -29 30 -1 -19 -11 9 7 9 12 -27 -2 -22 -10 -5 9
20 -16 -27 3 -19 -4 -25 -4 -20 -34 3 12 8 -33 -20 -23
4 -7 -13 -20 9 -4 -19 -40 -16 -10 -26 -25 -16 -15 -18 10
10 21 -3 16 2 2 18 5 22 31 21 14 41 9 10 12
-21 -22 -2 30 -13 13 -30 20 30 10 -1 -9 37 8 14 8
14 19 5 1 6 -13 33 -5 -8 33 14 35 -25 6 16 10
-11 15 -1 -35 -24 -17 -27 -4 -14 -2 -3 -35 6 -2 -14 -39
28 16 -7 -8 -2 -20 -4 -32 -18 -7 -20 14 -11 13 -11 -14
4 -3 2 -4 5 -18 -7 8 -33 -37 12 -1 13 -7 -30 -1
-25 -26 13 -3 -1 -11 0 9 -7 -16 -3 -1 -7 -3 -2 -21
-23 23 1 7 10 -8 22 4 20 4 11 10 5 0 -7 16
-24 -31 -3 -13 -42 -27 -26 8 9 -20 -16 -24 12 -24 -14 -8
8 -12 18 -18 -1 27 16 12 -17 23 -8 -12 0 26 -19 21
-6 -20 -6 8 -4 -14 -12 -6 19 -21 3 -27 -39 5 6 -14
20 10 19 -1 23 3 0 9 2 14 -12 29 17 10 3 -5
-7 29 10 6 29 7 -12 20 30 3 -1 -8 22 17 -2 -11
3 0 3 -23 7 3 -18 -33 -36 -3 -8 31 -6 -22 7 12
10 17 12 16 -21 26 25 18 55 6 -2 6 14 29 -3 18
