-4 -17 28 -31 -44 -33 -12 -57 -34 -41 27 -36 -17 -28 -34 -1
-18 26 29 11 22 -22 32 20 18 12 12 -23 -10 6 -10 4
-21 1 37 22 41 17 9 15 21 19 15 -9 4 -2 26 1
30 -1 27 29 34 32 4 38 40 24 -12 12 -18 0 -15 21
-23 18 -36 -23 -1 -18 12 19 -34 -16 23 -55 -22 -2 -3 -1
-5 16 -12 18 46 12 37 21 22 -9 16 41 1 4 31 12
4 15 15 -3 41 23 -24 13 -13 1 -19 29 8 -2 24 -1
10 37 7 -14 15 25 25 15 32 28 31 39 52 46 19 8
-10 -5 -9 20 7 -31 49 -11 -48 -18 23 -31 -28 -13 -22 5
1 -19 -10 -17 -58 -30 -14 -28 -42 -14 -35 -32 -34 -27 -4 -41
25 -44 2 -30 11 -8 -15 -12 -7 -12 17 9 -16 11 13 -2
9 -10 -17 10 -4 -21 34 -5 18 7 -1 -15 -26 -3 -11 6
34 35 2 49 31 7 13 17 27 18 51 61 48 31 39 27
13 -34 10 9 -11 -1 -19 0 5 30 32 17 24 -12 9 33
-22 27 37 25 49 35 32 13 6 31 49 13 -8 20 21 41
-19 -17 -32 -29 -34 -50 -17 -14 -44 -25 0 -29 -13 -15 1 1
-17 20 -10 14 26 16 20 -5 31 -3 3 56 23 -9 21 -18
-24 -5 -20 -36 -17 -33 -31 6 2 22 2 0 5 27 -26 5
8 6 9 24 21 15 20 38 42 8 -5 17 14 40 54 31
3 55 18 33 29 24 9 46 37 15 39 13 30 27 17 23
-13 1 -23 0 -51 -5 -13 11 -37 16 -55 -4 -21 24 -3 -16
-31 -14 20 16 9 20 38 32 42 45 -7 7 -13 -21 10 14
2 12 10 10 -7 9 16 13 4 -6 2 -2 4 50 26 -14
-45 -7 -19 -22 -13 -38 -6 -36 2 12 -31 -2 -39 -2 -4 -6
-42 -37 -43 -3 -27 -50 -48 -39 -37 -33 -4 -56 -62 -25 -48 -20
17 -1 14 25 30 10 14 21 36 -9 9 33 -40 27 10 4
-25 -38 -74 -23 -33 -9 -31 -30 -51 5 -15 -43 -30 -34 -17 -38
-41 -28 -52 -23 17 -26 -40 -14 4 -61 -13 -20 -22 -1 -24 -66
0 6 20 49 3 10 8 13 -3 17 10 12 22 6 6 30
11 -30 -34 -16 -49 2 14 1 -21 -28 19 -9 -28 -36 0 -2
-5 9 7 24 20 22 17 28 19 -2 2 31 8 12 -9 45
2 -9 2 -27 -9 -4 2 -30 -31 -22 14 -1 -16 1 -19 6
16 14 -1 9 -10 19 5 -9 31 8 -21 7 45 -21 5 -40
19 15 30 8 11 17 29 18 28 -23 -7 -12 -24 38 26 -24
-16 -51 -23 -38 -22 -31 -29 -37 -23 -41 -32 -10 -25 -10 -38 -35
12 -14 34 15 -5 30 31 22 38 26 33 55 38 -20 28 43
42 15 -13 20 -22 11 10 37 5 22 16 -5 64 16 21 31
14 33 24 -12 3 20 33 25 16 27 14 46 32 46 31 45
6 -7 15 -22 -53 5 -12 13 -10 9 20 -14 3 16 -6 23
9 22 -8 -9 -15 0 -24 -15 -11 -12 -9 15 -5 -4 0 -34
7 -10 32 19 4 -31 -22 12 48 -20 14 57 -4 1 23 6
25 -20 9 36 27 30 4 2 23 -21 -23 -3 5 14 -20 -24
-26 9 15 -3 -14 5 2 -5 10 -1 -11 3 13 28 -18 -7
11 -19 -21 -9 2 -13 4 -5 -5 -2 14 17 -11 -30 -32 -22
13 -23 -35 -14 -24 15 1 -21 -19 -26 -12 -3 -17 -14 -39 -14
-8 16 14 -12 -22 -18 27 -1 7 -2 -47 -6 29 -29 -17 -22
-1 -12 3 -23 -18 -23 -18 -8 4 -20 0 -6 -4 -33 -4 -8
-10 -31 -21 -43 -9 -43 -16 -49 -2 -26 -37 -26 -34 -23 -15 -31
30 -17 7 -21 -65 -1 -33 -9 5 -17 -23 -32 -10 -17 -60 -15
6 11 23 9 48 11 3 3 -6 4 14 13 -3 -8 40 14
22 25 3 8 -29 19 37 5 13 -18 -8 41 4 -6 -1 -9
41 24 20 1 1 33 24 24 -18 14 11 10 28 12 7 28
-29 -19 -65 -17 -31 -12 4 -45 0 -12 9 15 23 -70 -11 0
-30 0 -7 -23 2 -4 -8 -2 -35 -3 -20 -44 -43 7 -21 -19
23 13 6 -10 -20 7 -8 -4 -38 7 8 -19 0 13 -17 -5
-37 -7 -40 -29 -8 -25 -12 9 -26 -18 2 -17 -61 8 -15 -37
-35 -5 20 22 -1 23 3 12 -4 22 6 -24 -9 10 -3 11
-6 -5 -62 -50 -30 -32 -55 -45 -53 -20 4 -35 -11 -44 -43 -15
46 -12 11 -18 10 14 -19 -3 26 -5 25 3 32 14 19 41
-6 -31 -56 -23 -21 -36 -19 -25 -24 -1 -21 -7 -22 -5 -8 -13
-1 5 12 22 -4 32 37 -2 7 21 30 21 26 19 11 19
5 -23 0 6 -12 0 11 -37 9 3 -26 13 2 21 -7 -49
-7 5 2 -25 -10 44 30 4 -4 -20 -11 4 -14 33 -3 -1
29 3 18 22 28 31 -14 43 10 -4 16 15 25 57 -3 27
