-45 -18 -21 -20 -11 -19 -25 -7 -54 -50 -32 -23 8 -33 -9 8
-30 -14 -18 -3 17 19 14 -4 8 -41 2 -23 41 33 -13 -3
20 17 -9 9 36 13 19 -12 33 -7 19 -33 55 52 43 37
36 22 40 -29 -15 32 23 1 8 22 13 34 -17 26 42 -26
0 -12 -49 16 -1 -33 -16 -26 -9 -46 -10 -42 2 -7 -34 -2
12 61 22 14 -17 26 -10 0 13 3 31 54 16 13 25 33
-21 11 30 27 -1 -6 2 52 -10 7 38 85 -21 2 -9 -9
-16 37 29 59 46 41 14 74 12 24 41 56 23 67 48 53
-25 -47 17 -37 -1 -26 -24 -9 -9 4 11 2 0 -18 -9 -12
-18 25 14 -20 -36 -35 15 -48 -32 -2 -32 -30 -45 -32 -18 -13
33 8 31 6 22 -4 -10 -22 6 9 -45 -17 33 15 -28 11
25 17 -27 -20 -12 11 -6 -11 14 -10 -3 -18 8 -9 -23 -8
-1 45 42 15 16 22 23 73 46 65 32 38 49 16 29 70
-17 -3 12 31 5 0 -4 49 -3 8 -10 10 -1 30 11 -9
13 25 10 79 45 67 35 2 31 34 -18 8 50 9 20 -2
-37 -26 -6 -42 -7 -7 -23 -42 -38 -37 -2 -8 -2 7 -38 6
7 17 45 55 7 41 28 21 -6 35 0 2 10 45 21 46
-1 -17 -35 11 14 -20 -15 -12 31 -42 14 -8 3 17 1 10
40 66 28 2 27 39 25 35 32 10 46 8 43 51 19 33
12 34 28 20 16 31 14 70 30 38 11 0 27 5 -9 11
5 -11 -54 -9 -29 -35 -21 -9 -2 -26 -18 -13 -60 -25 -13 -29
21 48 26 0 -9 16 7 -9 -28 44 -5 13 32 46 23 -9
15 20 51 10 18 19 31 -43 27 8 31 6 22 12 20 27
-9 -8 -34 -2 14 -29 -15 22 -5 -27 -2 -64 -26 -24 -54 43
-59 -37 -29 -53 -56 -28 -34 -27 -10 -46 -77 -63 -54 -52 -43 -58
21 29 22 36 35 28 15 -18 1 -17 -45 22 23 20 38 -3
-62 -1 -10 -26 -39 -36 12 -17 9 -43 -32 -28 -30 -40 -19 -41
-11 -14 -4 -39 -50 -53 -25 -74 -3 -43 -28 -23 -27 -46 -28 -11
27 31 -9 -38 12 10 -9 26 18 29 35 -6 48 11 23 51
-29 -9 -2 -2 -25 -11 -4 -39 11 -25 -26 8 -29 -43 -3 -58
3 19 18 -12 10 -3 -4 -10 -5 2 30 -6 34 1 25 20
-33 -21 -19 15 -21 -13 -5 -6 -9 2 7 35 -6 -4 -4 -16
-2 16 46 11 0 3 -2 3 36 8 9 31 17 8 0 8
-10 8 4 -6 10 18 40 -25 -10 5 -7 -16 25 -17 9 23
-23 -68 -28 -36 -49 -59 -41 5 -30 -57 -46 -21 -80 -23 -30 -37
32 -11 42 47 64 66 57 25 14 54 45 29 50 21 12 17
60 3 -1 -19 15 -3 12 23 -9 -3 14 23 28 27 31 7
52 19 1 20 30 11 -2 26 22 18 77 -1 70 69 32 45
-2 6 -21 -29 19 8 -7 7 -9 -11 -7 -14 20 9 0 -15
-27 -28 -3 -10 12 -21 -31 -30 -29 3 -42 5 14 -19 25 -36
11 40 11 -2 -19 13 -15 -26 -5 6 35 34 -4 15 9 13
0 -1 9 -9 26 -13 -6 9 -7 49 18 -17 -51 -15 -3 -44
-1 3 14 11 1 -15 -10 17 33 18 -3 3 -1 -5 -24 -4
4 -16 -17 21 -9 1 -42 10 -48 0 -2 21 -11 -7 43 -5
-28 -35 -22 -34 -43 -13 -23 -7 -33 -1 -23 17 -40 -21 38 -1
19 -18 -2 -16 -59 -6 -16 -41 -24 25 -13 22 0 -16 10 -19
-15 -1 -10 -8 -32 -12 -27 -24 -38 24 -9 -7 -13 -4 -19 -6
-34 18 -19 -6 -32 -8 -12 -43 -8 -31 -12 0 -39 -3 -24 -10
-5 -21 8 -39 -45 -37 -20 -13 37 -15 -35 -20 -57 -29 4 -27
12 45 24 16 28 9 42 4 -18 19 -3 16 -1 -2 15 -6
16 -3 7 34 6 35 -17 13 -9 44 -15 8 10 25 10 51
1 -21 -18 15 6 28 21 -19 23 16 35 43 4 -13 -5 -10
11 -12 14 -4 -33 -19 -5 -6 -21 -15 -44 26 3 -26 1 -3
-28 -4 -41 -33 9 -27 -36 -40 -38 2 -9 -62 -67 -14 4 -18
6 -1 -3 -39 -2 -25 -11 -18 20 1 -1 13 -10 -14 -9 -17
-1 36 -3 -10 -36 -28 -31 -16 -35 -16 -19 -25 -19 25 -5 -1
-13 1 -2 6 3 22 25 10 15 22 27 15 0 4 -38 -17
-15 -6 -15 -11 -54 -11 -64 -19 -16 -16 -77 -28 -32 -65 10 -15
6 26 8 -3 -9 32 -35 -3 -17 51 13 8 2 -13 -5 -7
-30 -1 15 13 -1 -13 -33 -23 -30 -54 -6 -23 -6 4 10 26
50 17 17 -8 19 -6 5 39 24 13 23 5 21 22 25 52
5 -10 7 34 -16 -16 16 24 32 -2 30 -1 -2 14 -18 -15
4 -9 -19 -14 9 -3 -7 -32 31 11 0 9 -22 -33 -7 24
18 4 16 -11 45 23 -24 -4 6 1 26 51 -39 7 15 -10
