-53 -3 -16 6 -19 -57 -13 -6 -14 -16 -15 9 8 -18 -12 -33
13 -31 10 17 10 -1 -6 22 -15 -24 10 11 -3 7 2 3
2 -4 9 -8 -12 4 7 -23 25 29 24 26 33 8 -23 12
6 6 35 -4 20 0 5 3 9 -9 12 18 12 12 5 10
4 -19 6 -33 -40 28 12 -6 -10 -3 -33 -25 -12 1 -6 -1
37 -2 12 29 26 30 8 9 16 42 26 1 0 30 7 2
11 26 3 16 10 -7 8 29 1 27 10 7 12 28 30 10
15 44 17 28 -2 43 22 38 18 33 19 37 28 35 29 -6
2 -12 6 -23 -8 -15 -2 -37 -18 -2 -4 -8 -9 9 -16 -35
-47 -6 14 1 -27 -32 -13 -7 2 -25 -24 5 -3 -10 -7 -16
1 4 -22 -29 -10 26 15 5 -19 -4 11 8 -10 14 -5 5
9 14 -14 -2 6 -12 -13 -20 -2 -25 -20 -13 -18 -22 -17 -1
40 14 9 44 46 65 25 3 6 27 29 26 23 35 30 26
-30 22 5 -8 28 -11 20 10 -15 20 14 -2 18 -23 11 -13
-7 28 20 6 28 47 26 24 -16 12 16 40 7 25 19 8
-38 -19 -6 -25 -29 -33 -37 5 24 -34 -20 16 -24 12 -6 2
-15 -14 13 14 9 23 29 45 14 17 25 3 -4 21 14 19
16 -30 -41 9 10 30 -2 9 -26 -36 -4 23 -17 -10 -20 -20
19 -3 22 18 31 32 34 -14 16 41 10 46 11 48 33 32
32 -11 47 41 30 25 39 -1 7 8 19 7 16 20 34 10
10 -32 -12 -41 -7 -21 -22 -10 19 -17 -16 -17 -50 -1 -16 -11
15 -1 56 -7 -1 -36 33 -15 14 24 26 22 17 -35 -6 -11
10 -6 6 -9 23 15 25 -10 14 -19 10 22 -4 32 -3 18
-2 16 -44 3 -8 16 -16 -3 2 -4 -15 -17 -18 5 -3 -9
-6 -21 -32 -68 -6 -12 -21 -37 -40 -42 -6 -67 -39 -33 -37 0
25 11 -4 32 21 47 27 16 8 -9 2 -20 -17 18 17 -21
-19 -38 -16 -25 -17 -7 27 -39 -27 -44 -28 -18 -5 -30 -24 -2
-10 -36 -47 -25 -16 9 -13 -41 -24 -16 -11 1 -13 -38 -39 -2
27 36 -4 -1 55 15 7 -8 26 41 -28 13 0 -15 -12 1
5 -10 -7 -20 -23 -28 16 -3 -22 -45 1 5 5 2 17 -28
3 -10 7 41 48 21 19 21 14 1 -6 15 14 6 17 9
-2 -19 18 -28 -9 -9 -2 4 -27 -9 18 6 -21 3 -20 -21
-9 -8 31 -4 -10 -2 34 -6 8 3 6 -9 23 -1 -3 -5
0 8 -1 4 2 -6 -2 25 16 2 2 23 7 5 23 20
-16 -35 -39 -40 -27 -44 -33 -9 -51 -55 5 -52 -28 -9 -31 -31
17 34 27 16 27 11 49 13 9 48 5 -6 37 17 36 18
2 36 -4 8 18 1 -13 19 -1 12 -4 2 -12 -13 14 24
21 21 2 7 13 -3 6 3 39 43 31 55 -4 27 23 2
-9 -16 -39 -18 -8 -8 41 -12 -19 -33 -21 -15 1 -11 -2 -17
11 3 0 -38 6 -27 -27 -11 3 -11 -26 -32 -13 8 6 -19
-8 -14 -8 28 28 -18 -23 28 -10 9 30 22 10 15 -3 12
-8 -24 -3 -17 -7 -29 -27 -15 -7 1 26 -21 2 -21 -22 12
20 -1 14 20 9 27 -19 -15 3 -27 -1 7 -9 17 -26 3
-23 24 -15 3 -16 -29 1 -19 0 14 -7 -7 -11 -21 21 -22
-23 -8 0 -23 5 -34 -5 -23 21 -25 -30 -21 -6 -5 -4 -51
32 -3 1 -18 -22 -9 -5 -1 18 -9 33 33 12 4 -25 -2
-15 -23 20 13 20 0 -9 12 15 -4 -4 -10 16 -17 -18 4
-14 -12 -3 2 -24 -26 -28 -3 -13 -30 0 -2 -15 17 -12 2
-3 -1 -42 -7 -22 -64 -28 -11 -6 -49 -19 -37 -5 -11 -21 -19
4 25 7 22 9 15 -1 11 17 26 12 21 19 7 12 32
-10 -22 9 14 -5 4 5 51 -2 -31 8 2 -5 37 14 -12
-4 -8 -8 12 31 5 10 -12 23 -23 29 14 13 -6 -13 -1
-4 -26 -6 -19 -28 22 -15 -19 13 -26 13 -23 -22 -21 -27 -12
-4 -36 18 -32 -7 10 -9 -4 8 -15 -26 3 -9 -13 -15 0
-10 -2 -9 -30 27 -10 2 -14 -4 -30 -6 -7 -10 -4 -8 -7
11 -43 -23 -26 -31 6 -31 -29 -3 -23 2 2 -20 -1 -10 -22
17 12 34 6 -18 27 27 -4 24 23 19 29 22 32 4 -19
-17 -19 -28 -11 -21 10 -18 1 -43 -47 -57 -6 -24 -14 -9 -10
-19 22 7 -3 17 -16 -11 24 55 23 1 28 35 -12 4 43
-33 -22 -18 -30 -9 13 5 -20 -10 -5 -29 -2 -43 -18 -17 2
-9 -1 -5 24 9 7 22 13 -8 -9 -18 -10 21 -3 -6 -9
23 19 -14 12 0 6 3 -15 -3 -3 12 -11 -1 31 1 12
-3 -25 -44 -40 -4 -8 -15 -2 2 -17 0 19 11 2 -31 -23
-17 17 20 20 47 21 23 31 30 24 5 13 -10 40 13 62
