-35 0 -15 -28 -16 -36 3 -17 -16 -42 -13 -47 -27 0 -22 -26
27 9 -17 0 32 -26 7 9 34 14 -12 28 20 -7 -13 25
-4 -3 39 -7 41 10 13 22 28 -10 36 12 22 37 7 6
-5 32 -13 -1 18 10 36 -14 27 18 12 55 22 10 -1 23
-5 -42 -9 -24 -18 -21 1 -6 -29 12 -22 -47 -22 12 -7 -28
25 21 4 3 -5 27 38 21 17 -8 -6 15 9 -7 -4 1
13 -15 -25 25 10 15 -2 25 44 27 -19 0 14 0 2 -14
9 -3 53 2 16 50 23 20 27 40 -11 35 10 33 -7 28
7 2 -7 -29 -6 -5 0 -1 -3 -28 -6 2 -8 -49 -38 -24
-43 1 -27 10 -20 -14 -14 -54 -41 33 -20 -19 -17 -1 -12 -22
-31 -25 -39 -12 -13 -1 -18 7 23 4 42 27 -21 -17 3 -6
26 24 39 13 -41 -2 -1 -8 -19 -19 14 -22 1 -33 26 20
-3 44 7 66 54 66 34 55 33 31 24 9 56 21 45 58
45 4 4 42 26 4 27 21 47 1 6 21 -23 -30 -13 14
19 5 68 42 13 23 29 28 52 43 18 28 16 63 6 30
-1 -23 -13 -31 -17 -17 3 -40 -7 -11 -25 -28 -27 1 20 -30
-6 35 18 12 15 29 15 5 18 8 21 11 16 1 27 -36
37 -51 -32 -14 -27 -25 -19 8 -27 -18 -23 -15 50 -25 -19 1
22 62 38 45 30 -3 56 14 24 5 -9 43 64 78 18 22
2 30 41 46 37 27 -1 39 2 39 29 36 43 25 3 24
-3 -13 -13 -5 -20 -25 -23 -35 -49 -2 -50 -22 -29 -20 -46 -30
-3 -1 -11 15 29 24 3 -46 1 -5 25 23 32 -30 -24 -7
4 41 25 -9 23 -11 42 -5 36 -9 -17 33 9 11 -3 20
23 6 9 -22 -45 -32 -33 -28 -60 0 -15 -14 -34 -22 5 0
-53 -38 -67 -16 -22 -28 -55 -51 7 -18 2 -62 -39 -27 -21 -53
2 -5 39 17 10 23 14 27 32 18 1 12 56 21 16 46
-27 -19 -75 -38 8 -14 -10 -64 -15 -23 -7 -37 -39 -24 -57 -35
-56 -7 11 -68 -54 -23 -52 -39 -20 10 0 -47 -55 -39 -3 -28
-6 26 48 26 -18 13 43 55 -35 -10 29 0 26 32 23 20
-22 -16 -22 -43 12 3 14 -56 -14 -32 2 21 -24 -44 -34 -2
-6 -9 28 35 54 19 -20 34 2 16 -25 26 23 34 10 1
4 -8 -10 -10 -13 -7 26 -21 22 -30 -14 -13 10 -16 -13 1
-1 -8 15 -9 -4 -4 -10 20 -14 32 -2 11 12 0 23 -4
-3 28 12 11 2 27 -11 7 41 2 3 6 9 34 5 17
-23 -54 -101 -39 -16 -19 -39 -57 -29 -66 -24 -23 -68 -32 -59 -9
60 34 9 28 6 58 11 42 51 -9 9 55 32 8 5 -7
10 13 38 10 -32 61 9 38 -13 -2 44 11 18 33 30 9
32 -16 14 31 15 7 18 35 31 3 8 20 48 23 24 6
-7 -10 -6 -6 5 -23 7 0 -30 5 20 15 2 39 0 -10
-37 -18 -6 -15 -29 3 14 -15 -1 15 -3 -9 -5 28 39 -21
29 39 8 8 15 -12 18 -17 -5 -14 -27 23 -22 -16 -8 30
14 42 9 16 -2 -12 16 14 -24 7 22 -4 -4 -15 26 -56
29 8 33 -3 -5 -6 0 6 -18 -6 -21 18 41 27 0 19
14 -36 25 -16 -2 13 -28 8 -9 -5 2 -19 -35 -3 -17 16
10 -35 -12 -3 -17 -25 -25 1 -19 -6 22 2 -7 -18 -1 -5
-4 -20 -9 9 0 17 -20 -38 14 12 2 14 -57 -17 19 0
-28 26 -29 11 -12 -15 12 -2 -6 -32 -36 -1 -17 -17 22 -11
-23 0 -17 -17 -20 -23 -26 -41 -30 -44 -9 -11 -37 -13 7 -1
-18 -2 9 -16 -61 -2 -63 -6 -47 -12 17 9 -14 -29 8 -8
-15 17 7 -15 40 -8 17 6 -9 53 15 12 12 40 35 4
12 22 26 0 -10 23 14 18 -19 21 -31 20 0 5 -20 34
16 9 -17 18 27 2 7 7 20 22 -11 6 21 -1 -1 5
-23 -35 -29 -7 -7 -14 2 -36 8 -29 43 -11 -45 -32 -19 2
-17 -28 11 -21 -5 -27 -12 -41 -22 -28 -26 -5 -23 -2 -56 -20
7 8 5 1 -26 -25 16 -10 2 8 -7 19 0 15 -12 19
-2 -32 -30 -20 -1 -13 32 -43 28 8 -51 -24 -20 -9 -26 -6
13 22 9 23 44 0 11 6 13 -19 3 10 19 0 -10 4
-33 -26 -12 -53 -47 -33 4 -1 -53 -27 7 -36 -22 -29 -47 -18
17 19 31 44 7 14 20 -5 39 -7 14 28 -23 14 14 29
-17 -10 7 -42 -15 -33 -14 -16 -3 -10 -16 -1 -26 22 -27 -52
6 13 24 -27 -29 39 -3 25 -28 17 38 37 27 15 22 8
-6 9 -1 12 -20 24 2 13 12 -2 -2 4 5 23 40 8
29 16 -10 -23 26 20 9 -22 5 -10 -35 -24 16 -4 -48 8
27 28 19 20 31 35 32 -10 39 -10 16 24 14 21 60 19
