-4 -7 1 -12 14 -15 -5 0 1 2 20 -20 -10 -20 1 -1
-4 -13 -1 28 5 1 3 -4 -3 15 -9 18 8 -10 -6 -24
-5 -1 2 -18 15 -3 31 9 8 6 5 8 12 20 24 -17
-19 -19 6 -2 3 20 5 3 11 -17 4 -4 -7 22 4 15
-27 3 -9 -9 4 -23 -6 -7 5 -5 -7 -4 -3 -3 -24 -5
-6 -20 11 23 -17 -2 -7 -7 5 19 -2 -8 9 31 -6 -7
9 -6 17 15 -11 -3 10 10 -2 16 7 14 1 -35 8 13
6 6 25 13 8 -18 24 14 -2 20 3 14 16 -3 9 -12
-22 -9 -4 -8 -12 0 7 -10 -13 24 -8 -2 -1 -6 -10 3
0 23 3 3 4 5 3 4 16 -8 5 -25 7 -7 -14 3
-22 -19 -8 -3 -7 10 -36 6 -18 -4 5 -22 -20 7 -3 27
17 1 -10 16 -13 -15 -2 -4 4 4 -5 -23 -23 3 -2 12
15 16 20 -5 13 30 10 -7 10 7 5 -10 14 26 6 10
-17 9 13 -17 1 2 -10 8 -10 33 20 3 15 16 13 -5
-7 1 -3 30 1 -8 -2 0 14 16 0 11 7 -1 -13 26
-35 17 12 3 3 -12 -3 -23 -19 -23 4 -10 1 0 0 4
15 4 35 -4 41 4 -19 0 26 -5 8 -20 -2 20 -20 30
-5 5 10 3 2 4 -4 -5 -2 6 -3 14 -41 -24 -8 -3
8 -22 12 20 3 20 1 -14 8 -14 -5 5 12 24 3 22
7 -12 4 -26 31 8 13 1 -11 3 9 -32 3 0 5 -2
-21 -3 7 3 13 5 -2 -2 -6 9 -18 10 0 0 -10 -24
0 3 6 -21 0 -10 11 -5 16 23 7 -14 -12 16 0 11
28 5 6 12 -5 27 -3 7 -1 -1 4 14 -9 16 3 7
-14 0 -3 11 2 -20 3 -2 -24 -3 -23 -11 7 -2 -8 4
-6 3 -20 1 -20 -7 -29 -12 -2 11 -11 -27 -11 -2 13 -22
18 -15 18 17 6 2 -1 -16 14 7 0 -2 -12 17 2 -32
2 -15 -15 -30 -26 -3 -27 9 -7 -3 10 13 13 -19 -21 9
-5 4 -5 6 -4 -1 -18 -29 -15 -14 -19 -23 -2 -13 23 -15
12 2 -10 -15 7 7 27 11 -13 -8 19 -10 -2 30 1 15
-17 -4 28 -5 -2 -1 -25 -25 -12 -19 5 3 -7 4 -25 18
12 12 13 18 29 18 -2 -8 21 -2 20 9 -2 5 -19 -19
-12 4 7 -17 -3 5 20 -8 -30 -18 5 14 -31 1 7 8
24 7 7 7 20 20 -7 4 -3 3 -23 16 3 -8 -2 -7
16 2 11 31 0 8 6 -12 1 -9 18 -26 9 -9 -22 19
3 4 -4 -25 2 4 -1 -4 16 -11 -17 16 -12 -9 -5 1
24 -6 5 -19 1 -7 9 -26 7 1 17 18 1 12 -6 21
25 -8 10 4 -22 8 -3 13 -2 8 6 3 -16 3 -11 -6
-4 12 30 23 20 5 -5 -1 -11 0 3 14 10 10 14 16
7 -15 -11 -1 -27 -14 1 6 5 0 4 -14 2 -6 -31 -4
-15 1 -6 -3 -1 2 -16 -44 -31 -14 -10 -10 -4 3 10 0
-18 -1 -1 1 8 3 -2 -20 23 -7 -4 -6 -9 32 10 -6
28 -16 4 -8 4 9 5 16 23 17 -19 -27 2 -7 16 14
6 13 -23 15 17 4 -3 -5 1 -6 -24 16 -2 -17 -20 -14
1 -10 6 -10 -9 -25 2 -7 -6 4 6 17 6 3 11 -9
-4 1 10 4 2 13 -4 -8 -13 -5 -5 -17 7 -2 -17 5
2 22 12 5 -21 1 -15 -2 2 -25 -6 19 -16 11 12 -24
13 -5 -5 10 8 22 -8 -2 28 1 -7 5 -3 -20 3 1
-26 2 -13 -7 -14 -7 -8 -3 -6 -14 -15 -11 9 -18 2 -6
14 0 -36 -21 13 22 -1 -3 6 -14 -3 -17 -18 -14 -16 -13
-31 -22 4 -11 -15 1 7 10 22 -14 -12 -7 11 3 3 9
-1 0 10 24 31 4 -7 -11 27 -8 3 -16 -5 29 -30 6
3 -13 13 0 10 19 4 -1 27 -9 -2 6 9 -11 -15 10
-22 -11 5 -39 -8 -10 -16 16 0 8 10 -8 -5 6 0 -41
-21 13 10 -17 -7 -10 -16 4 -9 19 14 12 7 5 -17 -26
1 17 5 0 -7 18 -3 -3 12 -7 4 1 -16 18 -32 19
-11 0 25 18 0 -9 -6 -22 5 -14 -10 8 6 24 4 3
30 4 -15 -22 8 13 14 6 -13 20 7 -15 -2 3 12 5
-22 6 -5 -6 -13 4 -5 -7 -33 -24 6 -21 -7 1 -16 -6
-21 13 -6 -10 -13 24 -6 -31 -1 -6 -3 0 0 -2 23 21
-16 -7 -4 -4 10 -7 -12 13 -1 -4 -1 12 1 1 3 1
10 19 -8 -6 10 5 21 12 16 2 11 14 1 8 -21 20
26 14 -6 36 -4 20 -4 7 1 -3 -3 6 1 -14 -2 5
-8 12 -1 -6 -13 13 -15 -17 -8 -9 1 23 3 15 -4 18
25 8 25 20 12 24 -11 -10 5 -3 9 0 13 11 3 11
