9 6 -3 10 -5 -3 -18 -10 -16 8 -21 -28 -14 8 -21 -13
52 19 58 28 -1 43 14 -36 -27 9 -11 -16 13 15 31 33
2 15 50 27 -20 -21 -6 3 -31 13 27 9 19 3 4 29
35 32 25 -18 21 10 24 0 -28 25 -12 -5 17 -15 -1 -17
14 -15 -4 -49 -16 11 -28 -25 -12 -41 -29 -32 17 -2 27 19
9 -11 29 5 10 18 4 3 -2 18 -1 -3 23 -22 19 9
15 -15 23 -16 24 24 -36 -17 -7 -11 -6 2 -2 -49 43 15
10 24 7 4 -7 37 15 -6 -11 7 47 6 4 -15 20 4
1 30 2 -15 5 5 26 1 -9 2 -40 -11 -14 -11 2 -22
-19 9 -11 -10 5 18 -38 25 8 -9 3 -11 -6 8 0 -30
25 5 9 -22 -21 8 -59 12 -4 -62 17 6 28 -14 -11 23
21 -19 -23 -2 4 17 -4 -16 29 20 -18 11 -52 12 -20 -46
9 46 41 14 37 19 11 25 11 8 3 17 11 -3 -4 11
-27 -16 -8 23 26 -8 7 -11 -30 -13 9 -9 10 12 -12 -2
-8 -3 8 6 -28 6 -7 14 11 -16 22 -1 -14 29 15 -1
12 -16 6 -28 14 -1 11 -29 2 12 -31 4 -18 -1 10 -16
17 -6 1 2 3 14 -27 -8 23 -2 10 -22 11 35 10 3
6 -7 33 16 -3 -1 6 -11 0 -16 -11 14 -26 -41 9 33
12 4 29 16 3 -10 26 0 -29 27 8 29 -6 8 4 26
6 26 36 11 -12 -21 20 9 4 44 8 2 30 14 8 -17
-3 2 -54 9 -23 11 1 2 4 -28 19 7 -36 -5 -15 -6
-12 -1 3 -1 -24 24 17 9 -1 14 8 -21 -2 -10 -9 -14
23 -8 17 -9 9 -34 26 -21 11 27 24 8 -4 18 6 3
-15 -12 -8 -23 -22 19 2 15 6 -16 16 7 -23 15 -12 6
-26 7 -22 -21 -5 -20 -33 -4 -2 -15 -7 11 -13 -12 -25 -17
10 9 31 -31 8 -17 -7 25 13 30 -18 16 31 0 -24 14
7 0 0 -16 -2 11 -8 -36 -28 -13 -6 -14 -3 -32 -13 -21
18 -5 -17 -17 -6 -16 -12 -6 -1 8 2 -18 6 4 -11 -26
-5 -26 -11 16 13 24 28 -28 -5 44 -21 -25 37 6 15 1
-10 12 -24 12 7 -43 -27 35 -1 -27 -2 11 -30 7 -12 -22
-21 24 13 16 4 12 27 -16 6 -7 -20 34 10 -26 -3 34
23 38 -26 -10 -24 -32 -23 18 3 -4 -29 -7 -16 9 28 -6
1 -35 -22 10 5 4 15 -24 7 -11 37 -42 10 -5 32 -10
-6 -11 -1 2 10 24 -11 -7 0 24 15 -21 9 -14 -8 -15
-25 14 -13 -18 9 -28 -12 -6 -17 -17 -16 49 -55 -23 -7 -26
-6 -17 -34 30 1 -13 -9 -11 22 33 -1 8 7 8 8 -9
-20 -30 -29 1 14 2 -8 17 13 19 -13 -3 -15 -1 -1 37
-28 2 6 16 -2 26 6 12 -13 7 7 11 -8 -46 -9 11
9 1 34 17 -14 -4 7 -3 -51 -10 13 19 -6 -10 -30 -15
-11 -40 -37 -5 4 -12 -21 -13 14 -37 -14 -4 -13 8 9 -57
-14 15 15 25 14 -1 17 -18 -22 -9 34 -9 24 4 -33 13
-3 -3 -49 5 9 10 4 15 19 -14 -18 -3 37 19 -23 -18
-26 3 -1 -18 -31 9 23 6 12 12 -2 16 3 5 6 -19
4 5 -33 29 -23 -19 6 31 10 -30 7 16 -23 13 -21 -24
-24 -5 -9 -6 -41 -7 9 0 1 2 -47 -22 -20 4 -14 -13
-19 41 12 -9 1 6 11 28 -13 4 25 17 -36 10 3 -14
0 -10 11 1 6 -16 -11 -24 0 -3 -4 20 -30 27 0 -15
9 4 28 -10 -19 7 -14 29 9 -44 17 5 -13 12 -4 -33
8 13 -10 36 -18 17 13 -1 8 14 -10 -9 -13 18 -8 -22
-12 19 17 -33 4 -20 13 24 22 -24 25 26 32 11 -5 -9
-2 14 3 -24 -12 0 -28 12 19 -1 -9 -7 -8 31 3 9
9 28 0 -4 -2 -13 17 30 11 13 -5 20 3 42 19 22
15 -24 8 12 -7 -15 10 8 5 -58 -5 -7 -28 5 -25 -7
-10 -14 29 -11 -24 25 9 3 -16 -2 -9 -35 5 -13 11 7
-8 -16 -43 -8 31 -32 12 -17 -3 -7 -3 19 -3 5 17 -29
-28 14 5 -44 6 -17 10 -18 -15 -26 -22 38 -4 -13 4 4
-16 -19 7 17 -31 -26 41 26 4 48 -20 -27 38 3 11 -11
-10 -30 20 -2 -6 -64 -1 -4 38 -29 -28 -4 -15 10 19 -26
24 8 12 24 -6 -35 -9 -22 8 2 14 31 0 29 5 -8
-2 -24 -37 -6 -9 -23 -21 -23 -5 -40 -2 14 -39 -29 -16 -16
17 0 20 -2 -7 26 3 -11 18 10 11 -3 -7 6 19 7
-5 -38 -2 -28 -8 -3 10 6 9 -2 29 14 -1 9 -5 -14
4 26 -5 14 -6 -2 24 -15 -15 -9 -1 7 -12 28 10 0
-12 -13 11 -6 25 15 -4 -27 35 26 5 7 1 5 22 30
