-19 -26 -39 -23 7 -18 -2 -29 -26 -23 -5 15 -30 -12 -9 24
-3 -29 11 -14 -3 -12 -12 -8 -11 0 5 -33 -23 15 40 5
20 31 24 -10 6 28 0 30 -12 1 3 -7 5 8 -16 4
-26 -19 9 -16 5 18 16 22 41 25 54 5 -5 -3 15 -8
-3 -18 -29 -5 -38 -18 -12 3 -55 -13 -21 -15 -10 15 17 -4
9 38 18 5 23 -1 -10 -4 29 13 24 -1 35 2 1 35
6 28 -8 26 37 -21 -11 1 11 -15 45 -25 26 -3 9 -22
36 8 33 2 28 -6 46 15 -3 12 19 4 13 9 18 2
-49 -31 -11 -4 -17 -9 -21 -8 -6 1 -10 -17 -23 9 16 -9
4 -17 -4 -5 -5 -25 -42 -61 -5 -33 -5 -25 1 -13 -8 0
-6 10 -9 1 -32 -41 32 -10 -49 33 12 -4 -1 28 9 1
-27 -11 -1 -13 -3 -7 -5 -4 -27 25 -42 32 7 -29 -25 -15
3 58 39 17 -33 23 12 20 14 39 -9 20 32 -11 18 48
-22 -9 1 27 14 -26 28 36 -9 2 37 12 -10 -15 -10 7
22 21 -4 25 28 41 8 10 19 32 28 4 28 6 11 -39
-27 3 -19 -39 -17 -10 -13 13 -31 -26 -41 -13 -32 -33 -9 5
7 12 13 20 7 20 1 3 31 -19 32 26 5 13 9 -10
14 17 16 8 -48 -9 -12 9 -19 30 -8 3 3 1 5 18
-2 58 7 -26 5 33 12 39 46 23 -3 22 3 -27 -34 12
17 -21 11 4 -2 11 48 -15 6 31 23 21 7 -17 -8 7
18 -50 -3 -8 13 -24 -30 -7 -13 -2 -1 -44 8 -8 -35 0
22 -38 -19 -13 42 4 -14 -20 3 17 15 6 44 19 14 20
23 36 -17 -25 8 1 7 28 -8 9 -13 -5 -17 -45 -35 -12
12 -8 -3 -18 -1 -14 13 -6 -31 9 -33 -39 -6 -20 -16 -2
-17 -71 -16 -22 -4 -21 -12 -29 -16 -10 -13 -6 -8 0 -25 -44
-20 42 35 -35 8 -6 -19 41 41 24 6 14 18 14 -22 30
5 -12 -29 4 -42 -18 -5 -15 2 -1 -26 -25 5 23 -12 -25
-13 15 -26 -57 -75 12 -4 -2 -30 11 -34 -9 16 -27 -8 -15
-25 22 24 12 -18 40 1 36 0 19 17 55 -1 -7 -13 37
16 -2 -18 3 12 -31 1 -3 18 -1 -30 -15 -2 -3 -35 -27
-28 23 -1 -15 -25 32 -4 18 22 10 -30 19 -3 -8 -1 11
-1 -50 -42 -12 11 -25 -63 -51 -20 -15 41 -3 -20 -6 -48 3
6 -1 -8 6 -13 20 3 5 -7 -23 -2 13 7 22 45 12
10 6 -6 -13 17 6 8 -8 19 -22 27 43 25 1 30 24
-32 -39 -29 7 -1 -26 1 23 -22 -7 -35 -40 0 -18 -6 -31
15 2 30 17 42 26 -1 17 45 26 -20 14 -4 46 -24 -4
-14 2 -2 72 -20 12 -1 -2 50 -8 -9 10 16 13 -10 10
20 37 16 21 35 11 -19 6 51 20 37 40 42 34 2 34
-22 5 -1 -6 -13 -26 11 8 -16 29 -9 -33 -12 25 4 -11
19 -5 -17 4 11 4 -24 9 27 -34 37 5 19 -39 -31 -19
-18 37 -7 13 -12 25 31 2 7 26 -1 3 -1 -7 12 26
-17 -37 -27 -2 2 12 -29 -27 -2 -37 17 26 -16 18 31 -3
59 -13 -9 -25 23 15 -25 -15 -13 22 22 -1 12 1 25 6
-16 -15 18 -5 -11 -1 21 -18 -6 0 -6 11 -9 9 -17 -4
0 -26 -5 23 -7 -29 44 -33 -14 0 34 -8 4 1 -4 4
3 -3 7 12 -14 -46 17 -27 -13 23 3 -18 5 6 -27 -20
-13 -7 0 -15 11 -38 -7 18 3 -23 9 6 2 -16 -15 -5
-2 16 -29 -17 -3 -30 1 0 -23 -16 -33 -19 17 -22 -17 -2
-18 -32 -10 8 -14 -16 8 -33 -24 9 -23 -4 -17 2 26 4
18 0 28 -9 38 22 -11 16 0 -7 14 12 6 35 7 -20
-16 3 52 2 12 -20 33 14 4 -14 17 17 10 -17 2 -4
-5 -6 -1 -17 4 33 -19 12 23 0 4 29 16 3 3 -10
1 10 -32 12 19 -55 -8 -13 -25 1 -20 -20 -39 -17 -22 13
5 17 30 -33 -27 -24 -37 -18 -19 -14 37 1 -24 2 -5 -43
-29 -13 -18 48 -10 33 2 -13 -5 5 -10 20 1 -21 2 7
0 -13 -19 -39 5 -13 -18 40 -5 2 -22 1 5 -6 -12 -2
39 12 -8 3 18 -4 12 -13 14 14 -32 26 9 46 -16 -1
-19 -2 26 -5 -3 -41 18 8 -17 -24 -39 -12 -20 -42 -21 -21
2 -4 -11 34 12 16 30 -22 -15 7 -14 34 7 -12 -1 -35
17 -25 2 -34 -31 -13 -17 -5 -1 -35 3 -14 10 -12 -38 -27
12 -11 32 36 -11 13 -10 10 11 27 3 -20 -8 -7 22 29
16 15 20 -12 6 -8 9 41 28 -2 -15 6 13 -13 -18 -41
49 12 -31 8 -11 -8 -26 -23 -21 -12 5 -37 16 6 17 -16
-19 19 18 -31 10 10 -34 -36 21 5 25 17 -14 -63 -9 9
