-36 -20 -13 -25 -9 -2 -30 -20 -56 -39 -13 30 0 -25 -33 22
7 -11 -1 -34 16 33 -17 15 -30 -7 20 50 36 12 -20 15
-3 15 15 21 17 40 24 19 -21 45 -1 17 17 -2 -8 -7
21 31 1 -13 21 -6 27 7 6 26 -4 36 49 32 1 6
-20 -16 11 -6 -9 -17 -40 -22 -23 2 1 -8 -51 -31 18 -11
11 -10 19 1 2 30 21 34 24 20 9 -14 -12 10 38 32
-15 -19 -29 9 0 13 8 8 18 24 38 -8 12 -9 17 -16
10 34 63 37 -19 32 6 11 11 45 12 35 23 11 39 34
9 -27 -1 -5 -24 -13 -19 24 -24 -1 -45 10 -42 1 -8 -26
-25 -6 -28 -3 2 -15 -27 -61 -29 -33 -16 -2 -16 -31 -6 7
-16 -19 18 19 -14 -23 16 13 27 13 -4 -12 -12 -14 -16 -19
19 -12 3 -40 14 -15 -55 25 9 -43 -1 9 28 1 12 13
50 12 31 46 26 -5 42 36 32 53 58 23 33 43 2 2
0 -22 -5 -6 -14 22 -8 25 27 -2 8 -14 19 10 12 1
11 26 33 5 35 8 26 60 39 -10 32 31 31 29 33 13
-41 -42 -32 12 -26 9 -37 -56 -11 28 -39 5 -43 -25 -39 -26
3 26 31 27 22 33 10 -6 -2 -25 -2 12 16 -11 46 28
-25 -23 -21 -26 -5 -1 -37 -3 15 -7 -20 -23 -47 7 2 10
13 27 -25 51 18 43 65 -13 33 25 6 -6 34 38 3 29
32 47 8 29 28 13 72 28 19 -14 46 14 30 41 42 38
-36 15 -37 -20 -15 -29 -8 -40 -27 0 -23 -34 -46 -6 -9 -12
-19 10 27 30 29 8 5 -7 15 17 -7 -3 2 18 3 1
11 67 -2 15 -7 -11 12 -6 3 24 12 14 45 -10 -11 -8
-1 -24 2 -11 0 -15 -36 -41 -10 -52 3 -15 -43 7 -11 -16
-31 -45 -26 -43 -62 -29 -39 -9 -59 -48 -29 -36 -40 -25 -48 -47
4 18 61 -7 25 -4 41 26 24 8 -32 40 25 2 14 29
-39 -30 -32 -16 -33 -54 -21 -33 -36 -12 -32 -27 -54 -21 -29 -46
-6 -26 -25 -38 -12 -12 -35 18 7 -18 -16 -5 3 -45 -25 -18
7 21 5 5 12 4 9 28 16 -4 39 12 38 40 10 14
-24 20 -29 -30 -5 -18 1 -17 13 -41 -67 13 6 -29 1 12
23 8 10 8 5 -17 19 23 0 17 -6 26 -20 13 21 23
-21 -15 12 -42 -5 -11 -19 -17 -19 -3 -45 36 22 -40 -22 2
11 8 10 19 6 -7 -9 18 17 27 30 11 14 -9 10 3
2 -6 -3 8 -7 5 37 12 -13 -1 13 24 42 20 -29 17
-29 -57 -37 -67 -37 -34 -25 -38 -8 -18 -77 -33 -52 -21 -52 -55
25 6 35 16 42 33 25 -18 14 31 28 26 52 33 24 23
3 36 42 14 32 9 42 8 5 -4 19 -6 -9 3 26 14
4 -5 14 40 5 51 33 15 -6 9 5 16 3 36 2 28
-20 -22 -9 -2 6 -6 -5 -1 -10 9 -22 -3 -42 -14 6 17
-21 -7 -7 -30 -22 11 -11 28 -31 11 -19 -2 12 -4 -9 7
5 9 11 -13 -2 12 -16 13 42 11 -15 4 25 26 15 8
2 -34 -1 -14 11 22 11 1 19 -8 12 -24 -13 -29 19 -18
40 -10 20 -6 2 -27 20 13 15 -16 -5 -13 -19 10 25 -10
-5 0 1 -11 -15 10 -10 5 -16 8 5 -5 7 -8 12 8
-20 0 -25 -24 -44 -33 25 10 4 -22 -35 -41 0 -12 18 -16
1 27 -30 18 -9 20 0 -17 -1 12 -27 -24 -15 -8 -8 -3
20 -4 -17 5 -8 16 -38 29 -23 -22 -20 -20 -26 0 -21 -30
-9 -33 -12 -10 -34 -19 -31 -31 -15 2 -65 -20 -6 -24 -31 -17
-9 -32 -29 -30 5 -41 -18 -24 -46 -27 -30 -2 -9 1 -17 -1
47 9 38 37 3 18 23 19 16 27 -4 6 16 2 5 18
13 29 33 25 12 3 18 -15 -4 -8 -20 -9 -4 8 59 26
42 21 -5 -13 23 9 28 48 20 3 10 1 -7 21 14 28
-5 2 12 -9 -45 -23 -19 -23 -4 0 -31 -16 -39 -14 -9 27
-20 8 -14 -26 -31 -23 -20 -19 -36 -14 -10 -20 -59 -27 3 -44
6 -8 -31 -51 -4 -1 -45 10 13 -26 4 17 8 -7 17 8
-20 -18 -15 16 -23 -13 -13 -31 -2 9 -43 4 -34 -5 -38 -29
2 38 11 25 6 -6 -6 22 14 -24 19 21 23 6 19 -4
-45 18 -18 -3 -35 -33 -37 -14 0 -16 -51 -48 -7 -28 -2 -5
61 13 -17 24 0 32 -16 5 -9 12 23 -15 38 18 8 2
-57 -29 -26 -12 -35 0 -6 -13 -19 -15 -25 -23 -27 -34 -1 -23
-11 -5 21 12 49 33 26 15 36 9 25 0 -12 34 43 4
30 -12 -22 30 -20 4 -5 -10 -16 4 47 -6 14 -1 20 -36
-36 17 -23 -6 -5 19 -8 37 19 24 -43 -7 -9 -9 18 3
11 20 0 16 17 -4 -15 4 -16 14 44 -10 20 11 38 -17
