14 -5 -6 3 7 7 -7 8 14 20 4 -11 22 -14 1 -7
-10 10 -37 11 1 -16 8 4 3 6 39 10 21 -13 -5 9
20 12 5 -5 21 12 -1 -23 -3 6 17 16 6 -6 -24 23
2 25 18 -10 16 18 0 -1 -6 21 4 -7 3 20 0 14
-3 -5 -8 -2 -1 18 -16 -3 -11 -13 -20 -25 7 -22 -13 -1
17 -8 -4 8 -4 17 -1 5 -4 22 -2 2 -10 -4 4 -31
-9 24 -1 9 1 4 -11 22 19 7 -28 -17 -23 3 12 -8
31 32 16 -9 5 -7 10 19 3 42 0 28 0 -8 1 34
-21 -27 -6 -18 10 -16 -3 13 28 -30 -20 -1 6 20 -10 -18
36 25 -11 32 -27 21 -22 17 -26 -27 14 -11 12 -38 6 -40
-46 3 -8 12 12 23 1 -29 0 -31 -14 -35 4 -35 34 -8
-38 -45 19 -12 -20 13 -4 -12 -5 -5 -9 10 17 38 14 -14
-1 11 10 -10 13 -8 15 -4 14 -6 11 -26 3 7 12 22
7 -21 14 -7 10 -15 18 10 -18 16 -22 4 -4 7 -16 -32
-17 -18 30 0 -1 17 2 -34 2 20 -3 7 9 15 -17 10
-39 -26 7 -3 -11 -11 7 5 4 -27 -36 4 -24 -3 31 -10
-5 14 -23 6 -25 -22 -24 26 35 -7 3 -3 2 -24 27 -19
12 -1 -27 -34 3 -27 -7 8 -29 -5 -15 -3 -9 -9 -16 19
-1 3 7 25 -10 -2 6 -11 35 13 -4 -23 -35 9 14 12
-15 12 5 -13 25 -5 14 -21 18 15 5 -14 33 7 -3 18
-15 1 -8 -40 -19 1 -12 -17 8 -19 17 1 12 -31 34 -2
27 17 4 -8 11 27 20 35 -15 24 -9 21 8 -15 2 40
36 35 -15 -7 -34 19 -40 -20 5 21 -4 -1 16 -5 13 4
-27 -6 -10 -7 -25 -12 10 -18 -19 -22 -12 -13 -8 -20 3 -1
-13 -22 -3 -6 -6 -1 -18 -18 -15 -27 -8 -39 -16 -2 -13 -4
11 -3 -20 12 25 18 -30 5 -12 -1 33 -3 9 27 -5 2
10 19 9 0 18 23 2 11 16 -10 -1 -16 -11 -3 7 15
-16 -6 1 10 -10 -11 -27 -8 -10 17 -1 -12 -24 -19 -2 12
15 -37 5 6 -1 -23 5 -14 28 32 -33 -2 1 33 10 24
-16 47 2 3 -26 26 -31 3 -14 -17 -13 -13 -7 -20 -10 -15
48 -5 -18 -4 11 -10 10 29 16 -12 37 4 -2 -18 1 2
-9 22 -10 -9 -20 -1 -33 7 1 4 -19 -7 21 -7 -4 -7
9 17 -5 25 -32 -31 1 22 -8 18 2 29 -6 6 9 -11
-13 -12 -17 24 18 18 26 -14 3 3 9 -8 -18 5 8 17
-9 4 2 -42 -7 -26 -4 9 -22 -22 1 -1 -15 23 -17 13
4 19 16 -2 10 -35 18 13 -10 -4 4 19 44 -3 -5 19
-7 -6 -7 -22 -27 16 9 -6 11 19 13 11 -4 21 15 8
-1 -17 14 17 3 1 10 -9 -4 -34 10 21 0 -13 7 10
23 16 -4 18 3 -15 3 13 -9 5 7 10 24 0 8 8
-46 19 31 -11 10 -13 -4 -30 9 -26 -26 -7 -6 2 12 -7
-10 5 -14 0 -14 -15 -11 12 5 33 -5 2 -14 -25 2 7
-15 -35 28 -7 -32 0 29 14 -10 4 3 33 -9 -15 -10 9
17 -3 1 -28 -16 0 24 -8 -14 5 -1 7 14 -6 -11 -10
4 -1 35 15 34 -12 9 12 3 -15 39 1 -10 -13 6 5
-26 7 5 3 -18 -20 -6 17 -32 -5 15 -15 -24 22 -14 -7
-4 41 -31 2 -11 22 -13 10 -5 -1 -12 16 -4 3 16 13
30 13 -16 5 -12 -25 -18 13 26 20 0 -24 -15 2 28 -25
-15 0 -20 29 2 -24 -32 20 9 3 -27 -21 -16 -20 -12 -21
5 -9 9 -22 -7 -31 -20 17 -18 10 -2 22 18 -6 -36 -9
15 13 -15 28 21 29 -5 15 24 0 9 -1 -48 8 -1 -17
-19 9 1 -20 -18 -26 -2 17 13 -15 7 10 23 -19 -6 -25
24 6 18 -11 7 -26 33 21 20 -5 21 -9 6 27 16 4
14 27 4 -9 23 5 -16 6 -7 22 -33 -12 2 20 -22 -22
15 -5 2 -3 16 6 -2 -29 20 6 -3 17 33 -14 -2 -16
-10 10 12 13 -30 -10 -10 5 20 12 -24 15 14 -13 -13 -2
-6 -7 20 -16 22 -6 3 8 15 -34 2 -21 -30 -13 45 19
20 2 -12 18 14 2 9 6 -5 36 -32 -7 4 17 -26 40
20 4 11 -6 -4 -19 -72 -13 -24 -29 -33 -7 -28 22 -30 -35
-11 -14 49 10 1 -30 -24 16 0 47 5 2 -19 -18 0 -6
28 -1 6 -1 5 28 -26 -30 -12 -18 7 21 -27 -6 13 -35
1 11 19 -15 -3 13 -2 0 -11 -1 10 46 29 10 12 -8
13 -16 -1 21 21 -5 -3 -1 10 -18 1 -9 -8 14 -26 6
-14 7 6 -35 -24 -21 8 -16 -30 12 29 17 -2 -24 10 8
-4 9 15 16 -20 -7 13 -34 18 10 -4 -5 -20 10 37 -26
