-39 1 -34 -23 -30 -3 -23 -26 0 -31 4 -3 5 -12 -22 -26
7 6 -33 -8 18 25 -3 -16 27 -10 5 27 -1 29 -6 18
1 19 17 0 27 25 -9 11 36 36 -15 11 -1 -18 3 -3
-2 -28 11 -2 13 20 20 3 4 26 11 17 25 -5 30 34
16 -8 -16 -18 16 14 -1 -29 -3 -7 17 -26 -30 -3 -54 21
33 3 44 20 1 10 17 15 16 10 21 9 -2 19 27 -2
42 -8 27 1 31 37 5 -3 -24 3 -12 18 -9 -10 6 3
26 -2 49 13 23 36 7 43 54 9 16 31 4 22 29 31
-35 -2 -8 -1 14 -14 -36 -14 12 -20 7 -15 -27 -15 7 16
17 -5 3 0 6 8 50 -10 -39 -5 1 -10 -36 -9 -13 15
0 17 17 -16 -6 22 31 -10 -41 4 -9 -44 -4 -12 -51 12
-11 13 -16 21 -8 -11 -16 9 15 -13 -14 11 3 -9 -8 3
44 6 34 27 28 6 47 65 19 38 44 16 28 58 38 12
20 15 27 6 33 -5 -6 7 33 5 0 22 -17 -17 32 -1
15 34 8 28 37 -3 -34 -4 20 40 36 37 17 13 17 27
-13 -14 -17 23 -15 -41 -29 -38 -22 -6 -38 -18 -1 -51 -10 -29
20 14 21 32 40 0 25 19 7 25 28 -16 -36 9 -1 4
-1 -10 -14 18 4 19 -9 21 8 -8 -23 -7 -43 -30 -32 -30
-7 15 20 14 2 4 30 50 6 52 8 75 53 29 50 -26
19 -11 42 41 3 -7 29 13 29 17 5 13 35 16 25 39
-48 -26 2 0 -14 -7 -20 -13 -30 -44 -23 -13 -11 8 -8 -19
49 10 -12 -15 -22 29 62 30 5 -24 -24 19 1 -3 -10 21
26 -15 42 12 22 18 13 24 13 -3 7 16 34 13 35 11
7 -12 16 19 -20 -14 -37 4 -8 -25 -18 3 -45 14 -31 -39
-56 -32 -57 -45 -36 10 0 -38 -43 -39 -41 -23 -22 -13 -21 -32
27 -6 34 7 22 36 17 24 14 12 -3 9 17 32 -9 19
-17 -38 -40 5 -31 -48 0 -47 -37 -46 -7 -39 -10 -37 12 -30
0 -78 0 -23 -31 -33 -27 -70 -34 5 -38 -4 -16 -3 -20 -8
-12 6 16 12 15 8 16 40 44 25 -1 22 24 36 19 -33
16 6 -2 9 -22 -26 -22 -23 -30 -17 4 -12 0 3 -27 -35
-13 28 -13 0 16 23 23 -3 8 16 32 15 7 2 6 2
-1 -11 1 -3 -23 -11 -43 -30 6 -28 15 -41 -10 -36 5 13
38 8 -10 35 27 -4 42 29 -9 -3 -31 29 8 16 2 42
32 21 -10 -1 2 0 18 -19 -31 24 -3 -7 -13 -14 -1 -12
-77 -15 -54 -32 -50 -32 -54 -11 -11 -57 -28 -18 -16 -40 -48 -9
14 19 7 36 16 56 15 27 28 7 21 35 32 24 28 24
18 41 1 29 19 22 30 19 -6 41 -19 -12 15 38 26 2
24 18 -20 31 1 2 -2 31 11 -4 2 -15 46 35 -16 -35
2 48 -37 10 -5 9 31 10 7 -15 -3 9 2 1 -15 17
10 -44 -28 -7 -3 -40 -33 -46 -33 -6 -45 -55 -27 -37 -2 -23
-10 -13 -15 -12 1 27 10 -6 -16 22 -29 22 -20 19 -13 37
-21 13 -12 1 -25 -6 23 -13 -3 -4 12 29 8 0 -3 35
-5 -4 16 32 -33 -9 17 16 -4 -49 21 3 30 18 -11 -2
3 21 -3 -24 -19 -21 0 15 4 8 -22 -29 2 -20 -22 -3
17 -33 -34 -31 4 -34 -6 2 33 -31 -28 -23 -41 -21 0 5
-5 -24 -3 -38 22 -21 1 -8 -6 -24 -7 -50 -11 -21 11 18
-2 -29 -15 -1 -20 9 13 -7 13 5 7 -16 -1 -31 29 -24
13 2 7 -7 -9 -26 -24 -18 -46 -12 -25 -40 -49 -50 -23 -12
-27 -8 -56 2 -5 10 -5 -3 -22 -5 -60 -8 -18 6 2 -9
2 26 18 -2 9 22 -1 0 -10 11 26 -14 3 -12 -3 3
-5 16 23 28 4 39 -11 37 7 12 20 -8 -19 21 16 28
-25 24 36 16 6 -5 10 3 34 5 38 13 17 -31 60 -2
-26 -25 -10 -25 -22 -59 8 0 27 -37 -1 -8 -27 -15 -1 -23
-5 -24 43 22 -24 4 -4 -13 -6 -7 -1 -37 -19 -35 -28 -4
17 24 16 0 22 11 -15 -14 10 26 -9 -3 -16 10 22 12
-1 -19 15 0 -29 -31 -4 -19 -20 -8 -20 -50 -9 -20 13 -37
6 -3 9 2 -14 6 18 39 13 -19 12 -9 27 26 15 14
-18 -11 -2 -36 -16 -38 -47 -23 1 -27 -13 -78 -38 -12 6 -27
-20 20 -17 -26 -22 14 9 -11 20 4 6 -13 28 -6 22 27
-20 -30 -1 17 -40 -38 -3 -14 1 -31 -4 -16 -17 -42 15 -25
22 28 56 64 1 24 16 13 5 22 25 34 -4 20 14 13
-3 -11 -7 25 -7 -4 -25 35 -41 -10 41 -15 -2 2 9 -24
10 5 -19 -8 -7 8 -27 -42 2 -21 4 -25 -4 -32 -6 0
9 -32 31 12 16 26 29 -4 -1 8 14 6 -18 -24 -14 29
