-2 1 9 22 31 28 21 21 6 1 25 16 15 15 12 23 25 27 28 44 24 17 34 14 13 -14 28 45 23 16 14 24 11 17 17 -1 24 42 -21 23 38 6 6 25 -3 22 26 16 35 10 27 35 20 22 23 9 11 12 -1 25 0 13 30 32 18 17 15 11 50 0 17 5 17 25 38 31 35 40 15 13 7 31 23 24 18 35 17 12 29 28 7 43 8 12 10 8 49 38 1 16 28 11 37 7 23 17 -5 21 17 20 41 16 15 21 25 35 22 8 38 23 5 23 29 2 34 18 -6 26 30 28 8 5 15 14 9 29 16 20 1 -16 35 23 32 18 30 11 41 5 9 12 6 29 42 -2 6 22 25 10 27 32 26 38 26 23 14 31 -6 -11 4 22 30 22 -3 24 12 23 11 1 29 36 5 8 23 23 20 34 9 -6 -11 28 -1 27 16 4 1 13 32 -15 -6 15 -3 4 18 14 7 16 13 0 21 36 8 6 23 11 15 13 22 6 7 9 30 26 13 6 31 8 24 55 30 42 0 33 39 29 15 -10 -5 16 16 21 23 21 24 12 -3 38 29 12 16 16 27 16 19 13 29 33
18 22 12 14 18 4 20 23 17 11 9 -6 19 44 17 14 15 5 37 18 22 12 40 20 16 17 29 38 5 16 27 8 7 16 28 18 44 33 19 27 39 22 18 9 25 34 10 24 17 19 33 27 31 41 51 43 16 14 22 30 9 33 25 18 40 31 28 22 38 10 28 12 23 0 29 21 35 22 -5 5 31 10 26 24 16 14 0 19 7 32 19 22 26 37 22 9 25 44 23 25 31 7 28 28 28 27 -10 44 27 39 35 31 12 36 40 16 11 2 15 19 23 32 14 38 15 44 30 30 23 24 4 8 29 11 30 24 26 41 39 12 21 30 33 5 36 3 16 4 4 -17 14 5 29 38 -1 28 28 29 26 8 17 19 17 34 12 10 -2 11 13 31 27 17 9 25 26 9 21 16 32 26 2 3 29 21 11 47 15 11 16 29 41 22 -7 27 12 20 25 24 -7 38 22 18 24 26 15 14 -2 32 25 13 27 -3 27 10 24 2 2 21 25 3 38 15 4 25 24 10 11 39 24 38 26 33 20 32 26 12 20 30 27 30 31 26 24 11 6 13 18 17 25 42 11 23 9 19 -1 32
20 32 9 13 32 21 28 37 22 1 39 1 22 42 17 18 16 18 22 24 34 19 30 19 34 11 40 19 19 26 7 30 23 6 29 12 36 15 22 24 17 -3 18 10 13 12 27 19 38 26 25 37 19 14 42 19 9 12 22 28 25 33 28 24 33 -9 38 40 36 28 35 19 24 6 30 28 34 15 3 28 18 32 23 12 11 16 13 14 13 39 15 7 21 43 14 15 29 20 43 32 35 -3 19 3 21 21 23 30 36 25 27 36 31 1 36 45 48 6 27 28 24 39 30 32 29 33 12 39 3 44 25 34 31 31 4 41 10 27 23 5 16 29 25 19 6 19 29 9 14 8 20 15 27 31 17 26 48 25 37 6 3 38 38 32 26 16 19 19 10 31 3 29 32 32 27 22 -14 -7 30 19 23 20 21 20 22 39 8 -4 18 22 15 36 -4 39 -8 35 18 6 33 25 25 28 14 22 24 16 6 15 27 17 24 30 23 -5 18 12 40 24 5 31 12 14 -18 37 46 12 5 26 42 23 43 22 13 15 6 13 17 34 29 23 23 18 18 10 17 7 12 15 37 27 19 19 21 14 31 33
3 51 7 12 43 33 18 26 25 17 27 2 15 21 20 49 28 22 18 31 21 25 2 22 26 2 24 25 8 35 20 16 20 32 23 2 29 30 17 3 40 -1 35 18 6 2 31 27 12 22 35 24 31 20 19 35 31 26 13 37 33 27 37 43 21 7 35 29 28 41 37 -7 22 7 7 48 22 39 16 23 42 33 25 9 38 23 11 9 12 22 19 9 27 18 18 -7 36 20 28 50 38 -1 14 29 16 19 7 41 22 23 15 23 38 1 34 32 31 34 25 45 22 23 37 39 18 45 23 20 5 42 27 26 23 24 12 28 12 22 18 14 23 37 23 23 37 18 27 29 9 10 -18 11 41 21 24 4 26 -2 37 7 26 30 6 18 -5 26 23 12 32 15 23 18 28 27 27 25 17 13 22 29 37 5 18 27 6 21 24 10 10 13 19 22 22 26 -4 45 24 20 24 31 16 37 24 20 14 6 11 21 16 35 36 37 40 18 33 9 21 3 14 30 25 13 25 32 13 19 30 27 33 52 42 37 9 3 11 8 -1 16 34 43 9 26 34 12 38 -19 31 32 43 26 6 30 2 47 20 22
23 39 46 38 32 48 14 -2 10 20 26 10 24 25 34 20 51 28 52 18 16 35 13 34 24 11 25 18 25 22 19 20 19 26 8 24 15 42 -8 17 41 5 24 -3 9 19 34 48 0 14 27 28 37 38 10 30 10 28 8 20 17 15 29 38 21 -9 46 33 16 28 38 25 17 23 55 19 31 29 38 10 44 34 34 20 16 35 16 14 14 23 35 20 42 25 28 9 28 23 24 29 46 5 33 17 24 16 21 29 11 36 24 37 34 -2 19 28 35 13 17 31 11 46 27 27 30 19 5 23 12 31 28 15 7 17 32 35 25 30 36 11 27 50 13 -8 37 9 34 33 5 7 15 25 28 15 17 18 34 29 28 28 26 41 17 50 16 28 3 22 30 -1 51 30 18 18 42 34 11 23 42 28 19 25 21 13 -30 39 6 25 28 7 38 35 16 3 11 16 24 -2 15 33 17 41 28 23 31 28 39 18 34 60 40 42 46 15 27 70 31 8 38 45 25 7 23 34 21 18 23 50 36 45 34 29 5 22 15 34 1 1 22 26 17 40 45 47 18 8 47 31 29 34 15 8 24 39 36 30
21 37 51 28 33 24 20 9 23 16 13 29 -6 38 17 18 27 29 29 31 28 23 -7 31 32 34 26 7 4 23 40 27 5 14 37 29 5 18 -28 32 28 19 25 8 0 10 25 45 10 17 32 17 34 35 -6 36 43 30 8 36 5 4 36 27 29 -5 32 31 31 19 18 -10 42 23 33 16 17 7 17 23 31 26 14 17 26 22 33 4 -2 11 21 18 20 32 47 10 24 26 14 29 56 -3 34 18 48 25 11 33 21 22 15 30 19 19 38 52 43 25 12 38 24 20 33 34 15 42 40 24 31 40 20 15 19 21 10 39 27 49 15 12 25 35 23 9 25 10 -2 43 12 0 32 30 34 34 4 9 35 24 32 28 35 49 35 36 25 31 9 32 26 12 42 27 17 17 32 16 14 17 28 31 16 10 12 25 20 27 9 -2 27 8 21 36 22 29 -1 19 30 28 14 14 20 33 13 28 -14 37 21 20 23 44 40 28 26 30 37 37 33 -9 33 30 33 -1 13 16 26 1 16 29 37 31 39 31 0 30 50 3 -1 5 45 27 13 35 35 21 12 11 37 3 27 11 22 24 19 39 7 55
53 39 27 26 59 7 18 41 13 4 32 20 30 23 28 30 24 33 29 20 19 20 32 18 35 31 7 28 25 28 35 30 11 31 13 27 -7 13 6 28 58 32 17 10 15 30 16 25 2 10 14 26 19 26 4 15 8 6 15 20 32 23 46 22 22 9 36 34 44 12 31 30 35 27 40 4 24 -7 46 31 38 19 30 16 13 19 11 2 18 38 13 19 17 11 20 -7 28 19 -2 36 39 11 12 19 25 32 25 21 19 22 8 10 29 18 12 28 24 27 22 3 35 30 41 22 33 22 5 31 17 37 10 6 33 5 25 19 28 49 24 24 2 40 19 26 26 33 19 9 19 19 43 40 22 23 22 34 30 36 41 20 26 39 33 57 14 25 12 22 3 22 64 7 21 36 10 8 2 10 32 9 9 25 30 36 4 26 16 14 43 28 53 36 19 11 20 3 23 17 20 22 25 47 12 16 27 22 39 23 39 17 29 5 33 12 21 47 7 13 30 23 19 35 19 32 16 12 28 36 23 17 21 21 15 17 10 18 5 20 24 36 10 34 24 21 27 17 35 60 21 54 16 16 6 5 28 36
15 31 23 0 36 15 31 35 30 -2 19 29 21 41 27 29 25 18 48 33 17 24 8 2 13 9 27 16 16 37 42 48 26 28 25 13 10 45 8 32 42 16 42 15 23 42 35 18 18 18 31 36 17 16 25 25 34 49 20 32 27 22 40 2 34 21 29 21 71 11 8 7 15 15 13 33 39 14 4 31 -1 39 16 16 20 39 -2 -1 7 22 8 34 5 31 26 23 31 29 21 21 45 -27 35 12 39 29 16 50 26 25 24 13 25 3 18 55 32 14 16 25 40 18 61 20 20 33 20 36 6 38 31 24 10 8 14 31 14 45 10 5 10 24 19 15 34 32 20 5 27 11 18 41 25 1 -4 25 31 12 33 -2 34 49 12 15 28 15 40 16 4 33 22 32 29 13 21 21 13 -15 23 25 11 23 19 14 19 22 32 -2 3 3 10 20 26 28 3 22 22 9 33 24 10 23 14 8 20 26 19 24 15 0 40 15 34 16 12 10 42 19 35 28 26 11 6 24 24 23 37 29 20 27 27 38 18 21 10 -16 30 24 43 16 6 15 21 17 18 11 19 14 43 35 21 32 4 12 20 30
19 34 44 23 29 21 19 8 -2 19 18 8 32 18 27 26 14 17 38 1 28 21 25 19 28 14 25 3 0 14 33 24 18 7 22 26 19 30 7 41 29 6 32 31 13 20 32 4 34 18 3 19 11 36 33 17 34 6 0 38 14 8 22 21 10 16 45 33 26 14 9 1 42 11 19 3 23 20 17 11 20 21 20 9 39 31 36 7 6 25 26 9 35 22 31 7 18 23 24 3 28 -8 32 10 37 26 29 32 -2 27 16 20 19 24 11 20 9 9 36 35 16 26 48 19 26 17 15 16 9 31 20 6 -12 19 22 16 6 31 33 5 1 33 39 9 25 13 -16 30 22 -15 4 18 16 25 -16 35 33 16 39 -13 34 23 26 29 8 36 6 24 7 16 52 13 20 23 24 16 7 5 17 35 10 13 31 20 -1 42 14 3 26 2 35 27 6 27 9 1 23 25 30 25 23 38 10 7 5 35 17 10 21 40 26 13 36 33 44 13 40 2 12 40 13 9 11 23 8 1 10 4 27 34 31 10 19 18 30 5 26 2 23 31 39 42 20 21 8 26 35 16 41 25 23 36 12 30 -15 25
18 41 22 10 40 38 11 42 22 3 35 14 49 31 14 10 12 19 35 11 31 23 28 28 49 26 18 32 1 34 19 33 15 14 37 29 33 4 28 25 24 8 13 16 26 33 23 27 35 19 48 25 21 11 28 27 7 17 27 33 23 39 36 23 23 0 34 35 25 17 23 6 37 13 39 23 45 -4 17 41 32 11 37 31 19 11 20 24 29 25 17 3 33 26 19 -6 14 27 21 28 48 30 30 13 29 37 19 25 23 5 43 25 23 2 27 29 21 14 6 19 20 36 34 35 22 42 16 28 17 58 4 24 36 33 15 16 36 30 30 1 10 31 38 7 22 9 4 8 27 10 32 11 32 10 25 26 41 30 17 -12 26 10 49 57 -12 13 3 4 30 37 33 8 43 42 12 32 12 8 25 15 13 27 12 25 7 50 11 0 27 27 38 26 -1 31 13 19 22 39 27 12 33 41 30 45 3 9 10 46 34 29 33 -1 34 3 35 23 18 6 22 36 22 6 12 19 26 13 27 54 16 40 36 30 31 38 26 36 24 41 29 28 32 41 17 12 30 10 21 30 42 65 8 26 20 21 11 21
-1 49 8 16 55 33 21 25 11 5 28 13 12 12 26 43 29 28 20 20 37 16 18 22 33 -8 26 23 3 38 18 22 3 11 36 0 18 22 7 22 37 4 11 2 18 22 47 8 9 26 50 25 19 41 4 21 37 15 20 39 18 16 47 32 15 -5 22 31 6 16 29 0 19 26 37 35 12 32 32 40 28 48 29 16 43 29 3 24 26 13 -4 10 24 4 34 0 30 33 -15 40 33 3 13 30 38 30 9 20 15 8 33 14 18 17 15 46 35 25 41 40 22 35 51 1 19 23 28 17 12 32 35 19 19 21 27 17 37 26 22 16 37 14 27 39 20 -2 -3 24 25 13 7 19 38 19 19 -4 35 5 47 33 34 38 26 30 -3 23 17 18 21 8 39 17 23 12 21 39 38 3 37 15 17 10 15 22 9 39 10 1 22 40 39 21 30 23 -3 36 4 24 36 -11 22 41 26 17 7 6 19 20 20 40 13 25 35 32 38 30 20 9 14 34 27 11 30 19 37 5 43 32 33 25 16 36 35 16 25 31 -5 13 50 53 12 19 33 11 35 16 28 9 41 26 8 39 31 22 32 38
3 9 8 21 23 12 32 21 20 34 33 12 24 18 19 22 14 33 36 30 33 32 33 31 32 -8 19 27 -2 25 5 18 15 2 7 -8 19 39 8 21 38 22 18 16 15 16 46 13 8 5 6 34 35 45 20 23 27 36 6 39 44 -7 20 22 14 37 27 47 25 2 20 15 16 13 12 7 23 24 14 13 23 30 31 14 11 42 8 16 38 26 6 14 45 5 20 -14 36 31 5 27 33 17 29 19 26 11 11 25 10 22 23 22 15 10 46 21 24 9 4 48 12 37 45 37 16 8 0 10 -1 31 22 29 12 34 7 22 36 48 19 -10 26 43 39 37 18 6 23 37 18 -3 7 40 43 21 30 14 16 17 35 10 28 32 -7 62 -6 37 11 8 26 29 28 16 12 22 35 12 -2 9 28 36 23 24 19 15 17 30 1 11 8 1 19 16 19 3 15 27 38 16 -2 49 37 19 25 30 16 38 28 4 -2 17 39 17 24 28 19 37 -1 5 16 28 38 1 25 42 21 -7 32 30 50 31 19 54 21 12 29 -2 14 12 25 20 18 34 47 21 12 8 26 20 34 37 29 19 17 45 12 10
4 37 19 7 38 42 20 19 26 20 14 29 12 27 18 7 35 37 36 37 19 36 -7 24 28 13 36 14 7 23 38 31 -16 31 33 36 7 15 -11 46 35 26 25 15 11 13 24 13 4 -17 36 16 38 35 0 51 40 12 22 34 35 18 24 21 35 1 24 16 26 4 29 14 23 13 29 31 32 17 44 27 38 34 13 20 17 18 -1 7 18 25 12 7 30 20 45 0 15 14 0 61 47 19 19 21 35 29 5 38 13 21 28 26 31 27 31 49 40 5 22 17 23 31 25 42 26 47 21 39 17 44 2 20 17 25 16 50 3 41 27 16 19 47 7 19 32 3 17 15 14 6 19 23 33 19 36 20 21 20 17 31 22 43 40 39 12 19 12 23 17 1 33 21 11 11 31 24 26 17 51 32 31 9 18 16 -2 30 16 10 22 19 35 39 13 31 3 27 24 8 14 19 29 49 28 33 12 40 18 39 -3 37 24 28 33 9 24 44 36 4 37 29 27 3 29 13 31 16 28 38 39 31 35 36 14 6 26 26 11 26 28 33 13 44 27 24 13 15 27 36 28 20 13 28 10 47 20 39
1 33 29 16 34 23 14 7 18 2 20 9 12 22 6 14 18 9 34 17 38 15 -8 15 29 -3 36 -3 5 28 18 22 11 18 44 26 28 19 9 35 20 13 12 19 12 11 32 18 9 7 25 22 17 31 12 26 34 27 15 46 33 13 31 36 26 15 27 26 27 26 15 1 24 10 7 29 20 33 18 11 21 29 26 17 29 35 18 6 5 18 1 -6 25 25 32 -3 19 29 12 45 51 -1 24 10 22 32 17 28 16 5 25 35 45 8 19 56 35 16 25 34 18 24 47 32 18 34 23 27 5 50 8 23 -4 37 3 48 7 33 22 3 34 27 20 28 34 -2 6 6 15 -8 0 24 18 22 19 16 37 22 30 3 19 25 32 32 -10 22 16 16 31 10 27 25 22 41 31 30 10 4 26 30 41 16 17 3 -2 31 9 -9 3 20 24 26 3 26 -11 29 8 12 22 17 10 53 24 19 9 10 26 32 12 36 26 18 16 7 27 29 33 -19 11 32 39 0 19 14 25 -12 18 19 46 32 51 31 16 19 26 22 21 24 35 23 13 29 31 8 22 -3 22 0 46 32 23 19 -1 53 8 22
15 40 42 21 24 22 20 19 9 -7 34 20 21 25 17 26 33 25 33 16 11 23 27 17 37 2 27 7 11 15 11 12 25 15 11 -2 27 17 -15 19 15 -3 25 15 -9 15 17 10 35 7 26 37 25 24 29 24 -1 -5 11 22 37 11 12 50 19 10 53 31 32 19 12 25 -14 2 19 31 36 27 8 -15 38 29 39 -6 12 35 3 9 26 29 9 17 22 17 18 0 26 10 33 8 32 4 29 15 16 25 11 23 15 40 16 24 36 -7 15 33 36 21 35 29 13 20 34 36 29 19 4 24 -7 31 16 9 -9 36 15 23 16 12 14 -13 14 18 12 17 21 4 45 42 34 5 -13 25 19 14 22 43 30 7 33 0 18 20 4 40 8 37 12 12 -7 5 30 15 31 19 39 17 12 8 27 36 27 10 9 14 -14 44 -4 9 1 19 30 37 28 8 -17 3 26 -2 27 17 12 19 -2 6 28 15 18 34 6 28 23 23 40 -1 12 25 26 16 7 46 26 18 13 15 20 26 34 32 35 39 18 23 -5 1 4 23 8 24 11 26 5 28 25 17 11 14 22 12 33 13 16 1 17 23 16 3
24 40 8 26 36 32 23 25 7 -5 11 14 26 22 19 12 37 20 48 37 16 8 21 6 27 -12 14 26 20 37 17 4 7 11 18 -3 0 21 11 23 30 15 13 33 15 23 12 14 34 15 32 23 11 30 24 35 6 23 0 29 23 15 34 53 39 5 37 30 31 23 12 18 15 9 26 20 30 38 18 -14 32 35 12 24 32 28 4 -6 14 33 2 13 24 18 27 -13 30 31 9 25 27 28 7 18 29 27 0 16 21 26 30 33 20 20 13 44 33 27 25 44 13 15 43 25 26 10 10 30 19 46 24 16 20 32 23 27 13 20 -6 6 27 16 31 27 18 1 46 30 32 -4 -3 36 19 -9 32 29 25 19 59 -2 24 28 19 32 -4 25 19 9 12 1 38 3 28 26 37 31 4 1 37 29 38 6 31 28 6 29 12 -11 9 25 10 37 30 19 9 23 16 -8 33 19 15 44 25 29 28 12 21 15 15 25 43 22 28 -1 21 21 14 -13 10 53 37 2 17 38 10 8 20 38 45 25 22 45 8 19 0 21 2 22 11 34 8 38 23 18 19 7 35 18 25 38 31 17 -1 27 14 30
-18 19 26 16 27 21 11 14 18 10 23 11 0 19 15 7 5 22 47 36 12 34 11 27 5 -2 32 18 11 -1 7 12 5 19 20 -2 7 43 1 40 41 8 26 14 8 25 38 7 31 11 8 14 20 23 19 10 9 16 4 27 9 10 15 13 26 25 29 43 45 -13 19 9 20 9 16 20 15 41 11 8 26 38 33 3 5 47 22 20 25 42 6 20 33 40 17 -6 26 32 30 19 24 20 11 19 16 22 -6 35 -5 28 7 18 34 0 26 16 30 -8 24 42 18 -3 33 20 25 21 27 19 11 29 20 22 -17 14 7 1 2 20 22 -13 8 23 21 22 43 -5 19 15 -4 5 -3 25 17 12 9 38 23 14 35 3 17 26 11 19 6 33 0 -7 10 7 33 12 6 11 27 13 14 9 29 38 11 15 10 4 8 36 6 12 11 2 14 39 12 24 5 14 17 12 11 36 18 45 30 25 20 22 20 10 18 45 17 32 21 15 22 41 26 5 28 39 31 9 19 29 12 15 14 27 25 67 -2 4 16 5 17 -5 12 7 9 32 30 47 26 21 23 -4 -5 20 10 15 24 10 8 29 4 9
10 55 21 3 38 33 26 26 32 15 19 33 29 40 0 31 31 23 34 33 33 15 27 24 22 12 11 37 2 34 19 49 11 39 35 16 4 26 16 17 41 17 10 22 17 8 32 13 29 3 31 30 15 43 13 43 17 21 18 30 28 29 37 35 33 5 40 26 25 30 37 4 30 23 37 39 47 12 21 26 32 21 27 36 26 6 10 5 9 32 36 27 19 15 26 -6 19 21 4 45 31 21 28 22 38 28 27 20 23 32 25 15 18 30 43 31 39 38 13 36 19 48 25 42 24 35 19 36 31 47 8 14 42 26 7 38 23 51 27 22 13 32 11 21 26 18 33 8 34 20 44 39 47 14 16 24 27 38 24 4 22 30 21 55 3 31 3 12 29 13 30 26 13 27 25 7 20 17 31 18 39 7 30 37 13 24 20 2 24 18 21 26 16 23 16 36 55 -3 27 22 28 23 12 24 18 11 13 26 30 33 37 21 33 3 27 32 -4 14 28 28 35 7 15 20 18 21 14 44 21 49 37 21 28 17 13 -2 31 29 45 30 15 46 34 25 24 4 43 29 29 50 11 22 13 38 2 45
28 33 21 -7 30 41 24 27 5 11 33 19 25 33 30 41 43 27 21 24 14 1 35 29 41 -10 42 27 10 25 29 20 20 21 9 -7 31 34 14 27 13 24 10 25 13 5 22 5 45 19 22 25 30 30 26 20 22 11 32 36 35 22 15 48 31 5 34 31 34 1 20 6 12 -1 30 36 18 25 12 20 32 41 23 24 27 19 17 2 15 22 17 32 28 6 32 12 26 19 24 8 35 17 20 19 8 37 16 40 18 38 45 15 32 10 5 30 31 16 48 27 11 34 17 25 18 34 15 25 27 41 30 8 22 17 32 28 5 -3 26 -1 2 45 5 29 32 2 46 12 18 -4 19 27 39 11 15 19 -18 16 36 8 22 39 27 45 20 33 23 11 13 15 16 13 15 18 36 6 23 18 26 45 15 18 21 1 -5 56 5 -3 6 42 8 36 30 8 8 15 11 -7 39 23 8 17 17 12 20 32 0 20 9 25 13 29 32 18 22 38 36 22 9 15 23 22 44 38 23 28 -8 30 -8 24 32 29 43 13 13 13 14 43 15 32 23 31 21 34 9 23 28 10 39 24 23 39 17 26 5 24
17 36 27 19 27 35 36 31 23 16 46 10 36 32 27 22 46 27 28 28 12 19 18 16 48 17 23 15 29 32 29 30 25 22 10 4 20 29 8 6 20 27 35 42 25 19 33 5 24 6 12 44 38 28 14 20 24 39 5 23 54 20 16 19 12 -9 32 41 15 29 20 11 33 7 22 20 45 14 36 2 21 45 12 8 48 29 10 9 13 20 15 -2 30 5 26 7 28 11 1 22 28 12 14 16 21 29 36 3 9 11 1 13 35 8 27 31 41 40 42 49 19 45 27 41 9 18 -13 6 7 62 30 32 1 25 9 39 24 25 21 7 -6 37 13 28 37 21 35 38 50 14 15 12 28 11 42 23 19 27 67 9 6 47 23 56 16 28 16 13 28 19 37 19 31 48 32 21 7 1 40 14 30 20 40 44 4 40 20 11 31 2 3 28 51 12 18 12 24 18 26 19 9 30 0 22 40 23 26 11 15 22 50 38 42 12 29 34 30 11 10 35 13 19 20 50 22 10 28 29 38 22 49 32 2 19 -4 21 19 15 25 25 34 38 30 29 13 0 30 23 57 29 4 27 9 37 19 12
23 22 17 11 39 38 40 31 34 6 21 26 -6 35 9 15 30 12 30 41 26 28 13 39 -5 12 38 29 7 27 18 29 12 27 15 21 6 19 -15 35 32 25 24 3 15 38 26 29 26 11 38 33 31 28 -4 10 19 35 24 13 19 25 30 16 55 -1 7 25 51 12 42 36 11 15 16 51 32 15 22 31 24 27 15 7 27 33 3 13 9 43 3 18 15 17 10 21 27 23 1 31 43 -3 11 23 29 21 25 37 24 22 22 15 7 1 4 56 28 22 18 4 25 26 23 31 17 49 24 37 24 47 11 25 17 5 24 35 24 35 22 23 11 26 25 37 38 30 32 12 43 27 -1 27 33 14 28 13 39 14 29 18 21 51 27 28 13 36 33 20 4 21 22 43 15 37 27 43 18 11 10 15 20 15 9 37 41 27 6 21 2 20 12 12 24 16 15 39 4 -2 29 -11 23 30 28 33 19 39 19 42 25 22 22 34 53 20 14 9 27 -2 41 29 40 8 31 36 16 22 36 22 19 31 11 31 27 12 10 12 -4 -2 50 21 24 24 18 23 35 22 10 10 9 29 23 43 17 28 24 2
9 34 25 19 40 21 20 34 25 9 43 20 17 37 11 34 43 42 43 22 6 21 -1 30 10 2 25 7 6 14 19 33 14 15 38 24 26 26 0 25 40 25 25 30 19 12 33 22 12 9 27 17 37 10 18 30 13 19 5 35 47 20 25 25 18 7 27 49 24 23 14 -4 9 12 19 16 20 21 16 -1 40 41 24 11 44 31 8 4 -6 33 -4 6 11 5 43 6 13 4 10 39 44 14 24 18 31 38 21 22 8 9 3 14 17 25 27 30 31 20 44 29 25 48 48 27 26 39 16 20 23 58 27 18 16 31 17 30 8 18 19 10 9 19 15 17 45 20 7 25 27 13 -4 24 27 36 36 20 24 7 45 13 18 36 21 24 11 15 30 21 27 9 28 27 25 30 40 35 21 15 29 22 3 -3 18 38 11 28 19 6 21 -1 40 19 42 5 -2 20 1 27 37 10 14 35 13 28 24 1 10 39 28 25 47 46 34 11 15 5 43 14 19 44 27 10 24 29 6 19 40 14 20 27 33 30 1 0 15 33 19 28 40 40 10 39 20 19 22 12 23 16 35 18 -14 25 9 21 -2 13
-6 22 24 16 18 31 6 7 21 32 19 10 34 18 23 17 18 11 31 28 22 32 -1 30 28 12 8 35 15 19 4 30 -4 32 15 5 10 29 6 18 20 7 41 17 31 8 22 24 8 27 20 14 57 22 28 -2 14 17 3 10 27 27 26 34 18 9 32 25 13 21 22 10 20 9 2 14 42 30 21 44 21 27 27 11 28 3 22 17 15 4 23 15 20 17 26 7 -9 13 34 39 55 5 30 12 20 34 29 30 14 16 23 6 24 -5 26 34 22 22 19 24 13 23 18 29 20 23 21 31 6 35 8 24 9 3 14 8 39 25 32 24 12 46 13 10 10 9 5 33 28 3 16 14 18 21 24 6 20 27 32 11 19 34 19 27 2 39 8 14 43 12 38 47 14 28 11 29 -4 21 22 38 29 12 26 35 16 29 13 5 19 8 17 10 10 10 31 22 35 46 16 34 24 44 27 24 1 24 33 27 24 17 51 11 39 16 42 37 4 9 37 16 14 4 3 25 14 -1 25 42 13 43 37 15 24 13 25 12 27 30 34 18 14 32 40 4 22 -9 32 28 35 19 16 19 14 29 23 16
10 12 11 15 46 28 23 23 23 20 29 23 23 34 7 21 37 24 25 24 27 25 40 19 33 5 27 34 18 14 26 41 3 29 11 20 14 43 8 31 42 15 13 24 2 30 19 34 27 18 29 34 46 43 25 36 28 29 19 23 4 27 34 36 28 25 19 17 38 7 29 21 30 11 40 18 60 11 27 14 38 37 27 13 24 32 18 11 21 27 30 33 23 2 8 7 32 22 14 27 51 7 20 21 29 42 -5 38 7 33 31 18 25 15 46 33 18 11 37 25 3 40 17 36 33 48 21 23 15 29 18 15 21 15 25 26 12 45 25 5 19 47 41 14 35 -4 28 15 38 16 20 15 33 26 11 41 35 32 24 17 39 38 56 55 14 28 -2 8 27 25 61 24 0 41 12 27 32 20 43 17 8 2 23 32 4 60 20 27 1 30 16 34 29 23 27 22 25 19 6 47 11 22 31 35 17 32 34 49 25 29 18 13 41 16 31 36 32 29 36 23 24 26 26 35 51 13 26 36 17 50 26 47 32 21 22 39 4 13 16 35 12 57 22 32 12 20 34 5 35 14 34 29 32 12 30 40
21 12 23 17 23 42 27 32 33 8 41 19 16 38 21 16 22 5 27 26 22 39 25 41 44 0 26 20 9 39 14 21 14 10 32 24 7 -3 -8 30 6 13 12 9 7 20 35 37 35 9 44 47 23 30 -1 28 17 16 7 39 34 -3 42 25 25 17 22 15 11 26 12 16 17 4 33 22 43 -15 11 35 43 15 39 16 35 25 5 22 25 2 2 4 26 19 18 19 9 33 5 39 36 17 23 15 27 36 25 27 11 23 27 29 16 14 37 35 38 35 11 46 22 22 10 27 14 32 29 25 18 30 15 20 16 48 -9 31 30 28 51 9 23 44 10 28 6 23 0 30 33 13 14 25 28 25 14 17 38 15 26 20 -2 25 37 38 -3 13 9 12 23 28 23 14 21 33 32 26 15 11 15 23 26 19 -4 17 13 35 24 0 9 28 25 28 12 2 22 11 16 20 17 12 20 38 17 35 0 21 8 36 45 32 4 2 24 -15 33 29 17 0 18 39 25 15 15 4 41 13 36 33 28 35 23 51 17 23 22 9 1 34 50 24 22 31 32 -8 10 8 28 14 34 25 0 27 7 26 19 42
34 45 28 19 27 28 25 41 26 4 11 2 9 33 12 14 26 24 17 26 19 7 25 24 29 15 28 42 17 41 10 18 15 9 14 7 13 16 16 9 20 4 14 -2 7 17 20 40 46 22 43 47 26 10 35 25 -7 19 23 19 4 37 21 20 38 2 28 18 38 37 41 13 12 11 34 41 36 12 12 21 36 11 38 9 5 10 10 8 15 39 41 29 19 12 0 7 24 31 22 22 28 3 16 9 18 20 20 16 43 16 26 23 26 -2 33 16 25 22 12 19 33 14 5 13 17 48 10 41 9 54 17 25 26 2 17 37 10 9 25 29 2 42 39 22 6 17 43 13 16 25 8 27 24 2 18 15 14 18 35 23 19 40 30 44 8 30 25 21 1 14 8 21 25 31 15 8 11 -21 18 28 1 -5 9 11 11 35 4 1 28 46 6 31 13 25 -13 31 29 6 20 5 18 31 8 3 31 -1 -1 23 28 13 8 15 39 12 24 21 8 27 13 24 14 19 17 30 26 24 12 24 10 40 -1 9 -8 26 8 20 14 22 24 34 18 22 23 9 26 28 30 21 17 33 23 14 26 6 17 31
27 76 40 12 28 53 28 29 34 17 35 14 28 38 34 3 62 9 56 20 18 33 25 19 14 20 21 25 6 40 15 14 11 25 22 14 6 14 4 10 17 1 37 -14 8 30 34 23 21 7 4 37 43 32 30 44 24 16 15 41 13 37 5 22 40 -19 44 17 34 27 51 15 21 24 44 32 47 -3 21 8 34 30 7 3 35 36 29 17 15 36 41 37 33 34 35 26 22 18 21 30 42 6 43 28 21 36 15 31 21 36 13 31 21 1 27 18 44 14 25 31 9 27 16 46 36 27 23 31 20 15 27 31 17 27 -4 22 17 33 24 6 6 18 11 5 30 9 14 36 42 29 9 21 14 6 13 22 40 13 36 14 15 26 13 47 6 17 22 34 14 26 40 11 25 10 44 23 20 9 32 14 19 19 27 0 11 31 11 30 26 8 44 23 32 16 18 34 32 19 33 18 24 17 8 29 29 28 31 28 48 45 47 50 34 18 31 44 13 18 30 38 26 7 14 25 13 22 13 40 31 56 38 12 0 10 29 5 26 -3 47 31 27 38 26 30 27 -11 42 43 21 43 -14 25 14 28 18 26
24 35 21 3 27 34 22 29 11 9 21 -4 22 29 38 15 38 11 37 11 24 23 21 11 22 9 35 47 26 39 15 23 7 21 23 12 17 17 7 1 24 0 10 20 38 16 27 25 33 12 31 12 31 22 19 23 18 31 12 27 20 23 27 21 17 -11 39 7 24 43 7 5 -4 11 32 25 30 8 10 25 11 22 36 1 36 1 12 30 14 22 25 12 32 31 25 20 25 7 25 28 20 -1 43 23 33 29 21 22 33 34 41 33 30 15 5 22 25 25 18 32 19 29 7 6 29 26 5 25 9 39 25 28 27 14 21 34 20 10 11 33 13 22 20 -13 17 -1 43 13 26 6 -1 5 25 26 1 10 25 13 36 8 8 45 16 29 5 22 16 -1 14 12 26 22 26 27 30 20 3 0 13 18 10 -5 25 16 9 42 14 7 26 19 26 17 8 17 -1 33 19 5 13 25 27 35 -13 -3 41 6 15 11 10 19 40 18 24 20 41 24 -4 29 9 31 12 11 -5 29 19 31 22 32 37 25 25 25 -3 18 0 20 29 46 26 11 3 11 32 22 4 11 21 40 43 48 10 29 21 12 15 27
14 59 22 11 36 36 25 33 5 19 23 6 14 22 37 27 32 26 34 20 15 11 5 4 43 -7 43 36 15 15 35 9 13 27 38 15 50 25 14 48 44 26 34 23 22 20 19 19 5 26 17 14 37 19 20 24 36 8 18 36 31 20 20 32 27 -8 50 45 29 14 31 12 22 9 12 31 9 40 46 29 27 45 13 15 18 13 20 19 20 23 9 10 37 16 43 9 13 14 22 41 58 12 18 39 22 37 18 51 14 16 13 26 43 21 5 41 40 31 50 27 35 15 26 27 24 24 18 27 18 49 34 20 27 21 31 21 16 20 34 18 25 30 4 13 22 6 18 19 11 5 -2 9 22 20 20 5 26 12 45 18 6 33 19 21 18 40 28 26 34 12 37 35 22 38 48 27 29 23 29 31 6 15 19 12 8 35 -2 -6 30 30 45 21 17 35 -5 15 1 18 45 16 11 38 16 14 1 23 22 27 2 29 45 28 30 30 26 43 19 10 8 34 25 7 18 32 8 12 18 49 21 28 47 9 10 0 34 31 19 16 24 40 18 10 17 28 22 -2 26 17 34 38 14 29 -3 53 21 12
14 33 9 23 49 32 22 28 18 10 40 10 21 28 28 41 38 28 40 5 42 35 20 22 28 2 35 35 17 29 27 27 12 6 21 8 26 27 9 19 48 24 16 20 9 25 40 8 22 28 23 9 22 43 13 14 24 13 17 34 34 17 45 45 5 6 34 36 27 20 24 -4 17 12 24 8 16 38 29 37 21 57 28 2 38 26 19 9 28 18 17 11 19 23 33 3 30 21 17 29 59 9 21 21 43 28 24 33 9 21 30 27 20 18 27 26 33 27 59 30 18 30 43 1 26 34 11 27 -7 38 37 31 14 28 34 22 29 27 36 27 14 42 24 41 20 13 29 17 8 15 -5 27 43 39 19 14 31 24 48 18 40 55 34 36 -2 35 28 1 22 2 65 32 6 45 16 31 -4 7 20 19 13 12 36 31 9 28 22 21 29 22 43 21 33 16 7 30 8 19 40 18 16 55 19 16 31 7 31 20 16 35 22 38 19 39 37 31 23 16 18 26 31 15 21 38 43 3 21 27 39 43 17 24 36 -4 23 25 15 20 19 27 13 43 26 27 27 15 25 22 41 12 23 45 11 35 23 23
35 27 14 27 30 25 19 12 23 34 13 0 29 18 36 37 16 12 19 36 24 22 33 32 22 -11 37 26 26 30 14 8 18 6 4 25 16 19 10 17 15 12 20 21 25 24 43 12 24 25 49 44 14 8 27 36 22 -3 15 39 27 19 39 23 15 17 46 28 22 22 48 26 20 3 28 34 37 36 53 34 35 18 32 20 27 13 -8 17 35 40 35 2 29 20 36 -14 29 20 20 42 12 38 19 13 48 13 23 38 40 32 14 26 34 5 19 24 38 10 28 21 20 16 32 41 19 19 -3 34 31 40 19 12 22 18 20 -9 1 35 23 22 2 40 6 4 12 31 35 38 27 14 1 19 42 4 31 38 26 10 28 7 30 19 9 35 -10 16 19 11 5 22 26 32 28 17 9 25 15 26 43 17 15 0 12 34 10 35 23 35 32 39 30 39 4 31 14 19 31 6 18 33 53 40 19 17 31 29 23 17 24 20 26 36 43 12 15 28 39 -1 19 35 23 4 16 29 9 26 24 41 30 44 18 28 -3 -2 4 16 -6 11 21 20 29 27 34 25 20 24 24 42 30 32 26 30 13 29 31 22
16 29 38 17 42 38 24 8 39 3 36 17 14 35 15 2 47 -2 33 37 41 25 45 6 24 17 37 11 18 20 7 15 16 7 8 12 -6 16 -10 25 15 13 12 9 8 43 33 13 36 21 36 16 24 18 15 22 0 9 20 17 5 9 32 30 28 1 40 33 31 30 27 16 8 9 20 25 38 28 23 16 3 50 12 20 25 10 0 9 15 27 10 2 23 16 4 -6 31 20 12 29 26 6 20 0 43 25 31 14 17 38 21 26 30 15 17 36 35 18 27 19 18 32 29 37 25 10 16 27 12 37 1 18 17 26 14 28 17 13 5 -7 18 7 34 12 42 3 35 24 32 24 12 27 34 -2 20 24 43 19 29 10 32 29 26 25 13 17 -14 5 21 14 25 11 18 8 19 21 -6 7 30 33 23 17 34 32 15 30 -2 -4 26 9 19 38 17 25 22 -3 13 -7 32 9 24 24 17 33 23 29 19 19 13 31 30 29 30 7 9 24 23 -5 19 36 42 3 26 23 24 32 22 40 26 45 19 39 16 9 -6 13 6 33 39 21 23 38 15 18 13 20 11 27 43 32 21 31 18 36 7 17
30 41 7 11 32 20 29 24 3 16 15 30 9 23 23 15 24 12 30 11 27 39 19 19 13 9 5 21 16 16 11 11 0 16 14 11 -7 8 -4 30 39 5 23 17 8 -2 24 20 13 -3 29 12 16 30 4 13 23 15 4 33 23 5 21 29 18 15 31 22 21 15 16 -1 20 12 34 7 21 16 7 0 32 28 38 18 38 18 16 12 5 18 32 26 15 28 44 -10 22 24 1 30 34 11 27 24 37 24 -15 43 17 35 8 16 13 28 37 34 10 33 16 43 31 15 28 15 41 33 35 33 20 26 31 -1 18 23 17 32 -10 31 24 2 20 46 29 33 13 -10 27 16 26 -1 -5 38 21 32 19 22 -2 25 22 20 40 36 22 58 -8 32 29 12 13 12 46 4 5 19 27 22 5 19 46 20 19 -3 26 2 7 25 6 -2 21 23 27 47 24 -1 8 9 21 -5 1 32 14 43 8 16 17 27 43 36 13 39 9 8 37 21 47 38 14 -6 15 31 42 10 12 19 27 -1 21 15 25 46 16 11 14 19 32 10 6 13 10 11 4 38 36 19 8 9 25 22 9 36 28 -3 9 21 13 41
15 41 19 21 34 26 32 16 35 16 34 26 5 22 21 21 41 28 28 30 26 14 28 3 34 2 31 20 31 32 27 10 11 34 6 6 13 15 -6 24 42 30 4 -4 0 19 17 -1 30 20 20 26 29 50 7 28 13 11 31 19 11 14 25 31 18 -4 40 43 18 16 31 5 16 15 27 25 24 32 23 10 31 29 33 1 31 11 26 18 24 34 23 23 36 19 33 6 54 11 12 37 19 11 5 21 26 23 11 44 29 29 14 19 27 19 22 27 36 10 40 24 23 37 19 15 17 31 28 15 12 32 32 12 34 46 10 33 17 14 26 6 25 29 27 8 26 -3 53 17 7 11 6 35 30 21 25 11 26 21 33 17 10 45 31 38 16 27 -11 12 39 5 33 19 10 13 19 16 22 23 26 31 17 3 31 24 3 22 -9 2 20 17 22 29 23 15 -14 21 15 -12 23 21 12 30 4 28 17 28 18 17 0 37 26 49 34 21 21 29 8 12 10 23 53 8 22 28 3 21 16 37 33 49 20 9 20 -3 -5 29 -13 23 23 31 23 17 26 45 15 11 31 12 31 28 18 21 -4 35 5 17
16 40 20 17 32 33 32 22 22 9 23 12 12 25 11 12 37 15 25 25 28 29 46 10 10 15 34 19 10 28 26 26 21 29 32 18 29 28 13 3 29 -3 36 8 7 7 15 20 29 6 16 43 34 41 25 40 17 24 34 28 18 39 6 40 53 -1 26 25 37 14 27 15 18 11 21 35 37 34 18 0 32 24 17 26 21 31 13 -5 4 38 36 24 3 33 20 9 43 19 33 12 17 13 27 24 26 27 20 25 47 32 33 19 38 7 21 26 31 9 22 6 11 38 22 34 9 53 36 20 22 27 13 -1 19 13 7 18 7 30 18 12 -1 24 9 20 52 6 43 11 24 15 22 32 34 19 24 18 16 24 30 17 23 39 45 42 15 46 14 0 18 5 15 29 21 23 20 16 21 28 16 23 36 13 32 16 9 29 19 14 8 18 25 19 29 22 3 36 20 3 10 7 25 32 13 9 44 34 18 25 22 39 30 37 22 7 23 16 37 11 32 15 46 18 21 31 -2 32 -2 18 28 38 16 9 10 26 12 24 19 39 18 29 20 46 3 33 20 10 18 22 17 26 12 33 1 18 7 16
-6 29 35 9 59 37 28 17 8 23 32 32 20 24 16 30 19 14 37 16 35 4 29 27 14 -9 28 16 9 19 16 40 4 26 46 18 24 33 -4 27 39 -12 19 40 8 16 34 12 38 17 22 32 18 30 11 20 19 20 12 33 28 22 32 43 18 27 26 24 33 21 17 2 -1 2 26 22 32 32 14 30 32 40 40 -4 28 39 10 24 36 32 2 8 17 15 32 2 27 18 15 30 29 14 29 25 30 45 15 18 23 5 37 16 37 17 24 31 18 31 44 48 35 23 50 18 37 31 26 29 6 29 25 14 0 31 22 29 5 30 30 -4 16 22 18 47 34 -19 21 19 21 4 15 14 42 31 26 30 37 25 28 17 16 33 25 46 -2 39 17 4 11 -3 29 37 0 34 17 35 26 11 20 27 18 5 33 24 7 30 26 -23 7 17 19 38 21 17 -1 39 28 8 18 29 19 47 -3 4 18 16 36 9 17 33 12 46 26 6 44 29 43 22 11 29 22 42 12 18 33 14 13 19 29 50 14 20 31 20 7 24 3 19 38 39 15 41 34 13 16 12 8 11 27 4 14 24 19 21 18 29
4 26 34 16 40 43 16 11 52 31 37 33 29 50 28 26 33 10 29 12 37 26 23 39 31 13 26 18 12 30 15 41 16 12 33 15 2 20 13 28 32 29 21 22 36 20 37 24 26 20 24 15 51 28 26 15 21 36 24 20 17 20 33 22 32 12 25 18 48 23 20 21 20 7 3 29 34 16 23 38 35 19 14 -3 37 24 25 16 19 27 14 6 40 14 37 0 -1 13 3 40 27 9 45 9 12 60 20 12 11 15 33 32 7 18 25 29 25 18 41 27 20 30 31 32 17 28 23 35 4 35 27 29 17 17 6 28 38 31 21 10 24 36 27 14 18 7 11 17 28 10 23 23 28 31 7 35 17 21 39 21 12 55 45 26 22 20 8 25 27 16 51 22 26 22 30 14 2 0 21 52 17 14 21 56 15 42 9 8 38 6 32 23 16 32 8 29 25 34 21 44 29 45 12 35 30 19 13 22 37 2 52 44 36 18 49 41 13 11 21 39 26 14 26 31 35 -15 18 32 21 34 34 51 20 4 34 11 38 -4 55 29 31 36 31 22 19 9 21 38 38 34 18 26 11 35 26 16
24 27 10 10 24 27 26 40 12 3 49 23 17 40 20 1 32 27 28 7 31 31 20 16 31 2 22 37 24 27 6 18 -3 21 26 15 32 8 -2 30 36 30 -3 11 12 12 12 15 14 0 42 32 49 38 38 22 7 9 13 35 32 0 23 44 19 2 42 20 14 17 18 37 3 24 46 32 25 9 11 16 30 31 48 15 25 19 13 26 29 24 -13 27 38 19 38 11 24 23 6 43 38 17 32 21 17 30 15 38 16 29 36 23 20 15 31 39 31 15 37 32 26 40 17 28 23 28 20 47 13 37 19 29 27 35 12 54 24 39 34 12 33 25 22 25 19 7 37 16 22 6 -14 32 34 48 27 25 44 21 34 30 9 26 27 43 2 19 16 10 21 17 36 26 6 29 39 20 -2 1 36 30 20 13 20 27 4 38 -4 9 25 31 35 23 8 8 1 21 19 13 19 36 6 22 16 27 14 20 25 48 22 29 37 19 27 -2 29 31 21 20 13 45 40 20 4 32 38 13 48 34 42 24 41 37 18 10 18 46 21 30 31 20 6 32 30 5 11 6 26 1 24 21 22 22 22 33 17 11
40 46 37 17 44 51 28 42 24 31 20 9 27 27 45 0 20 9 24 23 6 49 35 6 11 27 17 27 35 26 16 21 20 43 11 17 9 31 15 13 26 0 45 8 9 21 12 28 31 13 20 43 40 22 29 24 17 18 28 25 33 36 13 22 49 1 35 18 34 17 44 42 32 32 23 20 31 31 44 17 40 26 16 18 10 24 6 12 12 28 24 31 25 18 12 13 24 7 31 23 30 23 13 33 14 49 19 3 28 31 25 30 21 -5 24 19 42 27 23 39 17 18 16 48 19 20 9 23 24 26 27 19 6 5 11 15 6 34 11 24 0 49 10 38 47 7 31 36 33 19 15 16 19 19 29 18 16 37 48 24 28 33 40 40 11 30 27 16 31 31 32 27 22 27 31 25 19 15 24 20 39 28 25 22 14 33 19 32 22 31 19 38 31 13 21 14 23 7 27 16 32 30 20 4 25 30 29 32 33 32 49 23 35 20 25 52 14 9 49 34 14 21 22 36 15 25 18 30 28 27 27 25 15 24 8 23 24 9 16 31 32 31 13 13 34 2 20 36 23 29 16 21 28 14 28 12
18 47 15 11 27 56 16 35 12 8 20 21 26 33 13 11 41 15 29 21 57 21 23 28 28 -2 30 36 9 48 1 40 -1 29 34 -2 20 10 8 34 30 -9 24 20 14 16 37 38 27 2 37 28 44 30 14 11 19 38 5 35 21 28 37 22 43 -2 48 21 45 46 24 10 23 23 44 30 16 -1 13 48 17 40 37 28 28 10 19 9 27 33 23 20 41 26 33 4 18 42 8 32 65 10 43 28 20 24 16 27 39 17 53 21 32 9 24 49 24 35 20 46 32 34 28 31 25 19 17 29 20 46 16 24 29 17 12 48 44 18 26 22 32 14 35 13 10 3 27 17 27 1 16 26 31 19 9 6 35 8 42 16 15 50 20 49 -6 28 12 11 15 21 39 19 25 32 34 19 22 2 16 37 17 20 17 2 9 50 -8 -14 18 29 10 14 4 28 -11 43 52 12 1 25 23 30 14 30 10 16 4 29 22 45 43 22 33 16 47 36 23 4 17 31 26 23 25 24 41 10 38 41 28 38 26 25 36 31 28 -5 20 30 36 22 17 27 24 18 14 10 28 32 47 51 27 25 17 37 31 34
25 39 34 -14 16 35 13 31 17 18 -4 21 16 37 10 12 27 10 25 26 31 24 28 10 7 1 19 30 -4 24 22 40 9 19 23 27 12 24 8 18 28 10 2 11 10 -12 11 4 27 -5 12 31 19 44 12 43 36 23 20 28 28 34 20 37 45 -12 34 8 18 3 18 25 24 7 16 28 29 8 1 6 32 11 18 19 11 22 10 -4 2 31 16 30 11 36 22 12 41 24 27 31 6 13 20 17 11 31 -6 22 44 17 38 21 24 9 20 35 27 4 -3 33 23 24 6 25 19 39 29 39 27 26 2 11 13 2 7 48 12 35 13 11 14 22 -1 16 43 7 28 15 17 3 13 27 29 4 4 14 13 2 27 16 21 40 33 40 -1 28 15 3 9 29 20 18 13 19 22 7 12 18 -1 37 35 7 27 5 20 36 15 11 2 12 24 25 22 22 8 41 36 0 16 23 26 18 1 9 29 26 -10 34 19 23 33 17 28 0 24 16 19 9 23 13 41 8 13 23 4 20 -14 9 29 39 24 20 7 16 8 13 22 32 27 28 18 32 -1 18 29 1 10 7 19 47 22 37 -2 25 -11 22
16 37 37 9 18 32 20 20 -2 23 9 7 25 39 23 30 34 8 46 3 17 32 22 18 4 4 1 11 36 20 21 29 27 15 6 27 11 18 12 11 40 -2 29 21 30 13 42 12 14 18 21 15 22 22 13 32 12 15 22 18 37 35 11 10 11 -8 33 35 20 13 12 15 10 6 28 11 23 34 20 -5 12 38 36 15 41 21 15 18 -18 31 26 26 -1 38 51 6 4 10 16 30 10 -3 7 31 35 21 7 7 23 46 -6 24 6 4 28 12 36 6 19 46 28 23 36 30 15 33 29 16 26 40 23 5 15 4 22 28 -3 20 25 25 -11 30 6 1 23 6 28 12 15 9 13 47 28 9 10 31 -13 26 37 -6 33 34 1 26 20 40 25 16 14 1 31 21 32 7 8 17 10 2 42 21 16 12 25 11 -4 32 25 15 39 7 24 40 27 20 3 25 18 11 29 33 30 45 -4 18 52 19 24 24 9 36 47 32 43 17 23 25 14 13 30 34 22 0 10 30 11 38 14 6 13 45 22 3 10 6 -2 9 14 10 12 27 6 32 22 23 32 -17 20 27 34 31 10 13 26 13 14 35
-1 34 24 0 39 29 18 27 22 1 28 31 29 44 19 31 3 15 25 12 28 30 33 23 27 0 18 41 15 32 5 38 10 21 22 15 10 21 9 5 20 -15 5 14 23 22 34 28 46 26 42 29 15 20 24 12 16 21 13 33 24 29 37 36 32 16 44 16 35 41 10 6 13 16 20 11 20 20 5 26 27 36 33 -5 28 9 9 7 16 22 16 41 15 27 11 11 23 17 31 34 29 5 36 32 20 57 17 15 15 44 27 36 20 18 10 44 23 28 36 44 -3 18 23 20 18 16 24 26 9 30 5 11 13 15 18 8 22 14 26 3 17 27 17 6 26 -3 27 9 16 14 10 28 25 22 -10 49 25 -4 35 19 37 41 20 30 -14 33 18 6 14 37 40 13 21 24 20 44 26 6 15 28 13 17 0 5 3 47 11 17 20 31 15 10 11 20 6 20 19 8 12 45 42 27 6 9 24 0 -6 21 51 20 18 19 33 1 33 43 -5 11 8 31 12 19 15 13 33 4 27 40 23 68 12 44 25 20 7 3 14 32 27 18 -3 21 37 7 22 8 22 25 55 42 11 24 13 3 26 42
35 38 44 22 46 3 50 23 23 -8 24 32 11 37 24 11 30 30 27 23 38 17 35 4 52 12 42 21 21 29 32 22 24 25 11 16 14 27 7 42 32 21 21 10 39 20 23 27 40 21 46 30 28 36 27 33 31 26 27 19 15 9 35 37 30 10 56 21 45 26 23 23 15 36 38 10 33 5 16 24 16 46 29 12 3 41 20 20 15 14 11 19 18 15 36 10 29 40 39 19 48 -4 36 3 54 28 27 40 27 43 13 38 41 22 20 48 54 11 17 35 9 20 39 28 26 12 27 27 5 38 19 21 14 41 35 35 14 35 33 9 10 29 27 12 35 5 34 24 34 -2 33 36 16 8 10 34 38 39 46 -11 25 27 28 34 5 29 18 36 12 22 40 26 24 27 26 13 9 12 27 37 26 18 27 24 11 34 20 2 15 39 17 23 14 28 16 21 13 0 44 30 34 26 13 16 22 30 34 19 6 19 49 20 31 17 14 45 24 11 18 61 34 10 2 25 26 0 10 39 41 40 22 39 18 8 14 27 21 30 33 17 -3 33 39 27 23 19 31 25 38 47 31 42 5 20 20 29
2 27 27 18 53 18 21 7 11 17 26 15 17 13 16 28 27 14 29 18 42 22 7 15 34 6 26 4 -11 28 26 39 -1 1 33 31 -1 28 2 39 33 -2 28 14 3 18 23 27 1 23 28 11 23 30 -7 22 27 20 24 3 19 2 34 34 28 -6 25 42 13 16 22 19 25 12 19 -2 25 18 37 33 37 41 14 20 28 25 2 -6 6 8 6 4 15 11 23 -6 21 11 12 24 44 -8 14 7 37 14 39 21 8 21 25 4 29 7 16 50 22 21 4 17 10 44 55 39 12 33 20 23 -1 51 14 10 6 15 36 22 15 37 18 20 15 27 24 8 17 24 -8 25 14 -10 34 38 22 7 10 18 41 19 41 -9 34 42 39 34 12 34 7 28 37 10 39 31 25 30 33 24 -2 13 18 19 37 17 5 26 -2 35 10 -4 16 5 31 15 21 29 16 23 10 28 32 5 39 41 28 22 10 35 29 29 2 21 25 16 35 25 18 45 38 -6 39 42 7 7 24 47 5 10 8 5 34 11 29 25 19 13 27 29 13 22 20 14 -3 42 25 24 25 1 23 19 36 37 37 31 8 17 20 24
21 29 14 12 39 54 11 23 24 8 28 6 28 31 21 34 36 24 39 22 46 16 41 32 26 1 31 34 6 38 13 37 7 5 14 -25 12 23 10 -2 15 12 0 12 9 36 45 23 27 19 20 35 41 36 23 20 22 32 30 33 13 29 24 26 22 -10 25 28 40 19 36 12 3 22 32 23 26 5 8 15 20 40 22 19 15 29 12 16 31 21 23 39 10 20 19 20 37 32 -3 10 19 26 18 34 27 41 7 -8 24 23 28 10 15 -2 25 12 56 18 43 47 9 25 25 20 14 23 10 7 28 33 34 19 20 21 0 20 36 11 20 11 5 18 13 12 24 -7 41 30 36 27 18 29 31 24 16 10 12 18 58 23 20 43 22 29 11 21 19 -7 2 10 32 18 30 10 28 28 41 -9 33 27 28 8 30 14 8 47 1 23 21 48 13 26 45 23 1 40 23 3 26 17 22 17 16 16 41 8 5 3 20 26 29 41 5 25 27 27 15 25 14 30 32 3 22 30 45 12 33 20 38 24 12 45 27 22 15 11 4 22 30 41 13 13 25 25 20 28 31 27 24 18 28 32 31 9 23 29
15 48 21 19 56 53 12 27 15 8 28 26 33 23 17 7 31 7 42 9 21 39 -10 27 22 11 24 13 19 30 14 45 13 17 31 25 12 14 17 27 29 8 23 16 3 20 19 38 13 4 39 27 25 17 10 14 14 20 11 35 29 40 32 26 30 -16 28 18 37 12 31 27 19 12 29 24 29 13 36 33 35 39 20 21 30 21 -8 7 28 22 10 9 21 14 24 14 15 18 -9 44 55 1 13 27 28 51 20 27 34 6 37 15 19 -11 20 49 44 44 28 22 37 39 32 28 35 42 7 39 16 24 31 23 21 2 3 33 6 29 20 13 20 36 14 37 9 20 20 -1 24 20 27 41 20 21 24 28 31 13 16 22 5 35 47 41 3 25 42 12 24 4 32 28 23 24 17 37 7 -4 46 28 16 24 6 22 -12 32 19 10 21 28 38 35 20 9 -5 29 6 14 34 23 19 42 23 28 14 16 19 38 20 30 33 50 30 -1 32 44 41 0 29 21 33 11 22 13 42 8 18 41 24 24 33 26 23 10 20 2 3 -1 28 28 3 23 18 24 26 3 32 30 9 34 21 9 20 14 55 21
7 36 19 5 35 -6 30 32 14 21 37 18 14 36 24 19 39 26 41 5 19 11 25 9 23 19 15 46 29 30 13 26 9 29 37 21 29 22 -7 10 54 10 29 11 17 23 37 5 10 -3 25 24 36 17 7 57 9 7 32 45 49 26 26 13 23 1 31 45 16 33 19 2 14 10 35 20 14 26 27 11 31 32 13 1 27 1 20 -4 -10 35 16 17 14 18 40 -5 18 6 2 48 29 -7 31 32 10 39 25 7 11 27 4 19 15 41 30 19 18 10 25 36 18 49 58 42 8 38 1 23 16 35 4 24 21 9 21 42 21 31 16 8 4 23 21 25 40 0 14 15 -3 9 15 43 32 39 26 26 15 35 41 21 18 30 20 44 13 25 11 36 28 27 28 15 11 21 26 13 18 19 44 13 -5 13 33 27 1 24 -5 17 35 0 33 23 25 18 -3 14 23 28 12 19 23 23 0 20 25 12 41 28 24 13 41 34 41 19 17 29 10 25 31 23 29 30 17 27 13 30 25 29 28 34 37 16 17 21 14 15 23 26 30 12 18 34 53 18 1 3 17 31 41 35 -4 22 24 14 -4 40
25 26 45 40 48 50 7 7 31 22 23 8 6 12 36 19 26 18 37 29 31 35 24 31 30 31 31 19 32 13 20 33 -3 13 20 22 8 38 -13 25 29 20 21 -6 21 29 33 29 30 14 34 22 41 23 19 21 -1 10 21 27 17 32 28 31 24 2 28 37 42 26 4 22 21 -1 29 14 34 29 25 23 57 42 35 11 26 17 14 21 19 25 16 12 25 17 28 6 11 23 18 35 25 20 8 18 27 40 19 -4 18 39 23 33 34 16 11 27 28 8 46 30 14 27 34 21 -1 31 6 23 23 50 16 8 10 16 22 33 35 -7 30 33 0 32 29 21 42 1 30 35 14 4 28 21 18 22 11 13 25 41 49 28 29 65 49 26 24 43 5 9 17 9 51 15 26 24 30 30 11 22 35 41 17 21 27 36 -9 24 1 4 34 20 38 48 26 17 15 16 15 13 13 22 13 52 19 7 35 16 37 25 16 38 25 33 24 14 40 41 24 -2 26 39 16 23 8 23 18 23 29 27 44 30 8 15 12 26 13 30 10 16 15 51 24 43 37 21 16 31 25 55 26 27 12 18 31 16 26 21
15 32 19 13 37 14 23 8 19 10 34 17 9 29 18 20 30 24 30 23 37 15 11 27 32 37 20 18 18 29 32 28 9 10 24 34 4 23 -6 27 26 13 0 7 22 18 38 21 19 14 41 25 11 24 4 24 27 31 15 30 6 22 43 21 16 16 38 36 46 28 7 15 15 9 23 32 32 -1 10 34 32 30 32 16 31 14 12 8 13 36 23 26 22 25 26 4 31 -5 32 31 29 -6 37 16 25 31 31 30 18 40 33 22 22 23 28 44 25 16 6 10 26 31 46 28 24 42 22 36 22 34 -1 16 38 5 22 43 25 37 12 14 24 22 42 20 24 21 32 12 16 -10 27 46 30 27 13 26 35 29 14 6 19 33 22 40 4 37 22 21 25 40 35 12 13 25 26 10 -1 0 22 31 20 6 9 32 24 18 9 8 21 22 21 31 5 6 7 24 30 13 14 35 30 28 13 14 7 29 19 20 -1 20 15 15 31 39 16 33 19 22 19 35 27 15 13 24 11 10 29 29 34 39 29 34 16 25 -2 -1 17 33 37 17 8 30 48 17 30 1 19 21 36 57 23 27 28 18 6 24
20 21 25 29 35 31 35 28 10 15 35 34 6 40 11 2 23 16 23 24 35 4 15 0 18 7 22 12 25 18 -11 8 11 8 20 9 -3 5 -9 25 33 12 2 8 16 19 22 35 24 24 12 29 26 14 32 22 3 15 16 20 12 15 8 31 20 0 41 46 34 17 18 15 10 18 42 17 25 14 21 16 17 43 25 10 -1 24 16 -7 10 32 0 25 27 9 35 -5 16 24 13 33 31 18 29 4 15 36 10 11 11 24 42 30 14 12 37 34 50 -10 18 42 10 18 44 22 21 1 15 14 16 31 30 14 30 17 -1 42 13 27 7 -5 20 15 51 22 12 -1 18 15 4 13 15 40 20 2 35 11 25 21 39 26 24 33 30 42 18 10 5 8 23 29 47 12 23 16 29 24 -21 -3 29 34 36 24 0 14 16 18 -17 -13 16 18 12 47 2 14 2 20 29 21 24 20 15 32 9 36 -13 17 21 25 24 17 31 31 37 21 25 35 18 -5 8 43 36 13 16 33 23 2 25 34 33 27 23 33 12 17 2 22 22 5 33 30 21 36 31 11 15 -6 7 7 34 32 35 11 18 30 20 21
19 12 20 18 20 12 19 24 27 14 26 13 8 33 35 32 27 12 8 -3 31 39 9 13 44 -3 16 5 30 28 33 22 37 18 8 22 15 24 20 20 21 8 13 8 15 21 11 17 14 20 28 25 19 25 5 9 36 36 37 14 43 10 45 20 4 15 22 11 20 28 13 15 42 9 36 11 31 5 17 20 38 24 30 12 27 21 25 15 3 -12 22 -7 13 0 23 2 18 17 6 27 28 16 -2 24 24 5 7 9 10 32 5 37 26 -5 50 23 34 17 25 42 -6 27 14 9 2 22 14 -2 -1 34 19 29 5 32 7 30 16 26 36 35 5 52 9 10 22 12 20 22 17 -4 33 29 11 28 19 21 24 34 41 5 27 33 26 28 15 5 -7 16 32 32 39 10 29 32 9 3 12 12 30 17 30 23 20 23 -19 36 24 37 19 33 10 11 14 20 6 23 17 16 13 17 2 27 10 16 27 1 28 25 10 6 10 12 17 -4 15 27 26 16 13 15 7 21 20 21 33 1 22 7 34 25 33 38 16 -2 20 30 13 27 2 16 15 30 13 -3 21 0 18 22 46 28 29 7 5 39 37 16
7 39 31 9 10 32 38 16 6 19 11 27 6 22 26 18 22 18 28 14 19 51 -1 24 32 18 33 8 29 39 31 32 34 21 29 32 10 21 0 29 24 5 27 5 30 4 11 6 19 11 42 38 19 51 16 25 25 26 17 41 17 33 24 13 38 1 43 1 18 13 23 17 13 11 26 31 21 10 19 6 30 39 23 15 29 33 15 4 5 30 34 25 24 41 13 10 25 19 39 43 34 -10 12 28 29 14 28 29 33 40 22 30 23 3 15 44 42 17 8 17 19 30 8 16 7 39 23 9 20 31 21 -2 -3 11 5 37 8 42 53 28 -4 47 9 8 34 -2 34 13 19 5 28 24 24 25 7 21 5 31 23 21 21 59 33 32 14 40 11 14 17 24 32 17 24 22 -4 14 3 22 25 39 31 15 9 7 -9 34 31 14 30 29 12 24 26 8 8 21 18 -2 30 17 23 38 0 -12 30 30 11 27 7 30 8 23 25 12 22 35 24 10 26 19 19 8 2 17 12 -4 6 18 22 47 19 20 9 11 7 10 36 12 21 28 11 49 17 19 31 -5 50 17 32 32 12 44 2 41 5 38
21 40 27 25 25 41 29 24 14 28 35 14 17 33 26 15 23 35 32 28 15 27 8 23 22 3 14 23 10 24 11 12 10 6 30 -3 15 17 6 6 33 11 23 18 15 26 16 22 13 26 10 23 30 40 15 15 -6 8 5 18 32 10 29 42 40 -15 43 48 16 18 25 19 31 3 18 20 31 30 17 27 27 39 12 27 10 9 9 -10 19 17 16 23 34 13 18 15 9 18 27 27 48 19 36 34 12 30 30 29 14 14 34 31 23 -5 40 37 53 22 14 37 31 27 24 18 24 15 22 24 5 47 29 20 24 21 -3 30 42 28 11 19 34 27 24 22 16 17 32 30 22 10 6 28 26 26 28 -3 20 8 51 25 13 42 26 39 20 36 14 16 30 15 13 16 26 19 35 9 10 8 24 46 39 9 25 25 18 27 -12 -10 30 -2 18 22 3 15 2 10 47 20 41 2 22 33 13 26 3 40 11 12 27 14 46 19 37 16 40 38 7 3 12 25 29 -6 24 44 5 6 13 36 21 27 41 18 8 30 18 9 20 20 33 42 38 29 22 16 6 7 22 14 31 42 12 11 2 41 7 35
6 33 28 19 37 19 27 20 19 -4 30 16 -1 37 10 12 33 -6 46 18 52 12 31 -14 15 -20 47 12 7 16 17 17 19 18 20 36 22 11 -1 36 54 7 20 3 11 33 44 16 3 14 32 12 17 28 -9 53 33 18 38 37 22 14 36 9 21 17 43 34 17 6 24 11 22 18 31 16 12 26 32 13 -3 33 33 4 13 15 19 10 -1 22 8 11 16 26 41 -2 37 27 0 41 33 11 13 19 44 32 11 20 31 17 5 26 41 19 12 34 30 7 24 30 25 23 44 41 22 25 31 2 18 40 16 16 13 16 4 29 -1 32 34 8 24 11 24 15 48 -4 2 12 -2 0 7 44 21 18 20 17 37 12 37 7 34 22 19 31 4 27 -3 17 27 21 19 25 18 25 31 15 36 19 28 29 15 18 21 9 7 48 13 6 20 16 29 24 13 31 0 16 3 29 14 8 39 31 8 24 16 17 25 26 23 37 29 26 23 27 22 30 36 9 38 22 42 13 25 33 22 34 25 29 21 51 23 22 25 13 28 20 15 28 21 8 21 37 26 19 14 9 -7 9 41 34 19 36 7 21 12 10
19 18 27 0 39 22 3 43 30 16 31 7 27 28 42 8 31 26 37 12 7 43 16 16 34 20 8 31 22 7 27 21 27 40 29 9 11 15 3 -2 9 12 37 24 20 12 29 22 23 -11 8 41 26 18 6 14 25 21 13 24 42 20 21 11 36 0 14 23 55 22 25 6 22 1 31 16 38 -12 21 16 29 6 28 5 7 32 16 10 25 20 19 15 31 21 18 5 9 37 10 6 38 -1 52 16 18 40 -7 51 18 17 23 33 22 15 36 24 15 -3 20 26 19 12 20 14 37 30 18 38 -1 25 13 18 7 22 14 10 25 21 7 2 21 40 18 11 12 31 13 26 31 14 12 21 29 20 16 29 25 19 19 13 21 38 38 46 10 0 17 16 9 31 35 6 35 27 32 34 7 6 33 33 3 10 17 -1 3 49 6 14 8 1 32 10 19 32 3 22 1 14 1 21 8 40 27 37 16 24 32 36 36 11 23 11 31 -16 20 17 10 19 7 -6 9 17 26 9 30 15 26 31 32 36 33 32 21 34 37 6 11 14 25 27 10 17 6 18 -1 15 -1 43 41 48 21 15 2 28 26 35
17 24 13 24 35 69 24 7 17 5 42 12 28 33 23 29 45 14 37 12 26 35 24 41 35 12 26 22 14 32 15 36 14 13 28 18 20 15 3 22 28 7 24 3 22 34 38 33 13 11 47 29 27 39 23 19 11 12 21 33 26 6 32 43 25 -12 34 15 34 20 20 17 5 1 46 25 53 4 29 29 42 47 31 28 31 40 -3 12 32 23 27 7 23 23 16 8 14 21 16 23 42 15 37 19 34 25 14 9 15 32 44 26 13 -8 38 33 46 25 24 41 14 28 33 21 29 28 10 28 22 44 22 23 2 25 14 42 31 26 48 6 14 32 3 10 8 23 18 17 24 13 5 20 32 18 20 23 27 17 37 10 20 43 30 52 -3 21 17 -6 20 11 55 11 33 25 23 31 11 4 22 27 24 16 26 26 -12 49 17 13 30 27 35 39 23 3 6 19 34 5 24 6 19 41 18 19 28 23 15 39 38 35 18 15 41 -7 35 44 30 5 18 54 24 15 23 19 28 15 26 38 24 28 28 43 11 17 14 24 10 22 40 30 18 47 38 22 16 9 33 26 30 36 8 14 9 42 37 18
19 27 30 28 27 40 44 15 29 40 46 13 22 15 41 22 41 21 4 27 16 29 30 24 37 36 27 30 40 25 15 18 19 36 24 24 18 43 -9 28 46 30 32 23 31 6 20 11 18 6 30 18 47 40 24 19 7 21 7 11 24 17 30 30 11 -3 33 0 19 28 24 33 12 25 18 25 44 31 48 22 37 31 26 17 31 16 8 26 8 23 17 15 16 16 44 0 32 7 29 42 23 18 36 3 25 14 14 20 21 27 5 23 28 39 18 20 35 28 33 23 18 43 6 16 45 42 17 20 27 22 30 12 15 16 26 37 7 42 30 15 3 42 7 4 40 14 42 35 26 21 20 -1 48 25 21 13 7 28 33 40 24 44 45 37 31 29 2 21 33 16 44 38 24 23 29 42 14 44 30 39 37 -6 34 48 22 32 21 16 29 18 38 35 26 18 19 12 15 23 3 33 -2 39 10 18 19 27 30 34 14 43 51 29 38 22 26 40 10 20 21 42 26 12 4 32 2 14 11 45 39 41 42 28 11 14 9 37 29 7 30 32 37 23 43 32 18 1 32 42 37 30 18 18 1 36 10 16
-1 35 29 -7 58 41 19 30 32 30 50 7 44 4 34 26 30 40 19 23 21 22 18 17 45 -7 34 26 18 41 12 15 6 31 39 16 14 25 15 15 38 -3 27 37 19 18 40 -1 28 7 33 24 33 18 -18 36 16 1 18 45 39 11 42 21 12 -2 32 25 23 36 48 10 26 -1 14 26 38 18 46 42 35 18 40 -12 40 10 22 27 21 20 10 14 28 -6 30 9 19 0 8 36 17 8 38 14 24 33 30 23 14 10 15 22 40 16 9 19 31 29 42 41 19 39 39 15 33 51 12 20 10 54 22 2 11 36 10 7 -3 22 17 17 14 39 19 12 28 12 21 32 24 7 5 14 27 22 31 33 10 15 45 7 7 26 26 36 -2 27 9 9 33 10 31 19 26 26 29 27 36 13 28 33 22 2 32 26 10 42 7 10 24 31 24 24 18 38 -9 37 10 19 37 17 20 34 4 28 18 29 27 35 13 28 23 29 32 26 42 20 18 25 19 34 11 19 19 13 20 33 23 39 15 41 27 13 16 -2 29 25 14 34 15 34 19 28 45 21 16 11 31 23 53 37 10 38 2 23 6 37
29 45 29 6 15 30 21 18 30 14 11 34 6 30 38 15 37 52 21 23 13 27 0 42 31 10 18 28 5 27 20 29 9 27 29 12 17 10 -34 26 34 4 7 19 18 8 19 3 22 1 19 17 35 27 31 25 24 18 9 29 18 19 4 29 40 0 33 25 53 7 16 49 19 12 29 39 29 28 15 -1 33 28 35 14 36 18 25 -7 -4 37 23 30 45 27 39 18 17 15 36 32 28 -4 34 19 15 11 12 36 16 45 20 43 23 1 20 52 22 1 15 30 26 33 23 24 15 19 14 42 22 49 16 24 16 20 19 49 11 39 -9 9 28 23 12 1 26 15 46 31 41 7 2 33 24 3 16 24 11 18 32 18 -1 53 13 17 20 24 11 30 5 24 35 -1 21 16 49 7 4 -7 26 43 27 26 23 14 14 17 7 8 22 1 5 36 21 16 -11 20 32 -13 33 36 7 27 7 12 27 27 19 28 15 18 41 13 48 20 21 17 27 6 20 46 28 33 5 19 8 18 12 20 30 47 26 25 8 6 18 17 19 15 37 14 32 39 8 12 18 0 30 15 31 23 12 25 8 36 12 7
23 31 32 5 35 40 12 37 5 6 4 25 19 30 32 12 21 19 46 3 16 17 18 21 25 22 23 29 31 11 27 20 -5 21 23 18 9 10 13 37 25 20 17 23 15 12 6 24 40 11 28 31 31 16 2 11 13 29 -2 39 4 17 9 15 40 13 8 12 62 2 13 21 30 12 45 31 13 17 17 -7 28 7 47 20 29 27 26 19 17 38 7 40 26 30 16 4 21 10 12 7 14 4 11 41 19 55 2 35 17 43 34 30 25 4 21 22 14 19 33 40 33 10 12 21 5 38 25 21 27 53 29 15 8 28 9 20 0 7 13 4 16 27 26 20 40 -1 16 18 17 8 14 38 28 13 9 34 5 21 36 10 18 37 46 44 0 43 21 5 7 6 30 29 27 36 25 6 15 -9 27 21 -2 14 14 5 3 47 5 -3 46 28 15 30 29 19 -24 24 14 -3 8 26 11 44 15 19 7 27 11 33 35 33 16 23 26 7 37 43 19 9 31 23 12 18 16 29 25 13 7 22 4 36 14 27 13 22 38 11 1 5 1 32 16 37 16 28 17 21 21 -10 14 21 20 25 18 21 19 33
19 20 17 14 34 29 25 26 14 5 46 17 31 19 28 31 19 33 16 17 26 21 27 18 38 26 39 46 6 6 13 18 2 24 39 17 36 31 -1 25 21 16 22 45 19 -4 43 19 39 15 33 30 23 5 17 16 24 14 11 52 38 8 30 32 2 8 40 56 39 18 27 22 35 27 37 49 16 28 31 34 20 32 42 9 17 18 32 25 38 31 5 2 53 12 46 -6 45 5 24 28 21 34 40 32 20 26 41 34 22 25 31 12 48 35 11 35 15 23 45 45 18 42 49 35 24 4 12 35 38 71 32 17 14 29 20 11 17 16 0 0 1 20 22 14 51 36 31 41 17 23 6 14 40 30 37 33 32 22 38 17 25 30 11 47 26 12 5 3 27 30 19 31 15 35 35 14 15 24 17 21 14 17 27 46 20 31 6 14 36 15 16 29 16 36 4 8 11 11 37 14 28 42 27 12 6 29 15 20 40 34 43 42 37 34 21 23 46 17 2 39 33 22 7 18 19 26 34 48 37 37 45 24 15 17 24 26 -1 37 5 34 32 14 27 23 28 40 -5 19 50 38 13 46 19 40 2 2
35 53 19 10 46 11 19 30 21 1 40 20 17 37 39 23 27 39 16 29 14 28 33 12 38 37 -6 31 29 25 21 27 32 47 1 -7 -11 22 8 22 48 23 30 15 27 9 48 -8 35 17 34 37 19 43 31 25 8 0 9 16 23 20 30 37 32 14 57 28 45 18 25 22 26 21 31 53 35 25 13 19 34 45 41 5 25 22 28 26 26 49 22 16 35 38 51 3 41 11 29 25 14 9 43 10 21 37 20 42 13 25 3 15 18 16 31 37 47 6 27 45 43 34 48 25 16 17 43 42 15 27 35 19 33 34 29 23 28 32 17 5 21 34 15 41 27 21 41 26 36 7 13 32 40 20 8 44 25 24 49 8 11 32 15 36 22 28 21 16 18 18 40 -1 13 12 10 18 -5 14 34 32 27 12 28 39 28 17 12 5 27 12 23 25 25 27 20 29 30 17 34 40 17 38 -1 21 22 27 27 19 43 16 57 26 50 21 34 33 17 19 8 53 39 32 -4 27 18 16 19 31 46 57 21 19 20 18 -24 18 16 13 50 34 24 27 32 22 41 1 19 24 49 32 11 25 18 24 -2 14
30 31 10 23 41 14 22 29 8 -3 22 16 10 12 33 22 14 11 20 36 33 11 32 9 23 14 28 32 1 26 22 -5 -3 11 24 -6 23 20 -7 33 35 11 27 23 4 24 33 27 25 15 35 7 34 21 -1 8 25 17 20 26 18 2 31 25 41 2 36 50 47 9 11 4 21 16 5 14 -6 33 16 19 18 27 15 30 29 18 17 1 6 11 -7 28 19 11 39 2 31 35 6 15 34 2 14 37 39 27 27 45 34 42 30 12 16 25 2 27 13 33 12 27 19 11 47 34 -9 12 24 2 14 45 31 22 19 9 12 18 26 27 -9 8 26 15 24 33 44 20 8 37 11 10 0 50 24 18 16 13 25 -9 53 13 33 25 2 24 3 29 20 26 15 32 15 25 30 11 36 8 31 -4 22 39 16 39 16 23 18 29 4 1 21 23 28 9 21 23 -1 10 11 11 26 2 24 27 28 28 7 42 15 15 14 17 42 18 34 26 18 24 28 -1 31 17 52 8 45 24 15 9 23 34 17 23 18 32 24 2 41 -11 -14 19 19 18 18 16 19 12 8 20 17 19 35 43 28 29 3 31 20 20
