-103 105 -63 39 23 -119 8 13 101 109 -10 1 -63 -33 -41 -11 78 -55 100 123 11 8 -101 82 121 41 -22 90 25 116 120 -2 -101 -34 -42 -3 -6 -92 1 49 100 116 -126 -6 -17 -52 -128 26 20 -128 -119 -82 26 52 -4 -52 -29 -115 2 75 -45 -20 114 -17 -64 -25 -84 -82 -104 -96 70 -124 -78 5 20 119 -59 -108 -127 2 70 124 76 -81 -53 -98 21 54 119 84 -111 11 78 -8 -5 -97 64 77 -63 -13 -34 116 -99 63 -113 110 -88 57 127 -41 127 43 -46 -30 57 -121 24 45 -103 -61 32 56 -60 -75 -84 51 -7 -48
14 -113 -98 -26 -23 -20 66 114 -9 20 121 -5 51 3 -114 -103 -123 -58 82 -128 -71 53 6 118 -91 -16 -19 -65 22 -52 -16 99 -75 -5 -33 74 65 118 -87 -23 -21 100 -28 -8 -1 32 71 83 112 24 72 -88 83 111 -52 -48 -31 -101 -125 -24 31 -22 114 -4 125 -96 50 48 -106 -8 -42 62 -8 -33 -4 113 -72 -3 -105 56 -10 -126 -47 31 69 -74 -11 89 125 -92 -110 -6 23 -12 -32 -95 -4 39 -42 76 74 -9 80 87 -24 28 -76 22 -82 -98 36 -39 38 -105 27 -63 96 42 67 108 -21 -34 43 -7 96 42 114 -119
26 -24 -38 66 -60 41 91 119 44 37 -36 -73 12 56 -21 -98 -105 99 124 -103 -35 58 -28 -80 43 -39 -45 67 -115 -80 -128 18 -50 70 -72 -77 90 26 -62 -126 -5 29 124 58 61 -45 62 126 -80 -21 91 40 28 -62 -56 11 5 87 -69 -11 -39 61 -127 -20 8 -47 -34 22 88 -41 -35 97 -98 6 60 36 -65 101 -23 -110 -51 79 17 6 -92 72 -39 65 -7 -127 35 -61 -2 11 -49 117 -67 -89 -99 -124 -89 38 44 -76 -1 -30 99 63 78 121 66 120 -108 -75 1 33 67 -20 63 77 -76 -21 48 -41 70 -53 -37 -123
110 83 -62 -109 73 58 37 82 -102 -22 14 109 16 -39 28 11 87 -96 11 -106 91 -52 -65 -122 61 -95 -47 -116 27 72 8 -126 31 11 69 115 -68 96 -90 93 76 -52 -26 -89 33 3 -119 -15 -33 -34 60 -99 -48 -53 60 82 41 99 30 7 -15 56 80 -79 56 -25 -102 -101 0 -64 78 -31 8 80 106 85 -80 94 54 -99 -71 -29 67 48 -83 65 -19 79 101 75 19 30 35 86 -106 91 123 6 -121 -78 77 59 68 67 102 -33 47 -109 -89 23 -30 67 -48 54 -72 95 -116 -114 2 -78 -9 -18 69 36 32 -27 53 14
-22 -69 -9 106 -15 13 -64 -48 23 -16 10 88 85 116 -56 -82 99 -47 -83 -87 39 71 36 107 55 124 5 8 -11 -108 -97 -74 27 -87 -88 26 -119 119 -128 48 -126 118 81 40 -91 14 -110 95 49 113 -53 127 36 108 -91 -61 -19 21 124 28 -55 -10 -98 -50 -29 82 27 65 -95 -43 -15 49 46 26 111 -93 66 24 -90 20 55 -71 -44 -40 22 76 -28 40 60 49 111 114 -8 107 -69 84 -112 -31 -51 5 93 72 27 -31 -59 51 72 23 -32 14 77 108 28 -48 -41 -118 -17 51 -94 -108 23 31 -95 -54 116 -12 -88 -2
-94 75 47 41 67 12 -52 -1 16 56 -39 120 12 -84 11 -81 127 44 -90 95 -119 87 -18 -117 86 99 -97 110 19 70 -128 -98 -25 39 -6 52 106 -9 41 -48 99 -95 125 23 43 125 85 65 -66 79 -31 -64 -9 -49 -105 -118 114 -40 -124 -114 -68 33 125 42 -120 77 85 12 80 -59 29 -32 -65 -111 55 91 -19 72 54 -56 -61 -101 -79 9 83 -28 100 -124 -50 84 -75 -51 24 117 -116 -84 -77 -110 61 118 -126 -51 -86 -104 87 -82 76 -36 -24 -98 -41 79 113 83 89 -117 95 -33 -38 52 -80 -75 4 29 125 -122 -116 19
-106 -42 -91 82 118 -8 -110 84 70 24 25 -13 -77 -118 -72 34 115 -111 -5 -25 112 -108 47 -116 -110 82 64 -48 -1 91 41 -98 -45 33 26 -128 -123 57 -1 89 -22 92 -47 -8 94 0 -65 120 79 4 43 -102 32 -118 33 -106 8 -11 80 -11 -76 -25 12 40 -89 110 -125 96 -70 16 113 -1 -24 -69 -8 -56 -123 -93 -52 103 -128 113 24 -22 30 66 74 -77 -124 -79 -69 89 94 -96 -58 113 -118 108 -103 2 -80 50 -27 83 -92 -34 -25 -42 56 25 -46 -103 -88 56 120 78 1 -96 -76 -16 -115 121 78 -102 52 84 -21 44
45 -18 -93 83 14 25 57 43 -66 32 -100 24 127 19 88 -95 107 69 115 23 -27 -111 -39 89 46 -28 107 -56 -97 66 -81 -116 115 1 -71 -25 -110 62 33 -48 48 -110 -86 -128 7 -27 -67 -126 22 64 -90 -127 51 14 -37 -113 -62 -123 12 -53 -116 -18 -103 32 120 44 -92 -116 -20 51 44 10 -3 124 19 110 101 -4 3 119 9 -8 117 87 120 117 45 -8 107 99 3 -98 32 93 -11 55 -55 -79 67 104 -111 -22 -11 -12 50 92 -103 -59 -23 15 -35 118 -84 -55 -64 89 -111 -125 -50 -5 38 112 119 89 78 -64 -1 -107
77 -90 -55 30 -36 -54 64 -71 83 86 120 5 -39 -101 47 63 -33 -102 36 117 -23 113 115 47 70 47 50 -70 25 51 -20 126 -65 -64 -100 -70 -93 -54 -3 -90 125 -24 -45 72 35 98 -98 -52 82 120 -34 -36 -118 55 -45 98 -68 28 106 121 -77 114 21 -23 112 104 -13 28 -127 -112 -8 24 -38 89 117 -46 -110 -54 -56 -105 15 24 104 -68 116 3 -98 69 61 -27 60 -126 69 -55 5 -95 -16 -29 -54 43 -69 -28 -91 -120 -40 -6 103 -96 18 -99 42 -48 -74 -127 19 -20 109 -16 79 -60 17 -97 87 -121 23 17 76 -94
-30 -43 96 60 -70 62 2 78 -14 37 87 56 106 -82 41 64 -72 33 114 -117 88 99 58 -30 20 121 95 -37 79 -15 55 -61 63 -74 -124 -27 44 43 -103 100 50 108 -6 -102 83 -100 -11 -84 119 97 -80 64 45 105 -104 71 60 82 7 -1 -28 69 11 -33 -66 11 81 -116 62 113 -127 20 -8 -10 90 83 82 -125 57 -97 30 51 -50 -27 -43 80 23 -113 -104 71 70 47 -122 101 -71 121 81 -77 73 -51 73 -52 13 11 -37 63 -15 31 -72 40 -113 -117 65 51 95 70 56 -62 96 -88 93 107 2 -107 -119 -93 -98 -48
108 -128 37 -33 57 26 -53 59 -52 -77 124 -26 -27 -63 -49 -52 -16 -29 34 -92 -110 119 -93 -96 -23 -2 -33 30 96 33 51 -7 63 -41 41 -101 -52 -81 110 -77 47 -102 -35 98 -122 48 0 30 -64 -113 -20 -75 -86 -19 124 119 -52 10 -71 -64 -63 -89 -86 -6 117 -31 -47 64 98 -76 15 100 45 43 -6 -111 29 71 -4 118 84 73 -94 126 -40 -14 -62 -23 -118 -37 49 85 103 78 -87 67 87 2 -52 -126 -40 21 122 77 123 43 -16 -42 -47 52 -105 -111 107 -50 88 -119 78 -16 57 116 -96 101 -97 -51 101 113 -109 52
-105 95 48 -72 -40 31 -43 42 -49 125 -16 53 74 -43 16 -105 62 -75 -34 2 -24 12 75 48 107 -126 40 -25 -73 31 90 44 50 -81 -32 -43 -85 -37 6 -38 -91 113 -43 -51 -60 15 1 -98 -18 -12 7 37 -50 -37 58 -40 62 5 81 35 -88 34 -10 42 -57 -88 85 -119 -96 -43 61 95 87 35 95 32 126 119 116 72 16 70 19 -27 27 -106 -75 -106 -70 31 58 30 -94 -35 122 -52 -41 100 -8 22 5 -93 5 -102 -95 28 120 107 -104 43 -116 -26 -23 -98 -9 21 33 -41 97 -128 -108 70 51 -24 -19 55 10 -70
51 42 -95 -82 8 50 103 0 100 -81 2 -75 -45 39 77 0 -37 87 81 -21 82 42 9 -101 -85 -6 -18 -61 104 -26 -58 16 -69 115 59 109 87 35 -66 25 -57 104 51 126 -88 51 23 76 -104 127 81 109 2 20 54 88 -12 85 -69 -48 -30 -7 -127 58 2 10 -67 104 -51 96 103 -81 72 107 88 -118 70 81 -104 42 -3 106 -64 3 68 -79 -104 64 -45 -75 69 82 -24 -81 -73 64 37 -115 94 -37 42 57 39 -63 -56 45 30 -59 100 -100 12 -102 -53 121 -95 72 36 -105 6 -97 -45 79 -15 121 -3 -44 -88 -91
84 -53 101 80 -126 26 -1 25 71 6 89 -48 107 -34 88 -5 77 -28 46 -111 74 101 34 10 76 35 11 -64 -37 -114 -113 -8 -112 -22 -71 54 -53 90 41 -29 -49 -80 105 -22 51 109 -41 109 -64 74 -73 -88 103 -110 64 75 -3 -26 -87 -28 50 101 49 67 124 8 57 59 -38 21 -117 84 64 -93 -71 14 127 21 127 93 123 96 -30 68 -95 4 -98 -117 -106 55 69 -77 -27 -22 104 126 71 121 -23 -97 104 107 52 36 -7 -78 -47 26 69 17 -37 106 -15 -89 -73 31 28 -75 -26 -98 -83 -43 83 -52 62 -62 19 94
-17 -127 61 2 97 -28 13 -101 102 78 52 65 -19 64 -9 -101 116 -25 40 -66 12 11 64 116 -23 25 -102 -124 -9 -94 -101 -105 -55 -83 73 -115 49 -49 53 -31 52 -46 23 -80 -35 -66 26 -78 16 -35 99 61 -73 -92 -117 -88 -67 106 -41 -14 1 -60 8 -71 92 52 -4 -103 -109 -14 -97 104 6 68 53 62 65 57 27 -71 -33 -14 -80 20 -60 -30 -81 -33 96 -78 105 89 -27 -70 76 113 -28 -60 9 -66 -111 -109 -125 -111 -36 56 76 70 74 14 -116 48 -114 81 -123 -38 -18 -35 48 66 48 -69 -97 -5 -43 -48 41 22
-127 118 -60 -23 -123 97 -28 -103 5 -97 34 67 96 -79 -120 95 -47 -72 68 87 60 -31 67 -94 -33 -119 20 -11 -126 -69 42 -72 -33 -66 -16 -28 73 6 -90 94 -108 -78 74 59 65 125 17 5 44 27 10 106 -74 13 -37 67 -128 -39 -73 -81 -17 18 -72 10 94 104 23 95 53 -37 -127 -121 106 -126 1 124 -35 -96 56 13 66 -83 117 13 -43 126 126 56 -120 2 3 -45 103 96 -75 30 48 -78 -9 -91 -103 102 -10 69 -94 -35 -75 -15 -71 30 -58 27 124 75 -68 62 -11 26 86 10 24 9 -71 64 47 26 24 -126
16 -39 45 95 52 -126 -83 -102 -12 -117 82 -1 -77 51 117 -110 -64 -118 78 76 58 55 79 -48 -101 -50 94 -99 90 -56 -83 -1 59 -21 65 1 -53 -106 -110 121 86 49 99 -120 16 -25 -63 96 105 -52 -58 -92 77 107 -114 -42 -53 -10 48 -95 -109 77 -60 89 -11 -25 -9 -82 119 -35 47 12 53 7 15 -124 -100 -127 80 5 -50 -55 -18 52 -84 61 3 114 108 91 76 -41 -20 -104 -122 -44 -70 -49 -97 105 80 110 27 115 32 69 -109 -1 123 -126 115 100 86 -103 -85 -19 -1 123 -115 39 24 -51 -34 -71 89 -22 42 4
39 62 -18 47 123 44 -123 -16 119 -11 -15 105 106 -109 -62 -90 -34 -91 -112 -116 52 102 3 -119 -81 -20 48 22 -28 88 -114 -69 19 -81 -70 16 -106 -18 54 109 -95 13 8 -103 -110 -111 -4 -15 -41 31 50 -3 -44 -127 -39 -120 33 31 -123 -39 43 66 -111 -118 -67 78 -109 3 -72 8 63 -32 8 -52 -91 104 69 -124 66 76 121 -16 7 103 -39 -66 65 17 -22 -19 68 62 -114 -35 95 -37 -81 87 -113 -57 -101 28 40 -16 87 -30 114 67 -46 -16 -128 63 119 -118 -56 -108 -91 -127 -73 3 -4 98 10 33 38 -22 -44 -54
90 -13 -62 -2 11 51 119 54 14 37 20 -68 25 -2 93 21 17 -46 36 99 33 -65 28 94 -85 54 -50 122 -66 -58 85 51 -5 47 86 -46 25 -95 7 -14 -116 108 30 -119 58 -65 67 10 109 29 -99 124 -114 -126 83 -81 0 -21 63 1 -44 69 -16 -40 -115 -118 -118 57 112 -102 -85 55 -122 -93 19 -36 -113 -15 119 -46 15 -79 87 -22 -46 38 96 -128 -45 44 -89 11 -76 45 -112 110 87 29 -4 -41 -121 -62 -74 -10 85 22 81 -87 -58 29 68 26 -103 57 10 73 -101 75 -123 -24 33 8 -59 -15 -77 -112 -100 20
11 121 -117 30 -11 114 -16 105 113 -34 1 -90 -16 68 39 -39 119 -5 -68 -73 41 -126 -112 -38 -1 -115 -43 58 -122 -52 77 70 51 -17 124 -1 -25 62 17 -7 -52 -106 -97 -35 -125 -100 6 98 5 119 35 -54 116 57 -1 105 -46 56 -66 -86 87 32 48 45 98 21 115 -40 26 -73 -80 24 -87 -33 1 109 64 -86 -86 -107 -112 93 -14 -67 53 -83 86 11 98 50 120 48 -33 30 5 75 52 -43 -128 51 45 -45 -63 37 -107 99 24 52 -81 -43 -25 47 -71 -120 112 -35 -127 93 14 126 14 27 95 107 56 50 -64 -32
-110 125 108 67 -29 66 -85 -63 4 12 57 -122 56 82 -33 -98 -23 -60 90 -2 -103 75 -6 30 -31 39 -24 -78 -106 -117 -88 -64 97 -106 -107 -50 -62 33 86 -95 -1 112 -74 -26 -78 27 -25 77 -19 24 84 100 117 81 125 98 -99 -116 51 53 -56 -34 -125 125 -17 -124 -115 32 -94 -117 75 -64 89 -106 62 -31 70 68 63 119 44 -122 93 -88 87 78 -96 -50 -22 9 -70 -115 50 -73 -5 126 -60 -41 -43 -25 -79 73 -68 -108 -30 -116 80 64 -69 -124 -76 -71 118 102 69 -95 33 -32 -21 -90 -26 -22 100 37 23 -29 -35 23
109 -95 64 -8 70 125 69 -105 -22 70 1 -110 78 65 -55 -50 -87 -76 121 -103 75 94 76 74 109 -42 113 -127 -67 17 38 -26 -103 -71 119 27 -112 118 -10 -76 0 -17 121 -68 12 -38 34 23 89 18 -17 -36 -32 123 -74 55 92 46 74 -80 107 101 -110 -72 -102 88 56 9 -127 57 -35 53 -15 49 -124 77 -5 -17 126 -38 -98 -128 -110 103 75 -83 13 77 103 -5 -71 43 37 75 -27 66 -46 1 -101 27 -54 -4 -21 -50 83 16 -51 -100 14 85 7 105 30 -26 109 -86 -49 -67 73 80 4 19 37 -74 63 -40 -34 -5
-45 -66 103 -90 76 31 -78 -43 64 -117 -116 11 -83 -102 118 19 32 -36 -123 -117 127 -51 -10 -26 68 46 17 2 -96 -87 -40 19 -20 -3 -11 31 -86 76 74 4 -59 -72 -108 -120 29 -87 79 -27 -44 -4 -23 117 -125 52 78 -25 98 74 79 23 -31 -28 -52 -79 116 -120 -36 -101 39 120 84 -65 114 15 -128 -127 98 -70 77 115 -20 16 -116 -5 59 -53 125 102 1 -18 -117 105 101 -122 -96 -89 53 109 79 -83 32 -110 109 -11 -99 92 43 81 51 -98 -120 41 15 78 -62 123 112 25 13 126 114 21 -13 -65 104 -80 44 -47
-105 47 -56 99 -50 -58 -7 45 43 -84 2 82 69 -15 83 -98 -82 -105 85 9 -118 -89 -22 117 -19 -64 109 -5 69 22 -117 114 15 -1 72 115 69 -58 66 -73 -66 -102 -69 49 -75 17 15 -56 78 -75 114 86 66 -68 -90 105 114 126 64 20 35 25 123 -112 85 -90 74 59 66 -107 31 73 -123 -52 -76 -10 100 86 -28 -23 -31 -21 -11 -58 56 34 -69 108 -30 -128 -50 -28 -116 -25 -124 -62 -106 96 108 -121 71 -59 107 -87 -119 -84 -73 106 -97 15 42 -74 -24 -3 42 111 77 -65 33 -57 18 -110 41 94 113 39 114 112
-127 115 10 2 26 51 7 30 17 -114 -24 -82 -106 84 55 -128 54 88 -96 27 29 -36 -56 -53 -40 -103 -32 61 -114 -94 -110 83 -85 -47 30 54 30 77 -104 5 -31 -114 120 -20 -87 -17 -74 82 22 108 -30 -106 -8 -112 36 52 31 18 -114 88 -1 -25 -3 17 -35 -101 39 -50 -33 -53 121 10 -103 -1 -120 -55 -64 -121 -105 101 -10 9 -126 15 -125 80 -100 39 -17 -121 -19 -115 80 53 -37 67 15 119 -116 89 -36 -64 27 -93 -112 28 126 -71 120 -95 13 106 -19 52 97 84 36 -111 -81 -38 66 110 -1 -51 41 -39 59 -102
-66 42 -35 35 116 -64 38 93 -52 41 50 -26 51 -88 -59 14 11 -83 37 20 52 -93 4 -15 80 31 -30 -51 -23 -40 -8 100 -4 -32 32 62 121 115 69 117 25 -70 -14 122 103 89 -35 75 -42 -21 81 101 33 11 -52 90 77 75 69 42 3 92 -62 46 86 -49 -60 101 18 -122 42 -54 109 -122 83 -39 45 35 35 -43 -30 -43 72 -49 86 -68 -28 122 32 -19 91 -61 78 103 117 -33 -25 -58 75 -60 99 47 -111 -81 45 42 -72 -11 -20 117 70 61 109 -74 -57 8 69 -78 88 81 34 -22 121 -54 94 -35 -77 -38
-46 -110 -117 61 0 -14 88 -117 111 47 -96 113 93 100 -78 -100 -36 -104 -82 -84 83 72 -67 99 59 86 4 -120 -120 3 109 82 -95 -99 -18 -104 -48 58 40 44 -99 -83 113 -65 -61 126 34 -42 -101 51 111 -13 -49 68 75 41 66 23 116 4 10 -67 89 -31 85 -52 127 78 84 77 125 -5 -31 2 -21 -8 109 -123 29 14 26 -116 -49 -87 7 37 -88 103 -99 -6 -87 -35 -1 35 74 -42 62 2 29 -73 57 -77 96 -99 -13 62 37 90 -91 -107 89 34 -43 -100 -9 90 5 22 -89 -20 15 -91 56 -102 88 18 -107 -38
-82 -82 -21 88 79 -107 -58 98 -114 94 -103 -7 103 -28 -8 -116 127 4 13 -21 -128 105 -46 -22 -99 100 -115 71 -57 -96 -32 113 -69 74 7 -14 -60 19 30 -126 66 116 116 -60 8 -93 -44 -12 57 113 96 -85 -70 91 59 124 6 -105 57 -111 29 -33 72 92 126 107 -23 79 55 63 54 -27 36 107 -59 119 -29 -102 -114 -7 -101 27 95 39 -103 71 -15 -86 -53 -23 39 42 -45 -15 115 -66 -79 43 -8 78 96 -70 111 -86 124 -121 35 75 -125 -89 -12 -98 95 -69 45 -90 -38 62 41 55 -124 -61 -90 -123 30 -100 65 -9
113 -67 10 99 15 5 -85 -39 75 33 -77 -4 -3 18 -78 48 -71 28 -75 -88 112 -56 -15 -67 -91 90 61 -117 3 -54 -27 -60 -88 113 -60 -69 -105 -103 18 27 124 6 57 -39 -124 87 -37 -5 -23 86 -90 -103 65 -87 79 -81 57 25 -22 -33 -62 -67 102 -35 -34 -70 -79 -73 -19 -83 -116 -40 36 -46 -90 124 -93 -16 -21 7 42 -74 -23 92 12 -20 -122 20 -98 -92 96 61 -106 109 118 -99 -48 52 121 -12 122 80 -57 -128 -96 -39 119 28 -27 36 26 -13 35 48 119 -24 -10 -120 55 -115 -68 94 33 -23 -4 -30 -86 69
69 62 18 -20 -9 -66 -37 100 -74 35 -77 -15 36 16 50 38 -110 74 92 -30 10 -95 -73 124 47 -39 -60 -114 57 117 -46 -35 -40 19 76 -11 48 -97 49 -81 89 35 -56 -118 -107 -126 -13 15 -81 105 51 -78 9 7 -119 -29 -45 107 104 54 -50 24 64 50 114 -49 90 32 -17 -122 -100 60 -104 13 -74 -28 121 -111 -53 -119 -27 -21 80 4 -71 77 -93 -57 -53 -102 16 -104 2 19 97 -81 -66 -63 61 -123 95 3 -95 19 2 -107 -65 -112 54 10 18 67 66 -4 -94 118 -78 -56 -79 -20 -34 -1 -103 -70 92 113 -5 91
63 -39 -72 -107 50 -89 115 51 10 10 101 59 -98 66 66 14 117 -46 108 118 -51 -2 -86 76 -26 -70 103 18 6 -11 39 90 -81 95 89 119 -31 -62 -119 -92 -58 -111 45 101 -30 -52 33 -42 -92 -127 -33 -3 -54 -73 -127 60 -8 96 119 2 -8 -30 29 86 -1 6 92 -14 104 35 52 23 -20 28 -50 40 -115 104 1 -69 -31 105 92 -79 -86 106 120 -99 -32 -33 -32 -44 -66 -126 19 20 66 28 -106 113 -21 109 77 113 -66 -77 -32 -102 109 -69 11 84 -33 30 2 -16 -110 -97 -21 -115 -84 -62 -103 -15 65 116 87 89
-85 26 123 11 126 -40 -73 -99 82 41 -97 24 -96 -108 9 -56 -80 -44 -3 -13 83 -34 -30 -22 -97 -4 -89 124 -124 9 -58 99 -54 -74 15 119 -4 88 58 -108 -10 -69 -48 -23 -66 -32 66 52 96 -83 48 -120 37 -90 103 43 38 -127 -67 32 45 23 13 -39 35 47 -76 14 87 88 -50 126 -1 33 64 -44 -101 85 55 110 -109 88 -87 -117 42 -58 102 0 124 -114 -72 127 111 87 72 95 -31 -66 42 104 -11 110 -53 73 -9 -125 -17 -100 -21 6 -5 18 -31 126 102 85 -54 89 73 112 68 -88 -42 9 75 104 41 92
21 20 84 60 -12 -127 -34 93 88 26 -114 -23 -8 -122 -2 122 -50 5 -91 -18 113 24 -41 -74 22 11 107 -5 -120 30 38 74 -98 -108 85 -83 94 93 -70 -72 -33 -118 -124 -123 -121 99 -8 -46 -16 -71 -63 -102 -82 40 113 -71 123 108 119 -117 25 -70 -66 22 95 -15 58 -103 -6 9 -39 -109 -23 -84 -69 -21 53 36 -25 -15 38 10 30 -85 -106 -5 -118 76 -78 -75 109 -69 -29 -124 63 103 35 43 -22 -97 -123 11 -110 20 -71 -54 93 -105 63 -65 63 68 -41 58 -10 109 -45 -35 42 -81 -32 -10 -6 37 53 107 -77 49
73 112 -104 108 -56 80 86 86 -113 -43 56 -34 -105 -93 -66 -50 46 38 53 76 -78 63 78 89 63 -68 -118 21 -104 -44 -74 60 67 92 30 73 61 72 -78 105 46 -46 -94 -56 -44 94 -66 58 80 -45 68 -21 -127 -57 105 49 76 -49 -103 -87 90 123 -84 2 -44 115 15 15 -43 102 -15 85 -17 -47 75 47 -63 34 -98 59 -20 8 -78 125 16 112 36 -75 -121 -19 -88 48 35 -5 -40 29 -63 74 62 -71 -97 20 81 73 -118 120 -81 20 -33 8 112 50 -33 -75 -106 -13 100 -31 -29 23 -112 79 26 22 -15 57 19 -24
5 -124 -80 100 108 -43 -81 79 -3 74 65 -18 -70 3 103 -30 -81 -24 -41 37 -82 27 -65 -67 -88 24 -65 28 -48 38 44 105 29 108 86 -32 13 -92 104 41 -20 -39 45 11 -78 -49 -18 -99 -1 -60 111 3 -45 -122 83 -54 122 0 -32 63 38 6 62 0 69 -25 -94 -24 72 -107 108 -51 29 12 -128 -109 -123 55 79 98 90 92 -103 -35 -60 -119 -31 2 50 95 -105 60 -72 -28 99 -69 1 -7 58 -97 22 -88 76 -42 -10 120 -25 -60 -108 -101 -81 -118 -11 -36 -26 42 -100 1 45 -31 -86 120 -50 25 9 15 -60 72
101 -69 85 8 1 10 19 59 -57 114 110 123 -105 13 -74 98 64 -20 -61 -45 -25 48 -13 103 43 57 -89 121 17 -62 -82 -77 -101 -20 3 -110 -122 91 -64 63 5 -22 52 28 116 101 -118 -25 41 -62 53 -98 55 91 -113 57 -24 92 100 -48 104 -111 -43 -98 87 -105 3 9 -89 34 -12 71 -122 -109 78 52 117 83 78 99 -102 25 -124 -21 -53 0 60 13 0 73 -71 -61 55 -101 -114 -24 -62 -104 4 -101 -28 -127 -94 36 -85 -115 -80 60 -26 30 -111 -67 -111 -56 77 96 116 1 40 -112 -126 125 -127 -21 19 -27 -83 -55
92 -81 -93 -3 -85 -97 -94 -127 -98 -44 99 89 121 65 103 49 -7 -90 -101 22 72 75 18 -21 119 45 118 -115 115 -120 -59 -12 64 -127 -81 106 -71 -61 -79 -68 -21 -22 98 122 -121 33 -100 -115 29 18 -110 -92 -56 58 -69 -45 -4 1 11 37 -54 -124 64 -97 -8 21 -121 -70 24 -2 33 45 88 53 77 9 123 -7 -87 -29 -102 -79 -41 -128 -46 120 116 87 -101 -113 52 -24 -119 -7 27 11 74 77 14 7 38 -119 -121 73 -35 -62 -85 -70 -32 4 22 67 61 -86 -44 40 -1 58 -96 65 -112 -41 122 -34 -127 -75 -5 101
125 107 -23 27 122 62 -119 34 63 -119 -109 -122 -80 -38 33 119 -120 1 -66 -105 65 -31 -6 92 -96 106 55 -59 56 -23 -1 10 -54 12 72 -6 -7 -65 77 103 18 -7 37 -17 54 90 -5 50 -91 -6 -87 110 -69 23 -17 -46 105 104 -61 -13 -26 67 111 98 -107 104 -81 -117 -83 82 -87 15 -9 -100 105 45 75 -55 -106 -100 117 -2 -112 90 97 -54 -108 -11 -63 67 106 98 56 -83 103 62 89 83 -69 -88 -20 -2 -97 -42 -20 22 0 61 18 -4 96 72 1 -102 -6 17 -33 56 80 26 97 59 -36 120 -82 -103 -113 -8
37 -51 -75 -52 66 -108 34 51 -12 -95 -73 23 -2 60 31 -67 92 7 -65 -36 -53 74 31 -25 102 89 -71 95 -83 64 -5 109 83 60 26 -73 72 20 93 -62 -64 -5 -118 -86 14 -58 63 -9 -92 -38 114 41 -65 46 -65 -22 -115 -69 50 -43 -46 -73 -88 11 116 -121 -62 -69 -118 -40 -122 -14 88 -121 -37 47 60 21 -76 -113 19 39 107 43 0 114 -117 -63 -88 -106 -111 -50 -101 15 -91 46 8 36 -22 -47 74 123 106 -4 101 -120 5 -30 -9 -72 -18 -101 -15 -108 117 51 -37 -6 -101 30 99 -84 -122 -4 -37 -61 38 -59
63 47 112 124 -49 4 -114 33 -64 -42 -19 58 -124 114 114 46 89 45 -40 109 -11 -30 -6 74 51 40 21 -82 -5 96 -56 -98 -93 63 -116 120 103 114 -56 89 21 -54 98 -55 -102 93 -113 27 -41 109 95 -1 -85 127 62 -107 5 76 -56 -28 -39 -128 68 -24 -112 -14 113 38 -65 -97 -113 0 -36 -98 -22 -57 -88 -63 72 112 117 76 19 -82 14 60 -103 -11 126 28 82 124 -63 -65 -7 -31 13 84 -102 -83 52 5 117 -2 107 -23 56 81 127 69 10 33 29 -83 -15 -28 56 -85 -59 126 -87 -75 -61 107 25 -97 -13 116
11 -76 -60 -42 -123 -77 -64 -86 77 9 124 -120 -104 -77 -38 102 -112 54 -63 -27 67 -78 12 90 88 -113 -56 -63 -124 -81 78 -2 113 33 -67 -88 -50 6 19 112 36 -120 93 -76 125 -42 60 92 53 -12 7 -96 88 124 73 -93 -114 -62 5 115 -8 -110 -57 91 11 -93 -51 4 42 0 -31 45 12 -14 -59 24 37 -15 -9 5 -72 -34 -11 -52 -28 84 113 -75 117 -39 62 17 31 -52 32 -23 6 -29 -24 -69 -35 42 95 -114 -100 24 -25 -33 8 -120 -115 -32 91 52 102 80 -92 54 45 -93 127 -28 78 95 127 2 9 -128
44 -19 46 111 3 -73 -32 -104 -38 46 -47 -29 -111 31 100 -18 -39 55 17 -1 115 -16 77 -91 -83 -114 -52 56 37 -95 -1 -53 85 0 43 -31 37 118 89 97 65 -55 126 -69 98 -57 8 -5 -112 -76 65 26 122 56 56 50 -104 -107 78 96 36 -23 17 67 67 61 -54 -43 -98 -45 -123 -105 119 83 0 127 -122 14 -31 -77 127 -9 87 14 78 122 -108 -118 -31 62 -34 102 -10 17 119 -31 -92 82 -56 -96 50 -68 34 -72 61 -62 79 67 -97 35 -78 -107 120 -24 -17 20 73 126 7 117 49 27 122 97 -109 5 -74 -65
-119 88 -5 -67 84 79 114 -124 -123 66 42 85 27 30 10 -45 31 109 39 -31 -17 14 36 -81 126 -4 -108 -69 -51 73 118 -79 52 -90 -125 -85 112 -25 -17 -92 -5 -36 27 16 103 29 -74 43 99 -17 -102 107 119 -98 -27 -23 90 -61 71 -14 31 -72 -60 -25 -103 -70 54 -51 -114 -84 -59 -105 -24 -4 125 -64 41 -40 106 127 -64 25 -122 -80 111 103 -77 -120 45 62 -101 -59 -18 104 -69 115 81 84 120 -36 -27 79 -103 33 -83 -118 67 -25 68 -26 -83 94 88 -108 -12 -36 -46 -46 13 -114 -69 58 74 -39 -113 98 -68 20
-63 75 72 -19 -31 110 -35 28 104 -86 -122 -105 -109 -4 41 -93 -52 -25 -105 64 3 -49 111 4 36 -103 -103 -10 49 -97 53 -117 -26 -61 89 48 -13 -58 -104 -125 44 66 9 -12 -109 70 -44 8 88 -110 20 103 -115 16 122 74 35 -68 -81 6 40 -122 36 -117 73 40 -16 -113 108 32 103 -116 -57 126 77 -22 -80 12 -34 -41 -49 -20 119 -121 91 -10 67 6 -111 54 104 125 -34 -126 -127 89 72 31 109 -86 88 -85 -7 124 -32 109 115 -100 -69 -103 -89 87 47 49 -85 40 -85 46 101 -91 -115 96 -22 -48 64 8 47 29
41 -22 -7 46 98 49 -4 -125 -119 -122 -16 74 -39 24 18 84 -12 -125 98 86 -106 79 -7 -20 102 -40 11 -90 -49 60 112 -128 -72 57 -124 -48 -75 7 106 -8 27 -128 -13 -24 55 33 -9 64 45 106 107 100 2 125 -3 95 -30 99 120 51 -69 -16 66 39 -26 44 55 68 -86 60 99 59 22 55 2 -26 -59 97 47 -96 -10 -65 42 89 47 -103 33 24 7 103 -49 -2 3 34 91 35 21 -127 0 -38 -99 -117 -5 -26 116 72 90 38 -59 17 18 -78 39 73 12 -20 -45 15 -127 28 -90 84 -105 115 11 40 -44 108
75 24 76 -87 -58 97 123 2 -16 114 -32 -50 62 47 127 36 -78 -49 -14 -50 54 -71 -93 -39 67 5 -34 -1 -65 -69 -98 1 -25 -37 -63 -82 -96 -36 30 109 60 -26 52 71 116 -110 -120 -91 -90 -47 -28 117 -99 108 -18 96 62 100 21 -63 -84 76 25 90 -112 -26 -3 -51 58 -121 -9 62 39 -125 96 -68 -4 119 103 -12 30 -39 14 50 -38 41 -53 -31 -52 114 27 86 -102 29 67 -99 59 60 -46 44 -76 126 106 24 -63 69 -74 29 -103 -29 -60 -50 31 32 -57 -112 -67 -122 -69 -121 49 -104 -78 16 -85 98 -3 99
52 -98 25 11 90 26 -92 -40 -102 74 42 83 35 -87 106 -22 -111 116 -119 -24 -90 116 -105 56 -103 46 -118 72 -116 -38 -121 -119 -49 76 -74 -81 -36 99 108 -109 112 111 55 -3 -54 66 -11 23 59 107 -82 -28 -92 101 93 -87 52 -126 104 -86 53 31 95 120 35 -51 -20 18 -32 -12 -75 110 59 -36 72 31 26 -84 -90 -121 -44 -93 64 -125 -87 39 63 10 18 104 106 96 -71 81 83 66 -80 -112 15 9 68 -65 -1 97 -71 -69 -89 -2 9 33 -54 34 -34 93 13 108 -7 -30 29 -120 -12 17 -88 -106 36 90 -25 4
6 75 -32 55 -83 67 -81 59 113 71 -43 24 -72 57 -111 106 3 -73 44 126 -66 61 0 -53 -12 -39 54 -24 -89 32 115 65 29 -90 -26 49 9 -14 -113 -114 97 58 102 -96 96 37 127 86 -61 -106 20 51 -78 15 -108 107 93 43 95 1 -16 -17 42 -17 105 -70 19 -27 6 105 -20 -12 -95 -88 -79 -78 99 26 103 -67 5 -7 104 -89 75 13 43 76 58 28 -122 -57 -55 -4 88 16 0 -32 -78 -97 -22 -81 79 118 -89 101 73 -19 -71 -86 -36 69 88 99 25 -48 20 -23 -96 122 37 -92 -47 38 -92 10 83 53
-87 -92 40 -33 -89 -16 -48 -9 91 107 14 -15 -43 -59 -15 -63 -111 -104 -95 51 -67 -113 38 42 98 -93 46 62 -106 24 -28 95 -14 16 -125 56 -37 -117 -47 105 -125 -31 -7 -58 -118 44 -38 99 50 127 -19 -81 -109 -116 -105 -128 -77 -38 47 4 46 -110 -91 29 43 -124 -23 119 -15 119 -97 -45 120 17 115 -47 -76 -119 39 6 15 -20 -57 19 -40 94 -41 6 6 -108 -36 127 -81 -117 -90 69 22 52 45 91 -46 52 -45 -27 -47 -123 -81 115 5 4 -72 22 -103 42 63 -71 47 -87 -115 53 -71 2 16 -99 -17 -117 -82 -27
62 -41 -74 26 -103 103 -57 -103 114 -56 110 -95 31 -46 114 -105 4 76 114 -62 70 56 126 101 -19 26 102 86 45 -1 -77 -106 113 -118 27 -78 -78 -64 -30 -87 -20 -6 24 23 -46 -108 -126 -121 30 -41 -22 -95 122 103 70 -45 -114 57 121 41 -69 -9 1 41 -113 -38 48 -71 -46 -96 -88 90 35 -59 121 -49 -96 -90 114 -115 24 -106 118 91 21 -49 102 91 90 -102 22 45 -55 126 85 -102 -7 64 79 -57 -126 -25 86 98 27 34 51 -33 114 116 3 -37 105 7 -84 -44 37 -38 -66 13 36 -102 11 48 110 112 -65 -1
-93 127 11 -92 -77 53 -90 -109 -128 -69 1 25 113 3 -32 -78 62 107 -7 127 92 -42 75 106 -85 -59 36 -33 76 -126 -120 35 20 -88 77 33 -30 55 41 -87 -45 -41 111 -85 107 26 -18 -90 121 17 -85 22 -106 -111 -64 30 9 -101 -124 -10 -86 42 66 -122 21 12 -33 -115 -42 -80 -125 70 -32 -5 -104 -7 -28 -99 -84 -37 -118 -119 20 117 100 115 19 57 16 125 37 87 116 73 -92 3 -113 23 -33 -84 -80 -41 96 111 -80 -97 69 -78 94 -28 57 34 -126 -66 -48 -22 -111 -122 75 117 113 37 -60 11 -21 -123 -43 120
-105 -54 -23 -104 -76 -120 109 -91 25 -2 54 -46 -33 84 -98 -19 72 -113 57 69 55 -33 27 126 -47 66 25 109 -49 42 121 -41 -104 55 -79 77 69 -92 -92 23 79 84 94 -95 -52 -46 45 -48 -27 112 50 28 23 80 -98 -55 95 70 -13 25 -78 62 -86 -14 60 -79 2 24 -9 33 -109 -58 -128 -10 -93 120 39 -79 32 -9 -14 54 72 -35 2 -22 -96 35 -69 89 97 111 -81 -21 120 -46 22 105 119 -7 120 -68 -39 99 -21 26 15 89 -34 -92 -31 101 -32 -46 31 94 -20 62 -77 -53 10 73 78 73 -96 -121 -95 43
99 -25 -128 34 -123 78 84 70 34 70 127 -18 6 122 -1 18 -118 -92 125 -108 67 22 49 126 24 91 105 36 25 -73 -87 -43 29 -61 108 112 -92 -54 34 9 -58 104 47 0 -78 46 -5 77 109 -88 -110 -67 -26 -125 36 100 15 -72 -92 -127 -62 -10 -102 73 83 -102 104 78 -117 -93 49 97 66 -83 -89 65 -21 99 64 46 -13 43 -104 44 -34 -63 41 87 -64 26 83 5 -19 -54 44 76 62 117 50 -13 75 97 -98 -74 -25 -35 121 -101 -122 10 73 -94 -61 103 -119 -6 -109 -44 118 42 -61 14 117 120 36 -5 -39 -35
39 79 86 -29 56 -115 55 89 -57 -117 -17 63 24 -53 82 -15 -123 115 -62 -31 -23 -20 115 -15 125 6 39 -97 -31 24 1 -87 38 -2 87 48 67 -108 70 91 -54 -95 -96 -68 -128 101 -12 -36 -33 97 -87 46 92 99 -117 83 -44 -81 -85 -59 55 -102 -24 -112 21 -28 49 97 -37 -83 -7 1 6 21 -97 -88 93 -108 101 -92 56 -60 56 90 81 121 -98 51 -93 -28 -23 6 63 -12 -31 -126 -76 39 -101 29 -67 42 48 -98 -12 45 49 58 53 -58 85 37 75 -41 17 -114 -3 111 89 -120 -94 -8 45 -25 -115 -6 -41 -101
82 -87 -97 -93 20 120 -36 17 -65 3 -72 86 41 55 99 -6 -5 -48 -125 28 119 -48 79 -1 28 -36 104 109 17 -110 -48 71 90 -6 92 107 90 -11 127 -49 -15 -115 -20 -98 -49 -80 -25 41 27 13 20 -70 98 77 32 -32 -14 71 68 69 113 23 -63 56 -82 7 34 95 -77 -36 64 -97 115 88 -62 -114 -49 -59 85 -124 111 -75 -36 80 -71 -128 -91 -44 -48 -95 94 36 -23 -43 -25 -31 120 -120 -71 -92 -54 -39 14 103 60 -53 104 61 63 -13 74 -25 49 86 81 18 -55 -35 44 85 117 -123 -50 -72 4 39 27 6
71 -27 71 -89 67 -113 -44 36 2 -36 38 -115 2 -1 -87 -25 -123 35 34 -70 -123 89 92 -35 79 -36 -31 99 -69 -1 6 -122 -121 -26 46 115 -35 -32 72 97 28 94 -117 -28 -84 37 60 -74 13 -64 -124 69 -26 -80 -42 33 -66 -19 -100 -119 74 50 -64 26 93 123 44 85 32 67 -57 -55 18 -15 5 -53 41 -41 121 86 15 -79 70 124 50 15 22 115 113 -110 -22 -24 -19 -1 -110 7 19 2 12 87 -61 -8 -23 55 127 78 88 -56 90 22 112 -1 -50 -22 -27 38 49 -12 -126 -4 61 -30 -1 24 -110 -128 -64 -69
-58 66 -39 -47 17 -65 5 -62 12 19 -124 -47 -81 15 -38 -18 -12 -67 11 107 -97 83 -88 -61 -101 -82 70 -6 -19 -30 -79 82 109 -42 31 120 -65 3 -66 31 -11 57 -11 85 111 118 -97 56 -28 53 -111 -65 -97 -112 -103 8 -25 54 121 -89 -91 -32 -10 77 81 52 -123 -87 78 99 6 -69 89 54 -1 18 71 -38 41 87 -83 70 29 14 25 -121 91 -30 3 -17 91 77 18 127 64 -49 -121 -67 3 79 23 36 -65 -10 88 -75 -79 22 38 59 93 99 -5 43 22 -34 88 89 76 -32 -4 98 -47 125 125 82 26 -122
-97 -76 44 1 2 60 51 -61 67 -21 -111 20 -23 91 -57 51 -64 31 74 -7 -105 45 113 68 83 72 46 -97 -101 33 -26 -68 14 -108 -3 -76 -83 -97 -54 -1 29 50 127 69 -110 -125 -14 -8 -114 -27 19 -39 64 20 -6 -121 -112 105 20 109 -85 -116 14 -90 -19 78 35 78 41 -44 -112 125 -63 66 11 96 -59 98 -10 4 95 -62 -26 -20 109 -44 31 17 -23 -64 -115 -124 -12 -62 1 109 8 -17 67 -17 -95 -111 114 45 -23 -122 -53 108 -70 -87 -34 7 -2 88 -125 -30 -94 -65 114 64 -22 125 97 51 68 -71 124 -42
67 36 -93 -109 59 108 98 19 -18 29 -59 -73 -35 104 -12 108 121 -123 -114 2 11 -42 -99 3 44 -38 -92 65 8 117 -5 -44 -31 65 -85 54 44 -99 121 71 41 -43 -64 -92 -115 32 -11 12 -3 -27 80 -128 -52 -102 -26 56 -6 -32 102 -76 -92 28 126 -115 65 -109 -84 -87 122 81 -51 103 64 -123 12 -99 -1 -42 58 -111 5 -8 -55 -44 -102 3 -82 44 -63 -33 20 89 -38 -8 -94 -19 1 36 68 -29 20 52 -78 -112 15 -1 -104 87 89 10 -41 -115 21 -98 48 -14 56 -35 -79 -53 -43 123 -2 -72 99 104 44 59
50 -100 -16 -111 -60 -111 -62 56 55 -62 126 -74 19 85 8 25 -17 -96 -90 -13 -69 34 92 -34 -3 -40 21 -36 -76 -4 99 31 -118 -65 -34 33 -15 73 -95 -95 -11 92 45 31 96 9 -44 78 -50 107 -81 80 15 -97 20 100 -69 -94 83 -22 123 -31 66 85 106 -14 16 -46 -47 8 82 75 -13 -26 26 117 -98 -46 -10 78 -10 72 10 100 -24 84 -1 -105 26 -114 88 23 -92 109 110 115 76 -66 -51 -80 91 -100 13 -11 94 49 -101 20 -28 -60 126 -30 116 97 -127 105 -22 97 -26 54 20 -80 60 -14 114 122 64 -99
66 2 -100 93 95 14 77 -15 1 -22 -118 3 101 118 -90 -93 -8 -104 -110 -29 57 81 -94 30 77 92 21 92 13 -115 32 42 66 117 113 -25 23 -74 -113 46 -55 -116 -109 12 8 -21 -82 -22 -9 -128 78 117 117 -120 72 49 -31 -70 93 2 -117 106 78 62 -41 19 -94 -34 -9 6 -54 -29 -16 -28 -75 100 27 119 -2 -58 19 -90 -93 -68 -17 65 -43 -74 70 43 58 -110 64 -35 -71 100 111 -8 -17 122 -91 -114 -89 -94 -19 9 120 127 -46 -111 -70 115 -23 37 -35 -31 51 -108 -17 24 43 79 27 -80 92 108 47 34
117 -2 79 -18 117 -14 -2 -34 -15 -106 45 55 -118 108 -10 115 -68 122 -68 24 -105 -64 -116 -105 16 43 30 -47 -96 -41 8 22 90 -125 -63 -120 45 62 -125 106 5 -117 92 -104 37 46 53 32 93 -57 -83 25 41 73 12 -111 126 -83 81 -100 123 111 -90 42 94 63 -89 -20 -73 59 -87 93 112 -121 -113 -93 4 -16 125 47 -102 11 104 37 -49 47 -73 -78 10 -10 -103 85 -29 -71 70 21 49 -23 56 -14 -80 -86 -55 3 100 -52 75 103 119 49 -57 -45 -15 123 -114 -24 29 -24 -122 111 100 -17 -116 108 -82 109 -35 66
-128 97 34 25 -30 102 57 -36 -22 11 109 109 9 79 -1 59 -33 -125 28 -40 80 -44 -10 -93 -16 15 32 73 106 -41 9 -65 -94 -116 -58 -67 28 -6 14 -46 118 76 -95 -95 111 109 19 118 107 -25 -22 74 30 89 -11 -90 -93 79 110 19 -29 2 -37 42 23 -73 102 66 -95 28 78 98 89 -31 -99 -61 1 -117 59 -62 93 -68 13 121 -24 -117 -65 28 -91 89 94 -114 -48 76 -43 46 -20 107 58 -124 45 -35 -34 87 125 3 -54 31 66 84 -68 -22 115 1 -50 114 -112 -62 -64 -24 -32 -118 -109 -49 -100 1 61 -100
72 40 100 -37 -25 -28 -1 59 99 -115 48 -30 -1 -54 -72 95 5 14 23 -51 -128 -71 -78 22 -22 -41 -124 -116 116 68 -4 -26 89 -88 6 -48 117 -3 -122 92 118 -8 8 125 12 -25 -59 43 -103 48 -6 122 32 114 95 127 114 77 43 -91 -97 19 118 95 98 61 61 -20 -124 105 -109 23 -106 124 119 95 -50 -26 -84 39 -103 68 -60 -36 111 -97 -55 -127 -116 -128 -109 -28 35 -11 -4 113 69 -96 82 67 -32 27 66 -31 42 -55 79 -62 118 79 -51 -71 30 -116 106 99 11 -118 81 -104 -60 69 72 -81 96 -99 43 -93
