-104 117 50 -4 -71 -118 96 86 -47 -77 47 45 111 23 -116 -98
56 -50 -40 -2 18 -24 -66 -111 82 84 -108 46 52 107 -54 -125
-55 47 60 -91 -77 -10 -3 -57 -118 15 -25 49 -125 -70 63 -7
-77 69 -31 66 -8 -16 -65 48 17 -92 -6 116 35 47 63 42
56 122 -67 -75 48 58 -21 24 11 36 -123 43 -73 -42 -29 -69
-118 -59 121 -56 -72 66 74 -17 -1 73 -78 71 12 99 12 -112
-89 72 114 12 121 93 90 -46 -3 39 -59 -86 -54 124 -22 73
92 9 -86 -46 -108 -121 1 -76 43 74 90 98 -109 -79 -52 76
37 -63 -126 -98 123 18 125 -53 49 -85 100 -66 -113 91 -73 108
11 -11 -121 -106 -123 101 75 63 125 29 -7 -70 -95 -117 55 96
18 -65 46 -107 101 -26 23 -22 1 106 6 -23 107 -104 -12 -97
3 -60 -73 -54 -103 -113 31 94 93 118 -62 56 80 34 -114 27
-119 10 -110 101 115 -117 87 24 74 -82 -120 -59 -115 -49 -13 16
33 49 118 -101 -32 -14 -88 -60 -46 37 73 93 76 29 64 86
34 -72 -45 -102 125 -85 27 -62 99 -47 -128 -12 -75 -95 2 87
-4 121 -25 36 48 127 104 18 -77 34 68 -97 56 43 -4 -32
-4 -16 -34 72 -90 -71 -121 126 -31 -115 -75 22 -116 30 -35 -17
59 81 100 -63 -69 43 111 -6 15 81 127 58 -86 95 31 29
-49 9 -84 1 94 38 107 -109 110 -22 -97 -40 88 -77 72 75
21 116 86 83 -115 -112 108 -8 13 -105 -95 25 25 -34 86 116
49 -77 -36 -84 92 -56 -112 -11 110 118 19 -79 117 -123 64 108
56 70 121 -66 -84 -41 -75 29 -110 48 -6 -81 -19 92 76 -121
-81 -65 78 -35 53 39 66 -95 -87 21 -73 -122 90 -10 95 64
-47 40 123 -32 -3 92 62 -6 -102 -40 -107 79 -20 -25 86 84
-46 29 -72 54 -32 -6 -22 -88 -42 90 124 24 -63 3 108 -17
56 -57 -24 -57 -87 99 101 97 50 93 -97 11 -10 -124 123 123
69 28 -105 81 -83 -54 -78 7 -62 -72 -26 26 -26 7 -102 -16
85 -14 55 -85 -15 -120 -13 74 119 -121 87 -86 49 68 -62 -64
-43 72 -53 -72 109 0 -74 120 -101 -118 24 67 -123 -118 -104 -42
-6 87 -39 40 -80 -32 112 -34 -77 -102 80 113 -84 88 -18 88
-55 -95 38 -53 119 -61 80 66 42 51 68 22 124 78 99 2
9 -56 -105 -64 -66 -121 91 -83 45 80 -18 27 -26 121 24 -2
-24 -33 -64 117 91 -50 86 7 18 -89 -12 -68 -37 88 -64 115
-89 -3 -86 27 -89 89 -93 77 -12 30 75 71 -21 -65 -97 97
83 2 -34 -106 122 -44 -58 36 -59 -24 20 69 -128 -19 -111 29
30 120 -3 -48 -114 126 -3 2 -85 25 43 -42 -12 -50 -27 23
-69 110 40 -30 119 73 -105 35 121 -69 32 8 79 22 -92 64
-48 56 49 -102 -68 -16 35 -113 33 36 -119 -56 -59 -122 -21 -100
-69 -84 34 -9 124 80 -49 10 84 -77 -33 96 -124 -84 -99 22
-124 -47 97 103 33 -115 71 -71 -9 93 -31 71 -114 -3 -39 22
51 63 25 108 -12 72 -81 -112 -5 -65 85 47 121 91 -95 104
52 -89 6 28 124 29 -124 -32 13 -50 5 105 16 103 -126 21
64 -33 109 49 62 -97 -52 23 -54 59 -50 112 -24 -51 -53 -81
-128 105 -103 111 -107 10 -120 97 121 -68 -76 92 -47 -33 52 53
-66 9 36 -123 19 -83 46 -20 -27 -52 44 -52 109 49 63 126
-88 -44 -34 2 -8 2 -10 -43 22 18 45 25 45 71 6 97
107 -77 -5 56 118 -115 69 -79 -101 -13 -114 -79 -5 79 -48 -111
-102 87 -113 88 -99 42 93 90 95 54 50 -74 -114 64 -28 -78
-75 -17 -119 43 -6 84 120 108 -121 24 103 -60 65 -45 87 6
-61 117 47 -71 108 -112 -1 -116 75 114 16 -33 -57 -118 82 43
59 -13 -64 -127 76 60 68 -67 74 110 -20 61 31 121 -42 116
89 -99 -7 -36 91 -89 -65 21 86 -95 79 59 74 -38 -113 -33
-84 115 -75 -62 2 90 -40 -27 -21 -74 -18 77 -6 67 -21 -106
117 -41 27 -85 46 -7 127 120 44 81 115 6 97 -60 108 104
27 62 66 99 -70 -47 75 -48 66 106 -40 22 -48 -98 7 -108
48 98 90 -41 -12 -19 -57 6 72 113 -128 -76 123 57 -86 52
-28 -27 48 -42 -32 14 -84 -62 117 76 85 -3 -36 35 -106 17
-75 -3 50 -84 -119 -114 19 -48 -127 -10 -59 98 83 88 -110 26
7 -41 33 42 -29 8 127 -96 83 -119 76 -58 -7 -73 -38 -87
-108 -104 48 -60 -9 -54 116 -77 -56 21 79 -11 -19 87 -99 113
110 69 44 -34 83 -108 96 -87 76 -3 81 61 96 96 -114 48
-92 9 -105 119 5 15 34 114 9 -27 59 -127 -21 -69 10 90
-89 -80 -36 83 -19 16 48 54 109 -72 -69 -43 -68 -85 -98 2
-12 70 -83 -13 -72 -81 98 -56 -61 -100 -100 85 -112 4 -100 -20
