-106 -64 23 -23 -5 -69 -120 -79 80 -85 30 -4 95 51 38 -28
43 120 54 -78 -19 34 -125 -30 124 -89 83 54 69 113 -126 66
-6 -88 86 -7 24 -63 -128 127 -97 109 79 3 -80 95 -37 83
-104 -117 -69 -122 -26 -11 -39 -125 -64 18 -50 -109 -88 -17 -102 0
-31 -109 125 -88 65 8 17 -113 104 -127 -114 -122 86 116 6 -91
100 25 -61 -79 -91 43 -67 21 -26 -32 44 -56 6 -123 -49 83
77 -76 -124 107 -32 118 79 53 10 -73 -57 57 10 46 -60 102
-89 31 110 13 10 119 18 101 -85 -56 67 -116 90 -34 -35 -88
-70 116 93 -62 -32 -48 84 89 100 64 71 -82 88 14 53 44
35 57 87 60 -12 -9 -30 89 103 105 41 -53 24 -74 -23 -4
-16 78 -88 -29 -116 -98 -100 -53 45 56 86 -90 -50 51 -19 -21
-66 -33 124 119 -126 -3 6 52 44 -10 -63 -124 -76 7 3 -13
42 10 5 105 -123 74 90 -124 -55 60 110 -10 10 -81 -112 117
-99 -92 31 -91 -97 -85 -97 20 -123 116 106 -105 -50 0 -4 1
-115 36 55 -89 109 71 -120 -10 -83 38 -8 70 68 -55 78 -78
100 -79 -84 -75 61 -112 -115 115 -123 -26 121 -75 64 82 118 67
-122 -81 107 36 54 -106 -98 -92 -108 16 98 -95 7 -36 -95 -73
-104 -77 -68 -123 69 -36 17 93 1 -124 75 -80 -102 -99 15 83
-50 45 -9 116 76 -98 122 -118 -74 -86 1 74 -56 125 49 -79
88 -119 101 7 -100 76 -58 123 -123 -124 47 100 -91 60 -101 80
116 -17 -114 86 125 20 -75 -27 53 71 3 89 94 -83 50 126
76 70 -124 -19 55 29 59 28 -32 65 47 127 57 13 -57 -53
28 -52 -13 75 -21 75 38 12 -44 -62 -71 -76 -107 -67 -55 -37
-53 21 89 78 -94 12 -31 39 2 -61 122 2 -38 -63 27 90
103 65 -32 -51 -125 108 -122 -120 -3 -96 -54 39 -67 -14 -88 -50
16 -107 -79 -57 71 -66 -72 16 113 -69 -90 89 52 25 110 -31
-73 32 -21 -120 -2 -17 79 107 117 -1 -115 -6 34 -65 124 -22
-111 24 -28 -108 73 49 41 -107 92 -71 -72 81 26 123 -23 64
94 65 65 50 54 -48 -73 100 -50 83 -20 110 127 87 -15 27
-91 58 68 36 103 -120 -27 83 -104 34 -64 -55 -117 59 -17 -126
103 -67 -119 -118 48 72 69 76 -44 113 -89 -104 15 111 104 96
52 -18 -10 -36 -12 -47 -87 -92 72 -52 119 -64 -11 -123 44 46
106 75 -80 -2 -28 95 -47 -26 -52 -80 120 -68 76 -92 73 -31
89 -111 -32 45 67 -74 -20 -51 66 -18 98 -7 -105 22 118 21
-73 74 44 -78 99 79 35 -116 -25 4 97 -48 -65 74 -47 67
-78 -51 -82 -61 -85 -107 -47 103 -107 101 80 22 25 38 -65 -41
-35 115 -73 110 33 34 -13 106 -123 -64 -4 13 -75 -48 17 -72
0 -31 -54 -100 48 -95 -106 -39 75 0 -11 72 -89 56 -40 112
90 108 78 88 -78 5 64 51 -9 56 -81 -1 -60 -46 -85 -125
-120 82 -97 -10 67 -79 -38 -75 113 -118 -55 32 -108 -1 -53 44
-30 -97 45 0 -43 97 -40 -10 -82 -34 18 44 105 -50 -5 77
121 108 115 -46 81 94 73 21 48 -12 -37 -80 -2 -127 -36 25
33 -30 32 -6 104 -104 -47 77 -122 -122 -104 -96 38 -56 -70 -117
-63 -49 68 -95 67 -43 -70 124 38 8 13 51 30 123 125 -38
-33 31 -81 73 41 115 -14 116 -103 101 0 -30 -109 -58 112 9
88 21 28 106 -40 36 113 -91 33 -113 -4 97 7 -55 46 -102
68 -127 107 40 24 3 -5 77 -73 -7 -105 -50 -24 62 37 25
89 88 64 -46 24 62 -71 68 -42 -124 -97 121 -35 77 -86 56
62 31 -7 -9 11 -28 12 -72 -93 -20 -120 100 61 53 120 -8
118 -21 -72 98 23 -25 31 78 7 -117 40 -26 -64 -16 -24 59
-60 -66 -84 13 91 -10 -100 -94 79 61 25 3 -95 -104 103 -103
-111 -35 6 44 -96 47 90 -77 38 -39 84 -13 -126 -78 55 -78
-66 -101 48 -68 71 74 -57 -71 -104 -48 -49 -91 20 -42 -118 77
-91 -75 -106 43 99 23 -57 -86 42 90 18 -105 -103 36 -56 72
110 29 39 -112 17 -128 -113 44 -112 -37 115 53 70 -124 -61 63
-8 -68 111 110 -23 41 4 110 63 -84 0 98 55 36 30 45
6 72 37 -102 -69 -47 -46 -12 108 56 -33 14 -118 -9 -65 57
114 16 64 123 -54 48 -102 -30 -73 6 -83 45 93 56 107 81
-38 112 -24 -87 -44 28 -6 -32 37 -86 -102 108 -87 -13 -37 -2
-121 24 -121 8 95 32 126 -51 -107 73 -38 5 -22 10 33 55
79 -54 -22 34 42 -28 122 61 -90 65 87 -15 102 -84 -5 -63
-17 -3 82 73 73 -26 73 45 38 97 100 105 84 33 -95 23
107 -123 72 -53 85 -70 -43 61 -44 70 10 94 -114 -22 104 -87
76 120 -125 107 65 69 -44 52 19 -74 26 51 38 101 -61 -11
