48 60 -19 -65 -92 -59 29 -75 125 93 97 38 -68 25 -76 109
-42 -87 -19 116 64 -41 52 -106 23 -64 -114 -38 -30 78 -103 122
-44 -31 74 -51 48 -78 88 -78 -28 -5 -49 100 95 75 -18 -92
-75 -119 48 70 -126 42 -54 -52 -71 56 -51 -98 44 -96 -74 71
-80 24 117 53 21 -4 106 -36 -37 -66 72 2 -23 -57 118 -88
67 89 -51 -2 -77 101 117 83 0 -30 28 60 -12 17 8 14
99 101 10 -42 -15 39 -38 -65 112 80 24 -25 87 -3 -128 -68
10 30 28 125 43 4 95 -16 22 35 79 84 -78 120 -11 77
-14 58 123 80 -116 -35 110 -4 69 20 -16 87 -63 100 82 40
46 -41 -63 75 10 -23 -118 123 94 -128 121 0 49 -39 -38 59
-23 19 81 -9 62 88 72 -22 69 56 119 123 -17 -107 -51 -35
72 116 43 88 47 71 111 41 0 -85 48 -11 -86 -105 -46 -13
5 -30 -119 40 -81 45 -67 -8 99 2 -110 -4 -96 -22 36 105
101 -39 7 101 76 -41 120 -90 -52 -2 -8 124 54 39 29 108
127 -21 -79 -72 21 -85 45 -2 -30 55 73 126 95 -74 59 112
34 -117 -100 72 113 113 84 -48 -104 34 36 62 -102 74 -117 76
-63 -99 -99 84 43 114 126 -78 65 -47 -10 53 69 43 99 -106
40 34 32 24 0 -106 -78 -24 0 -98 -12 -63 107 32 70 -89
-20 -60 30 -48 -67 -28 -62 -64 98 -35 103 61 -70 43 127 -26
91 -78 -55 75 -52 -13 -64 -119 -28 -75 117 86 -67 -14 -31 -9
-95 -122 115 25 35 38 124 -18 -40 3 -46 67 -100 -8 85 73
24 82 75 115 -87 -52 -101 -23 66 42 21 84 -104 24 92 49
73 82 35 -89 -55 0 75 -11 -39 48 -109 14 80 97 57 -13
-67 75 -6 7 5 -46 -9 6 43 58 55 9 -33 -19 70 51
-39 -25 -102 124 -66 -88 56 94 -56 6 107 -59 -89 22 26 104
-63 9 -54 -65 -84 68 79 -14 -74 -35 18 96 40 -23 58 -122
32 101 61 -31 82 47 54 -89 15 -80 85 24 78 21 -1 -112
-80 105 -5 -109 60 9 26 -76 -65 12 -10 68 59 -124 -11 -100
108 -121 -86 98 82 63 -115 108 -110 -111 -57 105 -92 -87 78 -27
113 3 -34 40 120 103 -61 -5 73 99 -64 35 -58 54 97 101
-106 -124 -45 25 -37 108 -67 -76 -103 -91 126 54 -108 122 -40 83
-95 30 41 77 -85 -54 5 -20 -100 -30 -70 -13 5 55 -97 -101
78 19 -51 -6 92 -88 -82 10 26 49 14 65 88 48 127 -91
13 -112 4 50 9 -3 73 58 -21 -110 47 38 116 50 -101 -123
-83 -30 -83 2 55 -43 -93 35 -78 -46 -119 -99 106 -41 42 56
19 21 95 0 59 -114 44 -105 -35 69 -58 -57 -83 -15 11 60
-99 -106 -123 -103 80 75 -79 -127 79 126 -118 -1 -95 15 10 -6
-14 -13 -14 -89 -14 -113 -77 -107 18 73 121 17 -57 -85 76 37
14 58 29 -87 -115 86 -41 14 -99 88 115 -5 78 4 -87 56
46 -14 40 92 -105 20 112 -90 -77 -33 -89 27 85 -91 10 95
41 -66 -76 -109 -40 84 -87 117 -75 -101 -67 -23 -72 76 -52 127
78 60 -29 62 34 -20 -42 93 -42 -68 -30 30 42 -24 -113 98
71 127 126 100 -104 -11 17 -51 -117 -45 42 -60 -60 -82 78 -53
-29 103 7 -9 -7 75 -60 104 40 63 42 -4 61 101 -27 114
46 98 -83 -111 87 122 25 -121 115 -65 -42 -5 -84 -128 -49 -63
66 56 91 -44 75 54 -42 -62 -51 5 -39 87 -49 -84 40 -103
-76 50 12 46 -49 -116 -49 -33 77 -67 -17 118 -67 13 -67 -100
-6 -126 86 -32 -79 6 43 41 23 75 -128 -39 -15 20 -67 -89
121 12 52 -35 110 41 -10 108 74 63 -103 17 -45 -30 8 -86
-83 -66 78 109 2 112 -46 20 -35 -126 -112 61 -121 81 45 -37
7 3 78 86 -114 124 104 -86 81 -32 8 31 51 35 -76 -93
-56 -118 58 -11 -96 -113 126 101 42 35 -113 -19 -9 -20 107 20
97 43 12 47 32 127 -96 -80 53 84 60 1 -68 32 -32 -10
-19 70 106 121 -93 -20 -79 12 69 -24 -8 -9 -123 -1 87 23
49 64 -109 115 110 100 18 -15 -110 -58 58 0 -70 45 -58 113
104 -14 14 -29 -62 -127 -75 75 87 8 -67 -115 -36 99 82 -91
-24 -54 84 -76 -107 94 -17 43 91 -55 -86 -41 26 10 -121 -15
-46 -122 -50 125 12 -104 -48 -77 85 47 -46 87 -36 -22 -55 86
12 -115 -64 90 80 54 -55 20 105 -106 100 -116 14 -33 5 12
-70 -127 113 -8 15 -8 -51 -92 99 -108 -11 -60 122 46 -58 -26
8 53 -8 78 95 107 126 72 70 -81 98 34 72 115 -25 -72
-23 -96 -4 66 18 -38 -85 -107 39 116 -44 -8 95 70 -15 89
68 -31 -47 11 -99 40 40 67 -66 108 -103 64 -88 -106 98 64
-120 18 75 122 13 -47 -118 -11 20 21 -34 13 -56 -37 49 11
