37 -111 85 38 -93 -48 105 -47 32 -106 26 -34 -96 -16 115 -120
-113 99 107 -16 58 -92 70 -13 -9 -69 -100 47 120 24 -82 -108
49 -57 36 64 -126 -41 7 12 -51 -55 -40 80 95 -118 61 -75
-120 28 85 -95 -90 -6 24 6 -63 0 91 -4 -121 100 -106 83
34 -108 -52 -103 122 -72 -17 -81 23 -99 -110 -104 87 61 -19 -2
-113 95 5 69 -17 4 -74 -55 -86 -12 91 85 3 22 97 -101
-71 -125 -50 108 -47 23 29 -27 -86 104 35 41 89 3 -31 -122
-7 26 53 126 68 -118 82 -36 23 107 -117 -112 88 27 9 41
24 -60 6 -7 62 41 -118 86 -33 78 85 -32 -32 43 -104 -103
-40 11 2 -31 -82 -90 -15 35 -126 23 76 96 27 -36 25 -16
-54 57 -91 -17 -34 -82 48 -120 82 -35 -29 99 10 83 108 116
-79 -50 -122 -58 -117 71 -103 -119 -114 -53 125 -126 -119 -62 -106 67
91 -111 -126 -100 -6 69 90 117 4 -113 -46 -82 114 -53 63 126
-48 127 106 -65 71 -72 75 73 60 80 106 109 107 -23 47 51
-4 -77 -101 -31 33 -43 -59 62 5 8 17 -76 -78 -119 -59 -62
-44 31 10 2 19 126 12 0 -59 -126 -104 -74 21 -95 118 -36
20 24 112 -43 -40 66 95 3 6 -23 -52 58 27 110 66 -119
-104 68 -127 111 66 16 -29 -69 -36 -66 25 29 -79 -33 -80 -6
14 -93 90 92 -60 107 -24 62 6 67 -12 105 11 126 -70 8
-106 41 72 54 64 51 89 -118 107 -125 -84 86 119 40 -103 -37
74 75 37 29 -99 84 -70 17 -42 -106 -85 39 -13 7 -12 -109
104 -98 99 83 36 109 -79 -83 83 -117 -27 -8 73 124 84 37
-46 72 115 119 107 27 -60 6 -81 72 65 -10 119 122 39 63
92 -58 6 -6 86 -102 -28 98 111 126 -24 60 105 69 -112 86
-102 -124 -18 105 65 -31 96 123 -126 -52 -57 -12 58 -65 -33 -43
-23 37 123 -11 -43 5 5 -30 -5 17 119 -28 79 -110 -65 -122
87 -57 127 84 -125 98 125 -81 -36 -80 76 -68 -59 122 2 -108
27 -86 -1 -42 -14 52 77 45 -92 14 -58 32 58 107 -100 61
92 -9 4 64 6 84 91 35 33 100 -115 -47 12 -31 36 0
-98 -89 -22 56 -24 21 83 30 -23 -2 31 -58 -128 -76 99 64
115 -57 -17 -91 14 36 91 7 110 31 -30 -53 40 66 -68 -120
2 88 102 75 119 -41 94 66 71 75 14 12 71 -58 -56 10
-56 115 -7 126 -121 -75 5 122 68 81 48 -24 -109 107 -94 76
126 -46 -90 -47 107 -45 -94 -35 -51 72 -11 -82 -70 -99 80 -118
72 96 -23 36 43 113 -121 108 100 53 30 3 -114 -66 -124 51
-10 -27 51 12 73 -33 -47 18 -102 -45 -100 -51 46 18 107 -4
30 -13 -41 13 120 63 -119 61 -15 -116 -116 -10 -56 91 68 -85
61 -57 15 -21 -109 114 -124 57 103 -109 -127 37 -81 -12 -14 126
25 113 -127 -46 -97 -81 -49 -6 -106 102 -62 11 58 -122 27 2
124 -92 73 -84 12 -3 13 -118 66 -16 113 94 -69 19 32 48
-57 -3 -45 83 -119 -89 83 -108 23 42 49 -123 2 -6 -19 -63
-125 -19 -71 -125 -19 -25 120 -4 32 -120 -15 -63 123 22 18 -71
85 -91 -78 -122 -78 34 121 -42 -57 -107 -86 -122 6 -72 -45 22
-118 -80 2 -10 116 -65 99 37 -54 -88 57 115 23 41 -39 117
17 85 114 103 -99 -124 71 98 -40 8 -121 7 -14 27 51 83
-88 93 -112 -112 -65 104 -13 -114 35 -96 -24 40 116 70 43 82
-91 -113 -126 9 -14 -48 42 124 87 118 -34 125 43 115 25 69
-90 86 -79 -19 -86 67 -114 -53 -108 31 -121 106 -67 -53 14 -104
-117 75 -16 107 12 -115 111 -56 71 15 -109 14 -73 -116 12 1
-28 -88 33 71 -84 83 -113 -35 24 9 -87 115 32 102 117 -108
116 81 85 -2 94 -7 -71 28 -124 52 116 -37 127 40 43 47
-27 -59 -80 -38 50 60 -67 22 63 120 -82 -68 -119 57 118 -11
-94 -62 122 91 34 86 -84 -32 -32 46 -4 126 12 -119 107 -11
-116 -101 77 -77 -53 102 -7 -8 17 78 -11 56 -20 -72 5 -4
55 28 -102 49 40 -55 1 10 37 -89 -96 102 23 -25 -52 -86
-80 -92 4 -55 -37 -68 122 39 70 45 92 -28 -105 -63 -123 -25
-37 -66 108 29 4 -55 -111 -79 14 -102 23 -84 -93 -96 7 95
8 -15 91 35 -56 74 27 23 110 119 -39 22 -121 5 77 78
125 -85 110 -37 65 113 -58 112 -102 -28 7 25 -127 -111 -79 -42
-39 72 -72 96 -92 -1 118 3 -57 -115 114 66 -79 29 -2 -78
20 -11 81 93 -75 -28 -31 9 -34 10 37 122 -110 36 105 -19
-101 32 -80 -73 -11 -65 -105 -72 44 -76 -100 -41 16 -34 1 53
1 111 16 41 2 112 11 13 68 -5 100 -1 -122 -9 -105 -25
45 -68 103 -119 61 -75 -21 89 86 47 -50 -125 -126 4 100 36
