-45 26 62 105 41 64 -111 121 -16 -100 -27 80 -67 -85 68 -9
86 -5 -38 57 25 -125 76 34 -46 106 14 53 -62 -109 -81 -102
19 -64 -82 90 40 79 124 -30 -62 -20 -55 89 -126 -42 46 85
9 -90 -67 90 -75 -5 31 -36 -38 -108 66 -94 68 -78 -127 -64
80 -115 122 125 75 45 -83 -59 45 -100 -52 49 -70 -99 6 -49
39 89 -117 4 110 -11 36 59 -68 100 6 21 60 -121 110 18
96 14 44 78 -18 -57 -60 95 13 32 -72 67 -13 32 -64 -3
30 89 -124 -57 -34 5 -33 52 -9 -126 -40 -35 -10 63 73 1
-77 -3 21 -57 53 -65 -48 2 82 120 -1 -18 -63 74 30 -62
-115 -14 -103 -28 -126 -3 -12 32 89 85 109 101 22 83 124 18
-13 114 -26 -101 -77 -2 45 90 81 88 -50 -120 15 108 -106 57
-34 -120 105 116 34 108 50 46 92 72 121 65 -45 -48 -57 -13
-106 14 101 -106 89 73 -70 24 -90 17 123 -5 -90 127 101 86
-70 -10 -80 112 -46 -107 -14 69 -79 -31 -55 17 -55 -100 67 38
-9 -10 41 59 44 -115 -18 45 29 117 126 107 -105 38 -72 -128
20 23 57 58 -59 -85 -80 38 -97 -126 -87 113 72 41 11 55
45 -128 51 110 21 13 57 -65 115 115 -3 -7 -88 -116 121 110
80 -44 37 83 45 82 -109 117 -91 10 -67 -2 102 83 103 105
-61 55 -71 -103 57 23 -47 98 -72 -88 47 -108 -45 74 -40 4
-76 -101 -24 89 -62 -1 73 126 6 -29 -5 -32 85 -8 60 -81
-7 69 118 -76 52 127 27 74 -30 -63 10 -107 45 -41 48 17
62 -77 24 -77 -56 -27 -107 117 36 -105 -115 63 -79 -106 50 99
-75 22 11 5 -95 71 -84 -83 -10 -23 -96 -19 25 97 30 119
-119 91 -128 72 -8 87 -91 -8 82 27 26 87 59 -7 127 -22
-114 100 -71 -83 108 -4 -83 57 84 32 71 93 -8 -68 81 61
114 30 -1 78 60 32 55 90 48 -57 34 10 44 -13 -106 -34
84 26 -106 78 72 7 -124 -81 6 -3 37 -88 68 44 -3 75
24 10 62 -36 -116 -104 -117 20 -100 121 -15 -69 -31 -75 127 73
-103 77 -103 -23 -121 23 56 -86 -105 10 91 -124 3 -56 -49 66
-85 98 -4 70 -100 -41 -5 126 47 86 -22 -119 46 -104 -116 -71
76 38 33 110 -61 -27 92 3 -27 28 71 -92 -104 40 103 56
-33 33 120 -31 -72 -26 21 9 75 -94 -62 97 -6 121 -73 89
37 -123 -19 21 -33 108 -28 88 4 52 18 -12 33 -96 114 -51
110 -36 63 73 -98 31 97 78 -117 62 58 -115 -112 -27 -4 18
-86 33 125 121 -51 17 55 34 -120 -104 -14 -52 -119 -38 -62 -30
-25 100 -46 80 -12 24 -17 113 23 20 -100 -120 27 -101 85 27
-56 73 -11 -27 -68 -121 -59 -44 68 114 -112 90 18 21 35 -21
23 27 6 -61 91 -56 -95 -38 95 28 60 72 -112 -69 -36 117
67 87 83 82 39 -75 36 -94 -17 -95 61 -55 115 -47 -101 -57
-75 -103 -52 -5 -92 20 52 95 52 77 38 13 34 24 -62 -29
57 -27 -53 55 124 -18 46 43 -59 77 -93 -11 11 43 1 67
56 -52 102 -75 -120 27 91 -80 -96 -23 -116 41 -90 1 17 107
111 -42 -63 -107 -14 15 -20 -21 124 74 -11 -20 -14 -59 -61 -127
46 93 -78 -48 -38 -94 77 -109 -83 110 -110 -24 -66 102 32 -79
-106 110 96 -63 -22 41 -94 -113 115 -20 -98 -38 13 58 73 74
-53 45 -98 126 -75 95 121 62 95 16 -17 52 -123 -33 -100 -58
23 118 -7 42 63 106 -111 74 125 -126 -45 25 -102 89 76 4
103 -76 86 -43 -21 -7 -38 109 -14 -100 30 -11 -52 14 -57 -57
-69 -86 124 -51 -27 21 -120 -112 -97 62 23 -67 -38 36 -87 80
76 -34 90 -43 -31 31 -19 26 -123 127 86 97 80 32 127 88
52 -50 51 -20 -106 -107 65 -72 89 -124 -87 33 -121 94 -98 -77
-59 32 -81 13 -79 -19 8 -70 78 95 76 24 -121 -72 -39 -7
-93 65 -100 45 -34 11 -55 -46 -71 113 29 13 51 74 -56 -66
-127 33 98 -119 90 38 117 123 64 -128 -56 125 96 -94 -81 44
76 91 95 88 -54 -120 14 -125 107 -32 7 -115 -81 -30 -124 103
90 -75 -55 -123 -35 9 -79 95 97 41 122 66 64 -74 34 97
-76 -96 75 81 61 75 -74 88 87 37 -53 10 -124 66 108 -73
-18 73 43 114 61 -2 -93 -72 -11 -116 -56 -64 69 61 124 25
-90 65 -2 -117 -57 -41 11 97 78 76 106 90 18 -110 68 -62
86 82 61 88 118 -115 -119 -64 -35 -123 40 82 -47 -69 -77 98
54 111 -35 -124 101 75 107 -103 -85 75 21 100 20 -36 117 -85
-42 -121 -37 -88 -98 8 84 -86 76 61 9 -57 -41 119 -75 76
13 -38 29 0 -79 -118 33 111 93 124 -76 -1 62 103 67 115
-21 27 82 -71 2 -79 102 61 23 -19 72 -79 0 96 -97 -108
