90 -101 97 -22 58 -109 40 -44 -86 -32 -48 119 62 108 25 25
53 31 6 94 62 21 127 -28 66 -14 124 -84 -9 70 18 -106
-100 -121 -32 27 24 32 118 -77 117 15 100 10 64 5 -86 -2
14 -9 -97 38 -20 -71 34 12 -7 101 -75 -8 60 -127 -88 63
-87 -25 60 -1 117 34 20 -60 83 -70 -91 -115 -90 -24 -11 79
-27 -21 122 29 -49 -14 -78 -84 -67 -39 -65 -47 -115 -5 19 52
80 -62 10 -61 90 -27 -116 -3 95 19 -95 83 121 9 -85 -66
41 -54 59 121 22 -112 17 38 -73 -52 53 92 118 109 2 -76
85 -63 53 -8 52 47 123 47 -23 40 114 -3 77 53 102 -53
-20 58 78 -117 124 62 0 1 30 68 83 -118 73 15 -11 74
13 55 9 116 89 -107 -61 69 -27 70 -80 111 97 -34 -55 88
104 21 120 -83 3 78 98 45 -47 -93 -87 49 -86 97 115 16
-13 -18 -59 4 50 -89 -102 -1 126 55 -82 68 -104 -69 12 -11
-71 20 -23 21 -9 114 -103 -55 -21 121 57 6 -93 -91 -13 -42
84 -28 -63 -107 -128 40 9 94 15 -19 32 -1 66 20 -2 -37
-60 13 -39 99 -55 -84 -128 122 -124 26 122 -70 -118 -67 -120 82
-37 54 -55 -113 68 38 -117 125 82 -52 -95 -41 78 85 115 -128
69 -117 105 -56 97 56 -87 74 33 -3 96 -70 -61 -80 -33 95
-67 -70 -18 -19 78 14 102 57 60 76 107 -4 17 118 -21 68
-23 65 -103 52 -57 -20 -40 38 -80 -46 -55 -64 -115 -116 -35 122
64 9 85 86 -93 29 -41 -40 -2 -120 -114 107 -113 40 17 -66
9 -8 -109 77 -39 -5 30 125 -80 12 -70 100 80 47 66 17
37 106 17 2 -33 -84 -25 -94 113 -75 94 88 -20 -90 -37 -44
105 -12 -8 -42 -73 127 76 -81 -58 56 -91 -96 -10 6 -100 36
-30 -80 -44 63 -21 -77 10 2 43 62 22 -32 94 40 100 75
-75 124 69 -15 -22 -19 -123 21 43 -30 -62 46 24 10 -68 69
20 -25 -102 54 36 88 41 -34 101 -22 -110 -80 89 -60 -63 32
-124 64 -84 -27 17 -81 76 -110 88 12 79 67 -78 42 -19 -46
-113 3 -126 -71 -65 -105 -94 59 45 -61 123 -126 -95 -3 90 -4
-71 123 -22 75 31 -93 115 -14 -18 -53 79 90 102 45 -22 -56
45 -78 30 4 -43 29 -6 -117 -21 88 55 28 -91 80 70 100
104 -74 -74 -7 -83 -79 21 76 84 -100 94 -29 43 -15 74 -101
-48 -17 110 -7 42 -120 -107 -114 -95 -36 85 -81 -99 6 -46 -19
76 84 31 -111 -17 -40 -108 -72 100 -102 -38 -72 43 -47 10 99
-115 101 108 -60 116 122 -36 66 12 -36 -67 -11 -24 107 -113 42
53 -33 -74 109 71 -31 -40 -32 26 -94 31 -10 100 27 -78 -52
28 81 -103 7 -53 76 16 -84 125 -15 -49 77 -72 -19 23 -122
21 -8 -80 -85 -74 -116 107 -3 46 63 52 47 -54 127 33 -107
-115 -35 77 -2 0 -29 -110 6 64 -92 -29 -4 51 39 44 -126
-3 -119 -13 20 7 -76 35 -10 5 -24 -36 -6 -45 -99 -13 -106
-20 -104 101 -47 107 83 -112 30 104 108 71 -87 -75 12 -118 -103
-99 -106 -78 34 119 -87 -101 -46 -49 2 108 -43 97 -41 124 -41
26 -50 -39 94 -50 -73 57 31 26 29 -52 46 -81 50 -47 94
-27 14 126 -42 -118 1 -78 -52 28 -50 2 -85 -51 -82 -22 -24
-23 103 122 86 -103 -59 -118 127 57 -40 -2 42 34 -44 -40 -32
-102 -116 -84 50 94 72 3 58 -120 47 -105 -87 106 -47 9 12
-86 50 60 62 -124 -15 -101 -86 56 9 63 31 -49 -70 -6 -84
108 -107 -38 -26 94 -120 -92 -42 35 -27 -50 119 47 121 -124 83
-48 64 91 -56 -25 -92 -59 -109 2 110 -120 58 118 49 111 43
118 77 36 119 90 -92 -44 -50 78 -60 -87 -93 -26 97 -94 105
-37 -58 -61 -59 -118 7 31 -77 -74 -38 74 -43 19 48 42 -76
84 -71 124 115 10 -56 -121 -58 71 64 -14 -3 -15 59 65 12
33 45 -96 75 96 -54 -66 -72 42 -25 31 -43 50 110 5 13
-98 52 59 -112 -10 -56 52 99 -35 -75 20 -42 67 -11 91 -7
-73 32 -94 82 23 1 -97 124 127 62 84 103 88 -53 -107 126
99 -63 84 66 42 -70 92 -66 -15 68 -99 92 -57 -113 -71 -45
-106 -20 -125 110 -19 -77 50 -12 -6 94 -111 -12 124 19 105 -34
123 102 -49 29 8 -35 -34 -39 -30 -7 -111 -20 -120 14 83 17
-3 64 -125 20 -23 -123 -53 -15 116 85 -107 105 -9 -73 -115 75
97 115 15 -107 52 107 -40 -21 107 72 -79 -6 -94 -6 -71 -121
38 115 -34 -66 55 -115 -91 -37 -47 -55 108 -63 87 80 -105 -114
8 -24 -41 -14 -56 -117 18 76 99 -57 -26 -71 -85 103 -62 -61
66 -84 68 -81 66 -83 -114 125 90 120 -128 -78 104 104 -119 -121
45 -25 42 -74 -16 -112 -97 64 5 -22 -73 -57 -18 86 37 -82
