55 -51 -90 -67 -4 -105 94 75 80 37 116 -37 -125 -89 83 115
77 -69 -95 81 -14 -97 -119 -112 -16 -38 67 -67 -39 37 63 -20
-45 100 -104 -62 12 -117 87 126 -14 -13 -38 -34 -3 85 -57 125
-107 -86 57 -4 -78 25 26 -37 -59 77 -90 -33 -14 106 -39 -7
69 73 86 -127 -28 82 68 -17 -80 20 -16 -37 -114 117 -126 -111
67 58 73 -90 120 -79 23 100 -7 96 61 -41 104 -127 -118 18
50 -101 -79 95 42 72 16 48 -106 79 -89 -40 -126 -80 121 117
14 114 93 -108 82 -99 -109 17 -30 42 -97 112 64 -1 -4 -9
51 55 6 -22 100 19 -41 8 -72 120 -46 -39 -39 -50 -111 86
14 31 80 25 125 21 -18 -56 -125 -126 115 84 -118 -88 -24 122
-29 49 102 -76 -41 81 84 -113 27 -58 -58 -1 -90 122 -7 55
122 119 -107 14 -27 -11 9 86 -98 81 -99 82 78 2 -30 -51
50 -114 75 -40 116 31 -49 -92 -58 124 101 36 46 78 30 -6
47 109 96 58 11 91 122 -113 4 23 94 120 -68 50 -110 -111
68 89 -97 -45 -121 97 43 99 -69 87 -112 -10 23 121 -20 -78
97 -97 -27 -13 63 95 5 -91 104 107 113 46 -101 19 90 -16
88 -18 29 -24 6 73 -17 -22 -14 35 99 5 -36 85 127 -107
-1 47 -59 125 -72 87 15 33 -52 -113 97 49 13 57 -28 108
-98 -55 41 -54 -103 59 114 34 118 81 -86 -55 4 91 1 -53
18 56 -96 -121 -128 49 -92 -32 -116 100 -112 -77 95 90 -61 109
0 68 34 84 -125 -112 -33 40 -1 92 74 103 -16 117 -98 21
23 -38 -19 -52 0 -76 64 -43 -89 -45 98 5 -20 7 -35 100
126 64 -59 -5 -72 30 112 -100 -96 111 68 -108 106 74 -32 70
111 -67 -79 91 11 -96 124 -101 96 43 110 32 -68 -26 -31 113
77 75 -106 12 99 -23 84 70 -48 -83 64 41 9 -44 49 -57
-22 109 95 4 -118 46 -59 70 97 -52 69 107 -70 83 23 10
31 -6 -90 29 103 121 -91 1 -19 21 -5 -26 -44 88 -63 -80
-6 86 41 -108 12 -21 22 27 89 -28 -58 -44 47 78 -41 126
-4 -74 94 -99 -98 69 70 -95 -41 84 -10 -110 -2 67 -37 -111
49 -84 86 103 71 77 67 -91 67 64 68 123 61 82 21 45
7 17 46 104 -16 58 -120 45 -100 41 109 -37 -113 54 118 64
96 48 -59 -5 -4 31 119 127 24 118 86 80 127 -103 77 1
6 90 -57 61 -12 -84 76 -76 -125 -46 72 -46 32 -101 81 -113
-124 -110 -124 -116 -92 15 115 63 43 -20 24 -1 125 124 47 -18
-56 56 -34 105 127 -12 -67 -83 122 20 79 66 118 -54 37 -18
-26 22 99 -60 -125 62 80 94 89 -91 -38 -67 62 21 111 -32
-47 21 -1 -39 -46 65 -98 -61 -114 15 32 -16 117 5 27 -12
-70 -46 -13 118 -102 -58 7 -65 126 11 45 84 -112 33 115 -76
6 18 -123 106 114 37 -59 79 -14 -100 108 57 -78 31 16 -35
84 114 82 -81 26 5 96 -72 106 -34 87 56 63 -77 -108 -113
-5 -49 -41 -32 1 -31 26 83 124 -118 -105 127 82 95 -47 -99
-20 -7 49 14 -74 -114 50 24 -90 -54 102 -102 21 63 118 80
18 31 -117 66 69 46 72 85 45 -27 105 6 59 25 -20 96
-32 10 -72 112 6 5 82 -38 -107 39 -120 58 -90 -101 -18 55
78 96 107 126 126 92 -15 36 -121 76 -87 82 19 48 -127 17
56 100 -58 4 -88 89 111 -95 90 26 3 -53 -77 127 96 99
-68 5 56 63 0 -34 -113 35 -29 114 -115 31 -62 12 -51 -102
127 -19 -56 98 -120 126 -59 2 -15 -115 -40 -24 20 -40 39 35
-17 -22 63 14 34 11 100 121 122 16 67 -67 -26 2 80 105
66 119 80 -65 -78 -62 90 120 72 71 -39 25 -30 -64 -63 -101
119 -91 -50 -13 -50 72 -108 72 87 101 -36 11 24 -105 74 -37
-24 97 116 86 114 104 14 91 -52 16 -60 -104 44 14 -111 16
-38 107 86 5 -16 113 -96 114 69 54 -54 64 115 -47 83 -53
94 9 -124 -88 95 12 64 -78 11 70 -9 35 49 123 -116 123
127 -89 55 37 98 -93 27 55 -72 -126 7 103 45 -126 -68 -123
-27 -19 -78 -17 78 -77 -128 -42 15 17 -62 -122 0 -113 -88 74
-121 110 -26 74 -38 73 -54 -58 0 -91 0 63 -84 -5 -94 93
-101 -6 -105 -125 -79 67 -84 121 -117 41 108 101 1 -95 46 33
112 -31 -128 -85 19 72 65 -103 -9 -101 -15 -116 -11 121 67 -78
-28 101 -93 -75 -2 18 104 -55 69 30 -118 68 116 -75 118 -27
-66 -36 83 -90 26 61 -82 -104 69 5 127 -124 -50 -41 -57 -58
67 -88 -81 -107 95 54 -42 95 -67 -93 -59 -48 96 77 -37 46
-84 51 -83 -44 -85 32 31 69 -54 118 -121 48 95 71 1 -108
126 23 12 -113 111 -123 -16 -125 -4 110 10 -127 -46 112 18 -102
