13 21 7 -13 4 3 -4 26 -26 30 8 -4 46 -27 -6 -10
-23 43 -31 11 8 12 10 -5 -22 -1 3 -10 -3 -5 23 18
-18 35 5 -2 22 54 -3 -21 -6 7 -4 -6 8 -7 -7 6
8 -7 3 22 26 10 -4 -11 -6 0 12 18 1 -26 3 -11
-1 -22 11 15 -18 22 -29 29 4 -41 -4 -7 -9 -1 -3 7
-6 -5 12 -14 13 -19 -3 -29 16 2 -5 -7 17 -11 -7 -16
8 -13 -12 -42 -6 -21 1 -18 21 12 -1 28 -11 -39 -28 8
5 -35 46 -13 -4 17 -25 9 0 -44 -6 3 -22 -31 -24 -14
31 -22 14 -21 13 35 7 -24 -45 -1 34 8 16 10 -23 9
1 -8 -27 2 10 22 7 25 8 -38 -14 33 6 3 27 -12
16 3 -11 -32 -43 -17 -39 -7 -12 -44 -5 -31 -35 11 -30 -34
7 54 -16 18 31 3 6 9 36 7 -31 -14 -8 -2 23 4
-18 -19 -12 7 -27 -12 35 -11 -16 8 -19 -13 -17 1 -37 11
-14 -4 -9 32 15 11 12 1 6 16 -10 -11 1 -13 -36 -12
4 -8 13 16 -11 37 -18 38 20 12 50 -16 -16 8 -2 -16
-4 23 -7 -20 -6 34 -5 -3 -26 14 -22 11 22 23 -7 1
-29 11 24 -10 -21 -9 8 23 -8 15 -10 -7 -16 -12 -8 2
-11 7 -8 5 9 -21 4 6 -3 -16 5 -38 -15 6 7 9
-38 21 3 -12 10 -13 -13 -5 19 25 -37 -19 23 27 5 12
-34 -6 13 -4 -37 -13 -2 2 4 -9 15 -20 -5 -2 -22 8
-3 -22 6 -3 -6 -19 23 19 -12 -11 -5 -9 -17 23 7 28
-23 21 -17 -26 24 36 3 1 38 3 -9 8 17 -5 6 -2
-8 -22 9 3 -10 3 -4 21 15 -24 -24 10 -16 12 -9 15
10 -12 -14 -13 4 -10 8 -14 0 -6 -24 -19 -24 19 21 0
29 3 -3 -16 16 -5 28 -4 7 23 -21 -40 -6 23 1 -8
-1 -5 21 38 -16 -19 4 8 55 12 -16 -2 -7 -3 11 -10
4 -28 12 9 -17 38 7 29 9 2 -18 21 41 33 -27 25
-10 -18 8 31 0 39 9 -17 3 -11 -8 18 2 -3 -9 -13
8 12 16 10 -10 7 19 -35 32 -8 -1 13 -9 5 -34 19
8 -31 -31 21 32 -1 -4 33 32 21 9 -3 16 23 10 7
10 5 30 -10 -15 -4 11 -35 -31 5 26 1 -7 5 8 14
6 -25 -18 -20 15 11 -19 -26 11 -1 16 9 4 -23 -6 -8
-19 2 -21 19 -16 10 27 11 -22 -9 -19 14 10 -2 -7 7
2 37 22 -24 -2 21 0 46 -15 10 4 -12 -5 -25 -5 26
0 -28 -14 -45 4 -1 30 12 10 48 -12 -17 24 -9 23 34
40 6 -24 10 18 5 -28 -16 0 7 -28 -2 -20 -16 11 4
47 12 -13 -23 -5 -2 -8 21 -4 -17 6 -26 -38 -4 7 18
-7 -13 2 -37 -24 6 6 -19 4 -13 23 -16 13 18 -23 -3
34 -22 17 12 -12 -1 -4 49 23 -18 -26 -10 24 2 -23 14
30 -27 5 -9 -39 -2 -13 32 9 4 -8 14 2 -22 -14 -10
25 20 22 40 24 -16 2 -33 6 0 -4 -11 14 -6 14 -27
-34 -10 26 23 29 -15 6 -4 -15 18 14 -7 5 -32 -23 17
22 -7 -7 17 -14 -4 7 -5 3 -10 27 18 -21 0 1 12
15 16 -20 -7 8 -35 13 9 -3 47 4 -11 2 11 32 22
-15 -14 -13 -32 -17 -40 38 0 27 48 30 -23 -4 5 16 21
23 -46 -30 10 11 8 10 41 18 14 -22 -1 -35 5 17 -4
-12 -23 -25 28 14 -16 23 -21 -26 28 -34 7 -11 -4 -14 -3
18 -25 -26 -7 5 24 -9 12 -2 7 -12 8 26 24 27 -6
23 -6 -17 15 17 19 16 15 -21 -4 8 26 -3 -21 -2 -26
0 -24 6 27 -32 0 -27 -5 13 11 -19 -7 30 37 42 -1
-14 -13 35 -27 -8 -17 14 -22 6 16 -12 -24 -29 5 22 -18
-11 -20 29 2 -20 -37 10 34 -22 2 -9 -48 2 18 9 25
22 11 -13 -1 5 -11 -12 6 -9 10 -28 10 -1 -4 -20 -23
-7 -2 21 -38 -26 -21 5 -24 0 -15 32 28 3 30 14 19
-1 10 2 20 -13 -29 0 28 18 3 -25 -27 16 5 12 -7
-45 11 38 -5 3 -14 12 14 -1 38 -16 -2 12 -1 22 8
2 21 30 -33 10 10 41 8 61 -5 31 -12 -11 24 -55 10
-10 -22 -4 -29 -13 -17 14 -31 15 35 40 27 21 37 32 7
2 -1 -59 -8 -1 -27 -10 -31 8 -1 7 -10 -17 39 20 -29
9 7 -8 6 26 21 3 -17 5 11 9 27 11 11 17 27
8 -21 -9 6 15 45 -45 -12 -29 -25 -4 -2 -16 -18 21 -14
36 -26 -1 -10 1 -17 8 -5 16 27 -17 -40 -23 6 -47 -3
8 -12 12 -10 -30 -25 -5 1 7 13 23 -10 3 3 10 4
2 -18 10 -27 -29 -13 -15 -38 18 -39 -3 -4 -18 2 -1 24
