10 23 9 12 16 -4 1 -1 13 16 8 8 -7 7 -24 5
-18 -30 -1 -27 -15 20 22 -30 8 0 -4 21 -30 10 9 -3
-3 -8 8 -25 5 28 -4 -20 25 -14 -12 14 -11 2 1 3
28 -5 15 -21 -7 5 -21 -32 -1 -7 -21 -2 -33 0 33 -46
-5 12 15 0 -2 4 -12 26 1 22 -12 4 16 8 6 16
-16 -11 22 19 6 -1 -5 -14 14 2 -9 -10 8 -19 12 31
-9 -2 30 6 0 -10 -16 -8 5 8 -2 -18 -19 -24 9 27
-9 2 11 0 -14 -60 -39 2 -7 -6 5 -16 -12 7 -15 -7
-15 1 -42 15 17 38 -23 6 5 29 3 6 22 -18 18 1
18 -9 9 20 -3 -12 36 16 0 45 25 44 -7 20 25 -23
1 46 -12 -15 5 45 -5 35 -4 -14 43 13 18 21 19 13
8 -1 -19 -13 -3 17 -1 17 -5 -16 10 -32 31 -14 4 -24
-6 12 -21 5 12 -11 -15 -36 -10 -26 -26 -9 13 0 -21 -28
-9 -19 -38 7 -4 -6 -9 15 3 16 61 -13 20 -3 8 -21
33 -8 -20 -25 -21 39 17 -15 -8 -36 3 -14 28 38 -10 1
29 20 -19 -2 3 -12 -2 2 3 17 -5 13 -9 -11 9 -6
20 5 -8 7 -28 7 -7 4 8 -15 7 -7 -20 10 -17 21
13 4 6 2 -19 14 -10 -19 -3 -1 35 13 15 -24 22 -16
16 9 8 7 -21 9 10 -26 -12 -29 -17 -17 4 -28 -4 -6
18 11 -35 -22 -22 17 -10 -7 -19 -33 -20 -29 -19 3 -11 1
-37 -39 -11 23 -10 0 35 29 3 -24 5 8 44 -18 29 16
0 -2 -3 -8 -7 -8 -23 9 11 26 -35 -12 -2 24 -1 -22
1 -12 -15 14 -3 -5 8 30 -21 -14 4 -13 8 -1 9 -11
24 4 -13 -7 8 -12 23 34 5 -14 1 11 26 -15 -9 -5
-10 -10 15 -51 34 26 13 34 10 13 32 18 20 3 7 6
9 -13 16 -17 -21 12 -12 -12 4 -3 -24 20 -12 -23 18 18
-24 -2 5 31 23 11 18 -8 32 -4 9 2 18 26 23 7
35 24 25 13 14 12 0 -12 5 -35 -10 -1 10 -25 14 11
-21 8 0 16 34 15 -37 12 4 -15 -27 -34 14 -24 -22 -18
2 6 -5 2 -24 34 12 11 -23 -35 33 27 27 25 55 3
-12 -12 21 12 -41 2 -18 1 -4 -28 -6 17 -12 -25 -14 4
13 13 -3 -2 27 5 -17 -16 4 26 12 29 -18 -12 29 7
-15 39 0 14 -1 -20 10 -13 -21 -10 -4 -38 -22 17 -20 -14
-8 -2 -11 -3 -8 20 0 -23 -15 -2 -17 -3 -8 -6 1 -11
-6 -4 18 -9 9 28 -24 9 22 0 4 -3 -3 -6 23 22
-18 19 -20 -7 -3 -8 -11 -21 -13 -8 13 -8 6 23 0 -23
-20 0 -9 14 31 1 1 -5 -18 9 -7 2 17 -25 6 23
-14 -16 7 -29 -29 23 -6 -2 7 -12 -9 -13 15 -16 -13 -10
8 -4 0 15 16 -12 10 -17 13 14 6 13 -2 2 -10 1
16 35 13 -19 11 -6 18 -15 -5 -13 -5 -12 -3 -13 6 -6
-7 28 14 -16 -11 -2 -2 -34 26 -18 6 -1 -19 -20 9 -4
-7 -6 -15 -7 3 -13 1 11 -3 43 0 -9 -31 -2 -6 1
26 -11 -33 -10 6 -6 -6 9 -40 -7 -1 -7 11 8 -17 -41
1 20 6 -11 -21 3 16 -19 24 -12 -4 -6 18 10 3 12
-2 16 -5 26 24 29 5 -6 8 -9 12 -22 -20 -43 25 10
26 -21 14 7 0 -13 14 2 -14 2 0 7 -7 -17 22 3
9 14 7 18 24 -13 -5 -18 0 42 -11 15 0 -2 -26 -11
26 26 8 22 2 -16 13 3 17 9 -3 9 -13 8 2 15
26 -5 13 -4 7 1 -1 -14 -7 -15 2 8 -22 -27 -8 2
9 12 8 -29 -1 -16 12 -10 -22 -2 -26 20 -30 1 -23 3
27 3 -14 4 -4 27 -20 -24 -17 15 0 19 -5 -7 -8 25
8 -25 -10 -3 10 2 4 -30 -35 1 -21 -12 -19 -7 -11 2
22 -19 -53 -12 31 -30 -3 20 11 13 38 -35 26 15 -22 -10
28 15 7 0 12 30 15 42 26 43 -17 5 22 2 25 8
9 -2 9 16 15 -6 13 -16 -13 26 17 -4 15 -43 -1 18
6 3 13 -13 -16 10 3 -18 18 4 -11 33 7 7 12 -2
-30 4 -22 -13 2 -15 -16 22 -13 15 -11 8 -9 27 -1 -8
-2 7 -18 22 -16 5 -21 -14 -1 -10 53 25 30 29 23 3
20 15 8 -20 21 -7 -10 -13 -28 35 11 -11 4 6 -19 -7
-24 6 17 21 2 -1 -20 20 17 -5 52 8 22 -6 25 -11
16 -4 -13 9 6 10 -15 -5 -5 24 15 28 9 14 -1 6
1 14 0 -2 0 -25 2 -14 9 -13 18 10 9 13 -11 5
7 -16 5 6 -4 9 18 -10 -4 -12 6 -1 9 -5 20 15
22 28 -26 -7 -19 -13 -20 18 -19 10 -14 -2 -40 -23 -18 0
