2 -12 8 -20 -8 18 -6 0 8 9 -3 -7 5 2 -6 24
-28 -5 25 -5 -3 -9 5 -24 -1 1 -14 -4 -23 18 6 15
-12 -15 11 -22 -4 -23 -36 -17 10 -12 9 10 -15 7 -2 5
-1 -1 0 -26 4 -15 -1 -16 -26 0 0 4 -20 15 21 7
19 5 -3 0 -11 24 -15 3 12 -1 -3 -10 -3 8 -17 2
-3 13 -18 4 7 -23 3 -25 -17 1 15 -12 -11 -15 10 -13
-7 -6 -19 12 -17 10 4 -23 2 9 -7 0 11 -15 -7 -26
-9 7 3 -16 -15 5 -18 -4 -7 -4 -17 3 -6 -17 -33 -36
2 -5 -19 5 14 -14 -6 5 -1 -8 -13 4 -5 -17 15 16
-13 19 12 9 -4 9 4 -12 -7 -3 -1 -12 3 -9 -5 2
3 -25 11 7 13 14 -9 10 1 2 -8 -16 -3 8 -3 0
15 6 16 12 -5 6 4 7 -5 5 -1 -17 -7 -2 16 -1
-14 -6 -5 -11 -26 -29 6 3 0 -18 13 15 -29 -16 -8 -9
-15 -2 9 24 -4 9 -1 17 8 5 0 -1 -5 -22 36 -1
-22 9 -3 -30 6 4 -4 -4 8 13 -4 -3 -1 10 2 -12
-16 13 0 26 5 -1 9 9 12 -12 -7 13 13 2 -17 10
-1 -15 18 0 2 21 7 -9 6 14 -1 -9 -3 -3 -3 2
-15 13 18 -2 -13 3 -13 11 16 -17 5 7 15 13 10 4
-11 16 -3 -24 -3 -15 -1 -12 -24 -3 19 10 -11 -4 2 -4
12 -15 -12 -19 1 -2 -17 7 -9 -17 2 -4 -1 -10 -8 2
14 10 14 25 -11 -11 -8 -10 -11 -18 29 4 14 -4 -12 -13
-14 18 11 14 8 -10 1 -5 -10 -14 -6 -9 7 -7 13 12
6 -8 20 4 7 -3 -2 -6 -21 -16 -15 3 17 10 -29 1
-14 11 17 11 -3 10 -3 11 -1 1 10 11 -5 -2 8 -4
-6 -7 -6 8 -26 7 -1 -4 1 15 -7 -6 13 -23 0 1
-11 18 -19 3 8 -11 -8 -23 -28 -1 5 -31 -13 3 -11 -3
-16 3 2 2 -14 11 -1 2 9 7 -3 15 13 8 6 -18
13 -24 10 14 24 -1 -4 -1 12 5 0 -3 2 17 -16 11
-11 21 -1 -13 10 -11 1 11 -5 -5 1 3 -7 -11 -7 17
-21 -2 -7 12 0 13 10 -6 -14 15 -14 -14 3 11 3 -21
5 19 1 -13 21 0 -4 1 -3 2 -3 14 -11 -1 -11 7
2 3 3 2 7 -14 5 1 -19 -8 6 -4 3 -1 19 16
7 -23 17 10 14 -6 3 -17 7 -5 -10 15 18 14 6 2
3 5 -15 -14 12 -19 9 -18 2 -27 -18 -5 -7 4 -21 31
-15 5 -15 1 -4 25 14 10 21 30 -2 -12 24 -1 2 -3
-9 -1 -5 -15 12 18 4 -10 -3 -10 -13 -24 9 -13 7 -7
28 9 -12 28 -8 9 -5 8 8 -20 -28 -7 9 -5 -37 13
-11 10 9 -7 -6 4 -6 5 0 -23 15 -1 9 6 16 -5
-14 0 7 -4 -17 8 4 -2 -3 -16 -3 1 2 6 -8 12
16 -7 -33 2 0 1 -7 11 -22 2 14 -19 8 16 -14 8
-5 -5 12 10 36 -22 -2 1 5 -7 -10 -11 -16 -3 15 8
29 -28 -4 8 16 1 8 8 4 7 -1 -9 0 4 15 1
-8 2 3 -19 -7 2 2 6 -11 -10 -4 -3 6 -1 16 10
14 10 -9 -8 -8 1 -17 0 9 -2 31 -2 0 -9 10 -27
-11 8 -18 2 -6 0 18 26 8 -5 20 -16 19 7 4 -14
5 44 -11 6 -12 4 2 -3 32 -12 -3 7 21 -3 -23 -16
-8 -8 2 8 3 -18 8 1 -7 21 7 7 6 12 0 11
-19 3 -3 7 9 2 8 4 3 8 -1 -7 -3 -6 21 -11
-3 14 22 20 7 6 -14 -1 15 14 6 -4 -2 30 4 9
-4 -6 -25 -1 5 -1 -4 -5 -7 9 3 0 -3 -1 2 -11
5 2 -10 -1 -5 15 -8 -14 12 19 4 -2 -2 2 -16 10
3 12 -23 -8 -20 -13 3 -1 2 -5 22 0 5 12 -10 -30
10 -2 -13 2 -17 -13 5 24 -3 8 -17 -6 -3 -25 16 -3
-20 -10 13 9 -3 18 -15 12 -23 -6 8 3 20 10 -5 0
24 2 11 2 10 5 4 16 10 -6 22 -15 -4 1 22 -1
9 12 4 -8 -8 -25 0 -1 -3 -5 3 7 3 -10 -6 3
-22 -5 -9 -5 15 3 16 10 9 -6 -15 1 -12 -19 -9 -2
18 11 -16 -7 4 15 17 9 -3 10 -10 2 4 3 -1 13
-14 -8 -10 -5 8 -10 11 -5 1 -4 6 -1 9 -21 -11 -16
-3 -1 3 -5 12 6 0 -1 -11 1 -12 5 7 4 12 1
0 11 -9 7 -15 -4 -19 -9 13 -8 9 3 -12 30 6 -6
-7 -9 -5 -7 -15 32 16 -1 12 13 6 14 3 3 12 -20
3 14 1 9 2 -3 13 5 4 -19 9 2 6 6 -13 6
-5 -6 -24 18 -2 1 -1 6 -21 5 5 1 10 -12 3 -13
