16 -11 6 -30 -4 -45 -14 -15 -36 15 5 -25 -12 2 -18 -41
-5 -17 -17 28 16 -4 -11 0 -2 -42 0 -17 41 9 2 26
34 -14 -1 -23 11 33 -40 23 24 -4 7 -15 18 26 -3 -5
31 29 39 17 0 11 7 13 41 -20 19 25 37 16 -1 -21
0 -12 5 -6 18 10 1 -4 -21 -15 4 10 -25 -13 -9 20
-10 1 41 23 -1 12 15 -9 -3 22 21 -6 1 20 -6 16
17 32 20 13 1 27 -18 -25 12 7 -31 13 8 4 8 -7
49 52 24 0 7 29 26 34 -4 20 13 32 1 24 12 3
-9 -7 -28 -44 -2 -10 36 -8 3 -25 33 -1 -21 -21 7 -8
-11 -22 35 -11 -11 -19 -4 -2 -3 -7 -9 -19 -52 9 9 -21
-18 -21 -26 -10 32 -21 -3 -34 -15 13 -9 13 -29 -30 23 6
-42 -20 7 -21 -17 -7 28 1 17 -10 -11 -7 -13 -5 29 -2
43 5 -2 37 18 12 14 28 13 0 18 -12 8 20 38 -5
31 -16 -2 10 -19 1 15 14 -19 12 -10 -11 9 -12 15 1
12 0 1 14 5 7 18 29 -13 10 5 31 -9 29 26 32
-5 -31 -44 -12 21 -23 -34 -22 0 36 -35 -2 -11 -25 20 9
-12 -9 -7 36 6 6 9 -2 -2 42 24 10 24 11 29 -11
-9 -17 8 -14 8 -6 3 -29 1 11 -33 -11 -27 -17 -14 -22
14 20 -4 16 26 16 -25 17 33 33 11 -24 17 30 -8 2
12 19 25 32 11 30 14 27 50 14 23 22 -9 45 3 -19
-56 -16 23 -14 51 23 8 20 -7 2 0 10 -30 -15 -34 17
-5 11 35 -6 -13 47 29 27 -3 24 1 21 -20 20 20 -23
-19 5 -19 -9 15 8 -11 -17 -9 29 24 0 -6 15 -21 0
-3 -30 -8 -32 -9 -32 2 -4 -14 -8 -27 -29 -33 6 -9 7
-45 -12 -27 -30 -14 -20 -11 -19 -2 -52 -22 -31 -21 -30 -12 -20
-7 14 18 9 -20 -10 4 27 -14 29 63 37 16 11 -10 10
-8 17 -27 11 5 26 -38 -10 9 -41 -10 0 -37 -10 -5 -17
-9 -43 -10 -17 -30 -35 -11 -18 -10 -3 -6 -15 10 18 -10 -43
-4 -10 -49 -25 2 10 4 -1 11 20 38 -43 -16 16 -1 3
-6 10 -9 5 -2 -10 -12 13 12 -14 -27 43 -10 10 -17 0
9 1 -33 13 17 0 28 2 -18 23 48 -13 6 -1 2 25
32 28 23 5 -15 -32 21 -26 -17 -15 19 -12 -37 -7 5 -30
11 -10 17 -3 -25 18 -7 12 10 -6 5 -19 39 1 40 14
36 -14 -5 14 -3 2 1 -2 46 14 -6 38 -11 15 7 -15
-17 -5 -25 -4 2 -26 -25 -32 -43 -49 -27 6 -13 -25 -61 -18
39 17 6 1 2 10 45 19 1 33 22 26 22 24 -2 33
-13 37 14 -1 6 -6 22 37 45 16 15 -6 3 -4 5 -4
3 12 2 53 18 15 33 3 5 52 -14 -3 1 19 38 42
-13 -18 -28 -9 18 3 -14 18 -1 3 8 9 -36 -35 -10 -9
1 1 30 -20 -2 -22 13 17 10 3 -10 -19 34 -30 -38 -2
-15 -40 2 -6 -1 -5 20 5 -27 5 19 -24 17 4 -20 34
-36 -26 -15 -12 -9 -21 -6 -6 5 -3 25 20 -10 12 -4 -39
-31 -3 17 -30 -6 6 24 -13 -27 -1 -10 3 -53 10 -23 4
34 0 6 -15 11 -1 2 20 -7 19 -31 7 33 -32 -5 10
14 6 24 -14 -30 -64 0 -35 4 29 9 6 2 0 -27 -17
-22 18 11 -17 -2 23 -9 -5 8 4 -18 17 7 -17 1 10
0 -10 27 -22 -20 -18 -1 -6 -20 9 4 -40 25 -2 -9 -19
-6 -32 16 -10 -26 -21 -7 -19 -29 11 -31 14 -13 -15 -18 -4
-21 -23 17 -14 -25 -27 10 14 16 -19 -36 -21 -28 2 -21 -42
27 5 7 -13 3 9 9 26 21 -4 14 14 28 -1 3 15
-8 2 27 -5 11 -6 -12 26 1 31 18 43 1 -7 -5 14
14 10 -24 20 8 -13 14 -1 -1 18 10 39 1 2 -3 -22
-2 12 13 -3 19 -5 -18 -11 -33 7 32 -17 -5 -51 -4 19
-12 -15 -10 -7 8 39 -33 -7 -12 26 -29 -11 -3 -5 -38 19
-5 -12 -5 8 -4 -18 39 16 -14 -44 13 -38 -7 -2 -4 15
-11 -3 4 2 23 -4 -12 0 4 -22 -4 -22 -2 -17 7 2
-2 17 5 -18 -48 5 2 17 10 26 12 28 -28 30 10 0
-22 -8 9 13 4 -35 -36 -35 -19 -1 -23 8 12 -26 -40 11
-1 -26 19 -2 13 19 29 -5 -29 28 -13 2 16 -3 -5 16
-8 3 -11 -1 24 -6 -27 -30 -4 0 -9 -40 -17 -12 2 -10
-13 -9 31 -5 34 6 16 13 21 -8 -3 -9 -20 17 42 -38
5 19 -23 -7 -17 20 -9 -13 -3 -11 -26 17 -11 -5 16 -24
-15 -28 15 -15 19 -9 -12 -14 -10 13 -11 10 -19 -13 -9 -6
24 29 -3 29 -4 8 -7 -24 19 14 10 -6 -2 40 7 1
