-35 -25 -1 7 7 -11 -25 -15 -14 -3 8 -18 -20 -11 18 -8
20 6 15 -27 11 -8 0 34 1 -15 -4 -2 28 5 -1 -8
-8 -10 14 27 -10 -33 -12 18 8 8 -9 25 29 7 4 5
25 16 25 -35 36 7 -8 -6 10 -7 1 5 24 -12 -15 20
17 11 -14 -24 -41 -12 48 -1 -1 -28 -24 -12 -7 -16 11 8
-17 5 -14 -1 20 -24 42 3 26 13 -2 7 11 26 2 -1
10 19 9 10 2 12 5 2 6 -13 30 -3 16 7 21 11
-8 -21 -16 4 4 -8 16 3 31 -6 2 30 20 7 28 20
-31 -1 -18 -20 -6 -37 9 -17 1 -20 -4 -28 8 2 -7 -5
-15 -23 -4 -18 8 -13 -21 32 -15 20 -11 -20 -17 -24 -8 2
0 29 -8 -6 -25 16 7 1 -45 -12 8 27 -22 -31 -22 -10
-4 5 -27 6 8 3 -5 -19 5 -5 -3 -19 1 18 13 13
12 -1 8 0 2 5 13 -6 23 9 14 28 -6 2 -24 30
-18 2 -6 -1 8 19 -12 0 -8 33 -6 15 3 8 0 11
0 -21 4 26 10 17 -11 4 35 -16 -1 -12 23 23 14 1
-17 18 -3 4 -14 -36 -18 -16 1 12 1 27 -6 8 17 -19
-30 -20 -4 -28 -14 23 37 18 3 -30 24 6 -21 -12 12 0
5 12 -5 5 2 -8 13 15 0 -4 -30 7 8 8 -9 -5
36 4 21 -1 -8 40 1 6 48 8 21 36 44 30 4 2
13 7 24 -10 -7 18 -3 24 24 26 32 24 -2 25 13 30
28 -2 -24 -7 -15 -6 22 8 -15 -7 -17 -23 -10 -8 15 -31
3 1 6 -1 19 -19 1 -22 -16 29 -26 -11 5 -11 -13 2
9 -6 -10 -4 -4 1 2 9 8 -12 -5 -14 -9 2 19 -4
18 -2 -8 -19 -8 12 -5 11 7 2 -12 11 4 23 -13 -30
16 12 -9 -27 -9 -42 -17 -22 4 -40 -8 -37 -20 -39 -22 3
-11 -1 17 8 53 11 22 -8 13 -25 20 0 27 -13 17 17
4 19 -10 -42 -31 -31 -27 -13 -19 12 6 -8 -18 -21 -16 -1
6 -1 -15 -4 0 -26 0 -6 -1 -24 -11 5 7 4 10 -23
-24 16 -18 38 5 1 24 -8 -2 -8 -4 15 0 23 28 3
11 -10 -27 -14 4 21 -5 -15 -11 13 -5 6 -13 -21 11 -8
-18 -20 4 -3 3 23 20 26 35 5 -1 -1 5 5 3 -6
-44 16 17 16 7 -21 11 -16 -35 6 16 -11 11 -1 -18 6
0 7 11 4 -6 4 16 6 -18 4 -7 11 -1 0 8 -16
-21 -4 -25 25 1 -10 -2 -11 -5 5 11 14 2 3 -5 2
12 -7 18 -17 5 5 -28 -7 1 -6 0 -24 0 -55 -22 -1
-24 -7 -9 -5 -20 6 20 -8 9 3 21 27 -4 7 26 4
-41 -5 20 2 10 15 17 -19 4 4 -16 11 -11 19 7 31
7 5 -15 7 -4 12 8 -9 -4 19 0 37 -17 22 -10 -9
4 -16 21 -18 8 17 16 -8 17 -6 -1 5 -27 -15 26 19
-14 10 5 16 6 -31 -18 3 -44 6 29 5 0 13 -6 31
3 -11 3 8 33 -14 16 24 7 13 -21 12 35 -15 22 -4
-10 38 0 -10 -11 16 6 -1 5 -13 6 -10 -25 -32 -11 10
10 -7 -27 13 4 -10 11 24 31 -18 -3 -14 17 8 -8 -25
-6 -9 -15 -1 -6 10 -21 -16 -25 9 19 -21 3 16 3 12
-11 -11 26 -11 12 -8 -5 14 -6 16 20 -25 3 -9 -12 1
11 -23 -7 -21 -25 -23 10 -22 -30 8 -20 22 16 -18 17 -13
39 0 7 -9 0 15 -36 7 -11 1 -5 -9 -4 -12 -5 4
11 -10 12 -12 -5 -6 -38 10 -17 16 5 5 20 5 -2 -13
13 -1 -2 -10 9 -25 -16 -4 -11 -26 1 10 -29 -3 14 -19
8 7 16 0 14 -1 -21 19 3 16 6 -12 30 -11 6 34
23 -21 1 -26 30 9 23 30 18 -37 16 -3 2 1 18 -7
-14 8 13 37 -8 -1 7 4 6 21 19 -13 4 -13 -26 3
-24 0 -2 -12 -1 -29 -20 -22 6 39 3 -13 -5 -14 -27 -7
-1 14 -15 -14 -20 -31 7 6 -16 -1 0 -1 -6 -3 -16 -25
-12 3 16 -9 -12 15 24 4 -12 13 -9 -18 -33 5 0 13
11 -13 5 -9 6 -19 -13 -9 18 3 1 -8 15 -9 -3 3
2 -31 2 15 -6 4 13 -4 33 23 10 20 -26 9 -6 -2
-3 -8 -18 -9 5 -11 -17 4 -21 -9 1 -34 0 19 31 -8
23 -21 7 13 2 -8 -29 27 -25 20 -8 13 -1 -7 13 -7
-28 15 -45 -9 -19 -23 -1 -8 -23 14 -8 15 -10 -5 -27 5
-14 21 1 -11 -9 11 18 -2 23 -25 -6 1 10 4 8 -4
25 -19 -14 -2 1 25 -26 11 15 -29 27 14 -1 34 5 -16
-9 -11 -5 4 -23 -22 22 9 -10 8 -7 14 -4 -10 -12 -21
-15 28 0 -8 -15 12 23 9 10 2 9 1 11 -8 -2 -2
