-19 -1 -23 35 6 -3 -10 13 -47 37 -11 -2 20 -9 4 -4
13 -2 12 -17 -3 3 -2 10 4 20 29 16 5 16 33 -18
-11 13 3 30 25 -8 0 14 11 -16 2 13 31 -28 21 19
28 -15 28 13 9 -10 32 -30 45 10 -2 1 -16 11 -22 20
1 -20 -3 -9 -22 18 -52 -9 -20 -4 26 -23 -29 17 12 -5
-28 31 2 -5 -14 -52 -3 -2 -10 -8 1 -14 20 17 27 34
-22 8 -9 -3 -1 -10 24 -4 -8 14 -10 -8 -11 10 17 -19
-11 15 5 -7 -1 -19 14 4 13 -8 -13 17 -21 -18 10 27
-24 23 17 -24 8 -20 -11 -5 -1 -17 21 35 -1 32 -4 -1
2 -6 -23 16 -10 12 10 -11 -36 17 -1 -17 26 -11 -3 12
28 -6 -9 7 22 41 -2 3 -13 -8 -4 3 -28 -19 13 -40
10 4 -14 -39 18 -14 8 1 -22 2 -8 15 -17 -1 -19 15
12 -4 -3 5 2 14 32 0 7 -4 6 15 14 11 40 1
-14 19 3 25 10 4 -6 28 4 38 23 2 -2 12 -3 -3
5 9 24 37 23 13 -9 1 2 11 4 45 -27 30 2 16
9 -36 -53 -18 -11 33 0 -25 -6 -21 33 18 -19 11 -4 -11
-8 10 -10 3 -1 9 -7 0 7 6 2 12 -40 4 21 -16
18 -45 -31 3 20 -9 -27 27 -8 -5 2 -20 -4 7 -6 -11
14 -7 -26 14 -4 6 55 -22 40 -3 6 -11 13 -1 22 13
9 15 13 14 -9 -21 8 -9 18 2 12 8 12 -12 15 24
-25 2 10 -19 0 -37 4 -8 -3 -10 -28 -17 1 1 -11 1
36 -23 15 26 18 -8 25 4 33 9 -12 -12 31 -34 -4 14
-30 -10 -29 -5 -11 14 12 -18 -2 23 17 -32 16 -20 -31 15
-20 -32 12 -21 -11 1 23 11 -1 -8 -14 14 -11 4 24 8
-2 7 -17 -34 11 -8 1 16 -14 -6 -35 4 -8 3 -11 13
-5 5 -3 -3 31 -4 -9 18 6 13 -22 -23 26 -2 -4 6
-16 17 -32 2 14 8 4 7 20 -8 19 -3 -15 1 -44 25
2 -27 -6 -40 -15 -29 -10 -43 0 -14 -7 38 13 15 -21 2
4 29 14 1 -11 15 -31 -11 23 24 14 -7 15 21 6 27
-13 -18 -18 16 3 24 19 6 -18 10 -8 -11 -11 -1 -38 6
15 4 21 -4 16 -5 -21 19 8 11 10 -29 33 32 1 20
-10 33 19 24 -13 0 -40 -5 -13 5 -26 -7 -7 -15 -14 -6
2 -28 -2 27 -40 -9 -19 -18 17 -24 12 5 -12 -5 8 -35
22 0 -27 -14 5 26 -1 -1 -12 6 12 -8 13 -10 -29 7
-57 -19 4 -22 -37 -14 2 18 -41 8 -23 -47 -6 16 -9 0
7 1 -2 13 26 39 -10 5 20 9 -1 -2 -9 5 15 6
9 9 -15 -15 10 2 1 11 12 23 -7 -16 -34 29 -2 -13
35 23 17 24 6 15 -5 5 12 0 -23 -12 7 6 27 -20
25 -1 2 7 11 24 -4 4 -20 22 30 -22 -24 17 1 2
-4 -7 -17 -9 -29 -49 -12 -15 13 -20 -28 23 -21 -4 11 -5
-24 -9 18 8 -3 -4 7 -31 35 34 7 9 22 6 22 1
4 -6 12 0 -5 -19 0 -10 -17 14 8 13 16 5 -22 -7
-4 1 3 10 -9 -5 5 0 8 -2 5 12 16 -2 10 26
-3 31 27 18 1 -17 -14 0 -5 2 -25 23 5 -3 10 -25
-23 0 14 12 -34 -17 14 9 11 4 -2 -20 -7 18 -20 -8
-4 36 11 -32 -24 10 -1 -6 7 -17 8 -15 3 11 2 7
-24 -19 -12 4 -1 -19 30 -15 1 7 -1 10 15 1 10 -6
-38 5 -26 19 -3 -11 14 -1 4 -17 -9 -1 26 -3 5 -14
-4 6 13 18 -13 9 15 -2 12 -19 -14 -6 8 2 -26 4
-20 13 16 9 -22 16 12 -29 18 -6 16 1 7 21 9 -3
-14 -14 -2 4 -5 4 1 -2 -11 -7 -16 7 -22 0 14 22
11 13 -7 -4 9 -12 -1 18 0 10 28 7 9 13 -17 -2
-13 -9 -9 -37 7 -35 9 30 3 -23 -21 -13 -3 -21 8 -14
-13 -27 -20 5 -2 8 -47 -8 24 -2 -5 -8 17 17 -24 -11
-10 14 40 -10 -31 13 -24 -24 -36 -10 45 -5 3 36 -9 40
-11 -1 -10 -14 -17 -3 17 -20 10 8 -1 -18 9 -7 -1 30
-6 19 19 11 -10 31 -17 -6 14 -10 7 10 37 -16 -2 14
-29 1 -1 2 -2 0 -28 11 -3 -6 -11 -6 8 11 -10 8
-10 29 6 28 5 33 22 -21 21 17 2 40 2 -1 -13 1
-18 23 -23 22 4 -15 -10 18 15 15 -3 16 11 -16 -25 15
-10 -35 3 20 -8 18 -5 2 -13 -15 11 3 -11 6 40 31
-11 -7 35 -5 -18 37 0 -38 -6 -10 -15 -12 -21 -2 -2 10
-29 -28 -30 -11 -7 -7 -26 16 6 -17 21 24 3 18 -49 29
13 -30 -9 -17 6 14 27 -15 13 28 -1 8 -16 17 3 4
