-19 -28 -45 -11 -53 7 -34 -37 -35 -40 -18 -23 -32 -7 -1 -16
26 -14 25 19 50 5 0 -3 24 17 4 -16 -7 -12 29 29
21 20 2 22 17 -5 3 8 35 27 24 -9 4 5 12 -1
2 -12 7 -10 9 28 8 29 18 19 -2 -12 19 -32 -3 51
-14 -22 8 5 20 -16 37 -18 19 -28 -19 -13 -15 -9 -4 -19
3 -1 10 16 10 21 14 24 16 8 11 9 9 20 -1 -37
16 20 7 -1 36 13 17 3 29 -4 -40 -4 16 22 43 -11
28 50 39 19 39 40 34 -1 46 17 22 -20 8 58 30 6
3 -36 -23 -16 2 -28 -11 -6 10 -3 7 -30 17 -32 5 15
-52 -25 15 2 -21 1 -16 -26 -22 -69 -23 -21 -5 -38 -19 -31
29 22 -17 -5 -2 -2 14 -24 18 -1 -20 41 -51 -2 -6 1
-30 22 -47 -40 24 -3 -28 29 -40 -16 -12 -2 19 -23 2 -27
43 20 28 37 45 30 8 26 47 38 52 35 9 11 26 37
16 24 11 36 -13 13 36 -18 -53 33 -3 24 -9 26 20 18
7 58 37 12 41 18 -5 35 36 43 59 8 26 2 65 -14
-30 -2 -32 -13 -36 -14 -17 0 -33 -37 4 -26 -23 -29 -30 -20
37 29 -7 30 11 11 49 14 -36 12 -1 51 30 82 15 25
16 -14 -24 16 -3 -17 -17 -30 1 -15 25 19 12 0 -4 -16
39 35 3 36 -4 18 -7 43 -2 31 14 -17 -39 16 39 12
15 40 5 9 22 15 22 40 18 49 11 29 25 81 5 73
-8 0 20 2 14 -43 7 -3 -44 18 -26 -33 -5 -8 -8 -14
-7 -2 29 -26 -4 40 -5 -5 -18 -6 -38 13 -18 0 50 8
22 11 47 9 31 8 -1 34 13 25 26 -8 -7 17 -26 5
8 32 -37 -5 11 -30 -2 15 -38 -32 -27 3 -8 12 -30 -17
-5 -51 -59 -19 -23 -57 -9 -24 -2 -61 -28 -33 -32 -42 -35 -4
-5 15 -15 18 0 13 -6 44 30 16 28 26 19 15 -16 -29
-40 -52 0 -35 -3 -24 -35 -39 0 -46 -27 -21 -10 -20 -49 -24
-16 -15 -32 -28 -20 -26 -21 -2 10 -24 -38 -22 -23 -5 -42 -44
44 7 10 25 15 3 52 58 -7 16 16 48 -28 26 -3 2
-38 -34 -11 -30 -32 15 -14 8 -39 -28 -31 -15 -36 -40 -42 -36
12 -11 2 23 41 -22 -1 24 -4 20 34 1 -4 -3 4 -40
-21 -32 44 -5 9 23 -16 -29 -16 -14 -49 7 12 -8 -46 5
18 -49 38 4 -5 9 19 -12 6 -1 18 4 12 12 35 48
19 5 -6 -7 7 12 4 17 12 19 14 -2 -27 9 -8 -11
-20 -59 -26 -6 -56 -16 -1 -49 -21 -44 -31 -40 -8 -51 -14 -24
6 42 37 44 1 51 20 22 -15 28 15 16 20 42 15 30
7 23 24 13 7 19 16 -9 42 12 28 29 41 28 -41 -20
20 8 47 22 19 46 22 30 18 35 -8 37 -34 18 34 12
-13 -26 -30 -12 -43 11 -38 -31 0 -27 24 -5 6 -11 23 -8
-3 -7 1 -20 -7 -20 43 -8 -1 -3 -23 9 3 -18 -28 9
25 -5 1 -15 -29 37 13 -8 -21 53 -8 22 -49 39 38 -12
-7 -12 -33 -4 -15 -14 4 -53 -5 -9 4 12 18 23 1 39
-7 -7 -7 -22 -3 -11 -25 -2 3 -16 5 -14 34 -41 -12 -6
-42 -1 25 -35 -11 25 -16 -13 -14 -3 8 -9 -22 -24 24 26
-41 -37 -19 -21 -16 -28 -3 -8 -19 -19 -39 5 -1 -9 -39 9
-22 -22 38 8 -33 19 6 -6 7 -18 -45 3 5 -21 2 3
8 1 -28 -3 -14 -12 6 -50 -30 -25 -22 18 21 -15 6 -3
-23 -8 -12 -29 -15 0 -28 -31 -26 -10 -23 -10 -9 -34 -17 -43
-21 -51 -34 -4 -47 -20 -20 10 -39 -18 -29 -27 45 -14 -34 -22
21 12 -8 -8 1 17 -2 2 42 -6 20 -1 -4 -4 -4 -13
7 -1 -24 -8 -22 -9 25 -5 -37 6 -12 4 29 66 10 -4
22 11 10 -1 -13 -15 20 -1 -7 32 2 -24 11 -10 -5 16
-20 -21 -27 2 -25 -33 -37 -13 0 -26 16 -1 22 -29 -18 -18
-15 -25 18 -14 20 -25 9 -35 6 -43 27 -10 9 -34 -26 11
-18 -28 25 -16 -15 7 23 -19 -23 -9 -6 14 13 35 2 -41
-41 3 -15 -14 -5 -19 2 -31 17 -26 -11 -35 -47 -2 -11 -51
-10 -10 8 -5 1 9 9 -13 17 20 15 21 -10 23 -5 -4
-31 -20 -39 -21 -29 -49 -51 -23 -28 -48 4 11 -8 -40 -34 -54
5 19 6 -11 4 59 -6 16 -2 5 -29 -11 -23 2 35 14
-34 -29 -13 -13 17 -23 -19 -18 -60 -29 0 -44 -58 -37 -42 -29
17 40 16 5 0 -15 11 11 25 -3 21 15 75 -4 22 1
27 19 -34 7 17 -15 9 24 25 -23 3 1 -8 -3 19 4
-6 -46 -1 -7 -50 4 -9 -15 12 9 -26 10 27 5 -29 -28
4 36 12 48 51 -15 21 19 -22 36 -2 8 16 16 -20 29
