2 -38 -53 4 20 9 -3 -25 -10 -27 -2 -8 -31 -51 5 -29
-8 -6 6 -26 11 -11 -20 31 -6 2 38 13 14 20 14 -16
30 6 2 15 7 9 13 0 -10 11 13 -12 -4 -1 7 36
29 34 15 50 37 4 0 17 6 5 9 -4 -1 44 3 48
-5 13 -27 5 0 -19 -31 5 -10 -9 -31 -39 -9 3 -17 -40
1 16 -1 6 28 -4 23 49 14 7 12 4 27 2 20 -10
-13 -2 17 -1 -3 -31 11 32 -2 7 3 24 45 1 -8 1
12 31 -14 43 38 2 -2 35 -6 38 -21 10 35 37 25 -8
16 -10 8 44 34 19 -14 -28 -46 0 -8 -35 6 33 0 -37
-27 -23 -13 6 -9 7 -35 31 8 -6 1 -51 -32 -30 -16 -32
-34 5 -13 0 -6 -3 -3 23 13 -6 -15 -28 20 -42 -46 -4
-5 15 9 -24 -3 23 29 -24 0 -34 12 -38 21 -7 12 21
35 30 46 30 30 46 -18 -9 6 14 10 38 10 22 6 19
13 2 18 16 22 13 7 -9 -6 30 17 18 12 -8 26 1
-12 47 28 7 23 28 -4 -9 -10 51 16 34 36 -12 28 36
-31 6 -26 -18 18 -21 -9 -35 -38 -56 -33 -9 -14 -13 -29 9
-1 23 -5 -9 13 24 -1 35 35 13 -12 21 20 -16 -3 -6
-20 -13 0 -7 -4 -38 -11 -4 18 10 -2 -4 20 5 -16 -2
24 59 39 -4 33 -7 28 0 15 15 18 52 35 31 7 57
37 28 31 23 6 15 -16 -8 11 33 31 42 6 15 9 3
-22 -42 -19 -8 -38 7 -15 -6 -29 18 -26 16 -4 10 6 -37
47 -13 14 8 10 27 -22 41 57 25 9 14 25 7 -8 19
19 0 -9 38 6 -14 8 -3 0 30 21 -22 38 30 11 11
-36 14 11 -53 -21 -12 2 -7 12 -29 -2 -38 -11 -23 -25 -24
-50 -23 -4 -20 -29 6 -23 -33 -24 -3 -63 -55 -24 -49 8 -27
-41 1 15 2 35 8 22 24 22 -12 -14 -13 20 -7 23 22
-1 -37 -37 -13 2 22 1 -38 -32 30 -51 -24 -35 -12 -11 -43
-6 -4 -58 -8 -27 -11 -36 -7 -7 -44 -19 -23 -8 1 -34 -29
6 12 15 3 15 43 14 -30 -9 16 1 -6 9 -8 21 50
-12 0 0 7 10 -10 -12 8 15 -33 -23 12 -29 -38 -18 5
-9 21 4 5 13 -19 -4 -34 1 11 -11 34 9 12 19 -20
24 -4 -11 15 -13 10 -26 6 -12 2 10 -33 20 9 9 -27
31 -6 -7 24 0 17 -33 31 -25 1 18 -3 58 14 -14 11
10 21 -7 44 45 4 -21 -23 -4 -24 -11 0 18 -25 -19 15
-38 -38 -12 8 -24 -35 -21 -35 -35 -25 -51 -15 -47 -30 -16 6
51 25 21 57 14 36 30 -17 38 19 30 39 34 -17 50 6
-2 7 3 28 -30 19 15 -7 -15 -3 -21 -1 -8 -46 -9 48
-6 22 24 5 21 22 14 15 25 28 18 42 -20 -6 12 25
3 -14 -7 10 16 26 -2 -6 -14 29 -5 -13 -19 2 0 22
-40 38 -19 12 -9 9 -17 -26 -3 -3 -9 2 -26 14 -19 29
-25 -36 -12 13 11 -29 8 15 29 25 31 28 52 -18 17 15
70 -21 -25 23 -6 2 -18 -7 13 -28 16 -12 0 16 -1 -10
-11 9 16 -1 4 7 -1 6 9 13 -3 -30 19 13 14 -19
7 -3 2 0 -9 15 -7 -9 -16 -7 7 57 -24 2 2 9
-35 25 -19 -34 8 35 -60 -1 3 -8 -20 20 0 -25 -3 -6
-20 -59 -2 13 -53 5 -35 37 -29 46 -27 11 -27 17 33 24
-32 -28 7 -9 -28 -5 -7 -7 54 9 -4 -19 -23 17 -18 8
1 -28 -20 -27 4 -3 -12 -8 0 -23 -21 7 -6 -16 -32 -31
5 4 -44 -21 -37 43 -26 24 -6 -48 -40 -20 -63 -8 -16 12
-15 6 34 36 33 -27 25 0 30 5 4 -44 31 12 -7 3
-28 15 28 -21 14 -4 5 17 26 -17 -23 19 -2 -44 5 -3
4 -4 1 25 34 13 14 -26 5 -19 -14 21 -7 16 17 -1
2 -24 -45 -4 -9 -9 -12 -28 -23 -3 -7 -18 -2 -19 -17 -41
5 -8 0 1 -5 -20 -3 26 -6 8 3 -9 -17 25 8 -45
15 38 -16 27 6 41 2 2 -9 11 -4 -11 34 6 -12 1
-57 -27 3 3 2 -75 -26 0 -6 -7 -19 -31 -3 3 -24 31
21 16 -16 -37 2 30 -24 11 4 12 -4 32 35 20 26 5
-38 -30 -12 -15 2 -44 -27 -28 18 -10 5 -23 -28 -46 -16 -33
18 5 -18 2 -11 49 -17 -4 54 1 39 22 5 -25 23 4
-15 -5 4 1 16 -19 8 -5 3 -7 -5 -41 1 -31 -27 -27
16 20 -17 27 3 -1 28 31 22 -11 10 4 -18 11 9 0
0 25 12 -15 -27 19 2 -25 17 9 -12 -2 -34 8 19 14
-16 -9 -41 -14 8 17 17 -2 6 15 -10 23 2 33 16 -17
16 45 28 -5 19 7 0 14 -7 -25 12 -1 2 21 13 -4
