-36 -7 -23 -36 -25 -26 -16 -15 -21 -18 3 -17 -31 -26 -15 -31
4 3 0 0 3 20 -9 3 11 10 28 -20 13 -4 3 0
10 12 15 0 12 24 32 7 23 17 5 24 23 5 27 6
13 -10 16 38 12 26 16 -3 11 36 -3 52 35 12 10 16
-16 -2 -24 -9 2 -23 -30 -7 -32 -14 20 -26 -21 -21 -21 -28
10 14 -6 6 22 36 0 24 26 24 5 -3 16 17 15 27
29 33 -5 9 -3 31 1 26 19 24 24 13 4 -6 23 5
10 44 20 20 22 23 36 7 4 25 43 21 35 13 37 7
-22 -3 -22 -12 8 -9 -23 -8 -23 -8 -2 -22 -13 3 5 10
-17 -7 -5 0 5 -19 -29 -23 0 -31 -16 0 -37 -29 -25 -23
-1 28 15 -26 -2 -26 -12 -11 6 -10 7 -14 -15 -17 3 -13
4 -9 10 7 -20 -4 -26 -10 -21 -4 -13 -26 2 -8 5 -11
14 21 27 43 35 38 34 42 17 31 22 9 28 70 29 19
-11 13 -27 7 11 -17 2 4 -17 0 4 7 6 29 10 -1
28 35 6 13 6 -6 26 10 38 21 29 9 36 9 17 16
-19 -2 -23 -2 -7 -24 -27 -17 -42 -20 -6 -30 -27 -24 -23 -32
24 28 -1 -1 11 4 11 16 14 16 33 17 5 8 11 11
-18 -8 -3 -5 7 -4 -10 -5 -10 -22 -14 -8 -8 -2 -12 -26
40 21 27 26 17 19 27 15 29 21 16 19 58 30 23 18
41 24 11 32 5 16 42 23 3 36 27 25 35 54 27 12
-24 -12 3 -6 -10 -21 -11 -11 -32 -8 -43 -20 -26 -3 -11 -25
17 -3 -18 6 16 2 5 19 -2 3 4 18 -6 30 2 4
-8 36 18 9 10 -12 28 4 8 2 20 11 19 4 -11 10
-18 -8 6 -15 -12 -30 -22 -15 -13 -3 -23 -44 -21 1 -3 -25
-48 -46 -21 -18 -24 -24 -40 -6 -58 -27 -37 -33 -18 -15 -16 -25
8 3 4 21 25 36 18 9 27 8 -6 18 6 16 9 15
-26 -7 -22 -29 -21 -28 -5 -23 -4 -19 -5 -20 -15 -1 -23 -9
-26 -30 -24 -17 -33 -19 -33 -24 0 -37 -14 -43 -17 -13 -21 -33
4 36 3 21 22 15 23 17 12 3 -10 -13 12 28 7 33
-20 -5 -2 -8 -8 -34 -11 -27 11 -26 -11 -17 -5 -2 -9 -32
9 -9 -20 17 8 9 18 30 18 19 25 20 -12 14 -10 26
-10 -20 -16 -13 -26 -9 -4 -13 -7 -8 0 -22 -21 -10 -16 -14
24 1 4 -20 16 34 -5 10 26 -14 10 7 26 15 3 32
24 6 10 0 -12 1 23 -28 8 4 7 13 7 11 12 15
-37 -55 -3 -30 -9 -41 -24 -21 -30 -19 -32 -14 -56 -30 -28 -39
17 25 14 3 28 25 2 19 15 17 18 31 32 29 23 21
15 -3 14 12 19 -11 20 7 18 -2 14 3 -5 -3 20 14
28 15 8 0 10 6 14 23 24 20 18 -10 15 27 6 15
-2 3 2 7 3 -15 -6 -3 1 -17 -1 -3 -4 -14 -5 -28
-3 -19 5 -24 -11 -7 -18 -24 -23 -26 -28 17 -9 5 10 -8
10 4 12 9 9 13 16 19 21 18 4 10 -9 8 -2 18
27 -13 -4 -12 -8 21 13 4 -18 -6 -15 25 -2 -4 7 -20
6 -13 10 -6 -13 23 18 -5 -5 11 -8 -2 19 9 -13 -8
-1 -5 2 -18 -15 -7 -13 -7 -6 13 5 13 -11 20 1 -7
-6 -22 -16 -18 -6 -12 -17 -8 -15 -8 -7 -17 -3 -1 -33 -5
-22 -13 -6 9 -6 -18 -6 -5 2 22 -6 20 -21 -1 -5 18
-13 -23 2 -1 -8 -3 -8 21 8 -6 -10 9 -21 -14 12 15
-14 -3 -24 -14 -16 -27 -25 -24 2 -20 -24 6 -40 -33 -18 -15
-14 -45 1 -13 -13 -4 -13 -21 -5 -24 -38 -23 -20 -18 -8 -17
-5 17 3 19 16 15 2 6 8 23 6 37 19 18 9 26
7 7 18 -5 10 17 -4 22 7 14 9 33 -11 11 9 10
-2 -5 8 18 16 12 13 14 8 -2 -1 32 -4 8 5 -3
-47 -28 -15 -22 13 -16 -20 -3 -15 -13 -5 9 2 -1 -15 -2
-3 33 -22 -19 -4 -32 -15 -22 -19 -3 -10 -1 -18 -15 -6 -15
-5 -19 15 -6 -18 -30 -26 -18 -4 -14 11 -1 6 -6 -13 4
-20 -27 -13 -10 -14 -30 2 -10 -22 2 -12 -7 -10 -20 -15 -2
20 21 -17 11 5 18 16 8 12 5 33 -14 8 2 7 13
-45 -30 -22 -8 -19 -25 -12 -14 -9 -29 -30 -20 -11 -30 -22 -11
-3 13 11 21 12 -18 12 7 5 -3 10 17 20 0 0 9
-26 -27 -11 -26 -34 -39 -5 -27 -3 -27 17 -24 11 5 -1 -6
-7 -2 26 0 15 1 20 13 32 2 -2 -4 5 2 33 -2
14 4 4 -6 -10 28 5 20 25 12 8 18 10 -4 -5 -1
-11 -6 -3 -13 -16 -15 13 -5 -3 -24 -15 -18 -10 -11 -1 3
31 19 7 32 7 8 16 16 4 24 19 20 17 15 8 3
