-4 0 -26 -15 -10 -7 -21 3 16 -29 -31 -37 -25 4 -38 -34
6 -15 -17 -3 2 -12 18 7 -8 7 -4 14 -4 51 4 8
30 8 22 -4 -11 0 25 22 -10 15 -8 30 18 15 -27 3
14 -8 6 12 2 19 15 3 15 33 14 4 9 24 18 17
-21 -1 -11 -15 -6 -24 8 13 -9 -12 6 -38 4 -5 -12 -3
36 15 4 7 11 9 33 15 -3 -2 4 24 2 17 8 -1
-1 -5 -22 -4 -3 2 -10 -5 -8 14 9 27 2 -2 18 4
19 17 -2 18 8 23 19 10 25 -15 19 -8 -8 14 -25 4
-14 21 -2 15 -6 -9 12 13 8 -11 -6 10 19 -9 -29 -27
-2 -10 -19 -17 2 0 8 -26 -10 -19 1 -23 -20 -46 -29 -19
-4 -32 10 6 -1 -18 -22 -19 -20 6 6 -10 0 -23 6 -7
1 1 -15 9 -9 7 -16 7 6 28 9 3 15 1 28 -1
40 4 34 21 29 29 9 10 8 48 41 11 15 16 23 33
-12 -12 -7 -14 8 14 -15 13 21 7 12 9 -17 11 -1 11
11 4 22 15 28 -7 29 20 19 12 11 3 9 27 0 22
-9 -5 -27 -8 21 6 -19 -12 -3 -14 -7 -2 -11 -7 6 14
22 -40 19 4 30 10 -6 9 19 -10 15 8 -8 9 14 3
-9 -15 2 -7 4 0 -16 -11 7 -25 6 -7 -7 8 10 3
29 8 36 5 -3 47 29 13 16 25 25 34 18 26 46 12
25 10 9 -2 7 11 11 31 16 33 27 46 13 19 25 -2
-24 -25 6 -17 -8 -8 -25 -16 4 -23 -35 -33 -21 -14 19 -10
23 16 -4 -13 14 13 19 17 2 14 7 3 28 -22 4 -2
6 -9 17 -14 -12 11 0 -16 9 -7 19 -24 19 18 9 -5
-10 -22 -22 1 -8 -7 -20 -23 -11 -31 16 -15 -19 -32 3 -7
-42 9 -12 -17 -24 -25 -28 -14 -35 -23 -12 -15 -6 -36 -33 -40
18 6 8 20 27 -13 12 -3 -3 16 6 -8 4 33 14 3
-26 -8 -36 -39 -7 -11 -7 -10 -22 -32 -26 -17 1 -22 -22 -6
-28 -31 -35 -19 -26 -11 -20 -21 -27 -26 -28 -25 -33 -14 -32 -27
12 3 25 10 7 31 18 38 10 22 -1 -33 12 31 18 39
-3 -5 -34 -12 -16 -16 -8 -13 2 -16 -10 -16 -17 -15 2 -20
0 -1 29 14 40 5 16 -4 -5 5 -11 -5 -6 17 -1 11
10 -9 -19 -1 4 -11 -5 9 17 -20 -18 23 -12 8 -20 -24
1 0 2 -1 0 13 20 8 -26 10 -8 -3 11 -4 18 8
6 -19 3 2 27 22 14 -7 -7 19 -12 -13 14 5 15 8
-33 -19 -16 -25 -33 -26 -20 -3 -19 -51 -23 -20 5 -12 -6 -36
38 12 21 20 23 8 14 31 34 -18 6 10 36 26 16 28
-17 14 11 3 6 8 4 6 22 10 -16 -19 15 -12 2 15
3 26 32 20 6 27 18 -7 8 24 -9 26 11 2 21 28
-17 1 -14 -18 1 -3 11 22 0 -5 -10 -19 8 6 -16 5
-16 -5 -13 4 2 -19 -11 1 1 -2 -31 0 -7 -16 10 -28
34 -28 9 -3 14 21 -3 -1 29 11 13 -10 -17 27 8 19
-18 -11 9 2 -7 1 -8 -6 -5 -1 7 -3 11 -11 12 9
0 13 23 13 12 -14 14 22 -9 -21 20 17 11 13 22 -13
6 6 -17 -7 -12 0 -21 -1 -9 -13 -43 19 -27 4 -20 -12
-32 17 -16 4 8 -22 -8 -14 -20 -29 -17 -5 -13 -22 -10 -49
-10 5 -12 -24 -9 27 -8 19 -7 4 -19 -9 -2 1 -24 -12
4 -11 -25 4 -5 -9 -19 -1 12 6 22 6 1 -10 -4 -20
-3 -26 -53 -25 9 4 -19 -13 -20 0 -14 -7 -8 -20 -14 -18
-17 -32 -7 2 3 5 12 -9 -11 -2 -20 -29 -19 6 -18 -12
26 36 1 38 6 -19 -4 18 9 24 25 29 24 -8 -12 -5
22 -18 -4 22 25 -8 -5 9 37 -11 11 13 -2 3 32 -24
8 15 2 10 5 -2 10 0 -1 -19 27 2 5 7 7 -4
4 17 -11 -10 -2 -16 5 14 -14 -3 -23 -12 16 -18 -15 -33
-7 -11 -20 -1 -11 -7 -9 -8 8 -13 -39 -29 -28 2 12 -20
-8 7 -3 -15 -15 -3 -5 9 13 -6 -6 -7 12 12 16 6
-2 -4 1 -6 -6 4 -27 -23 -6 -16 0 19 -13 -8 -8 -20
-5 33 21 -16 -1 7 9 9 27 -16 32 -10 26 -15 -16 -15
-29 2 -24 -2 6 -55 -27 -5 -3 -4 -38 -2 -38 -4 -22 -26
-8 2 -3 -9 13 -13 -14 17 14 7 14 26 21 0 -10 6
-5 1 -21 -9 -25 -14 12 2 -51 -15 -16 25 -25 -14 -11 -3
25 -3 11 12 22 -5 4 14 23 22 5 8 -17 10 8 5
-24 -5 11 -11 5 3 -15 -21 -16 12 19 30 1 -5 -1 13
-12 3 -2 -16 2 -5 -7 1 6 -44 -34 -14 -6 5 -1 -17
12 -23 18 30 30 16 -3 -9 10 23 27 -2 -12 -8 34 1
