-7 -26 4 -31 -48 -18 -17 -25 11 -23 -28 -12 -47 -9 -20 -33
22 0 6 18 -3 35 -16 -4 -8 14 13 -19 21 6 -5 32
26 -10 33 10 32 15 -6 19 22 2 14 21 13 -14 0 -9
31 34 9 19 22 37 5 39 48 35 5 40 8 2 15 40
-9 -34 -27 -16 -15 -21 -23 -22 -6 -31 2 -19 -10 -11 5 0
20 15 17 6 -1 22 14 -1 27 17 25 22 23 21 23 15
14 -6 14 1 6 1 -8 1 9 -16 31 3 12 -17 0 -5
37 23 48 9 2 -12 -14 12 30 16 30 21 43 23 25 -4
-2 -50 -34 -29 5 -28 -8 -18 -23 19 -5 -21 -19 -1 -36 10
-45 35 -7 -44 -27 2 -30 -30 -27 -21 -22 -25 -27 -9 -14 -55
-11 -14 -23 13 1 -14 -9 16 -32 -17 -18 -17 -5 -8 1 -48
-6 -15 -26 -14 1 10 26 -21 -5 20 -14 -21 10 4 -15 21
15 27 8 39 8 12 52 35 37 1 46 31 23 49 36 32
21 6 -2 15 -36 -2 10 6 -25 12 -25 -1 8 2 18 14
51 6 14 11 17 11 29 6 1 19 44 29 14 17 14 28
-26 -53 -17 -48 -40 -24 20 -14 -23 -7 -12 -49 -20 19 -24 -14
17 29 23 39 20 -21 25 36 10 10 -3 15 41 26 24 5
-7 -28 -11 7 -38 -12 2 -14 -15 -11 10 -25 -6 -45 -17 -9
24 36 36 63 13 70 52 42 52 16 24 46 47 50 52 26
3 21 15 61 42 24 20 38 57 11 37 35 47 26 19 35
-12 -30 -20 -31 -20 -12 -38 -37 -44 -19 -18 -17 -24 -7 12 -15
-9 28 -3 3 -19 -14 -9 18 8 28 -3 3 19 -12 -12 -3
16 21 13 18 -19 28 18 -2 15 5 24 -7 2 41 -3 0
9 -21 -21 -9 -22 -10 -13 -25 -5 -18 -38 -40 10 -12 -13 -13
-63 -34 -44 -33 -27 -20 -40 -48 -34 -32 -52 -3 -46 -30 -51 -46
13 9 -11 8 17 14 22 43 39 19 25 -7 23 21 1 26
-74 -38 -41 -17 -52 -3 -29 -8 -22 -56 -50 -33 -40 -44 -28 -38
-11 17 -19 -19 -53 -10 -18 -40 20 17 -16 -63 -49 1 -46 -38
29 11 -7 34 -15 11 30 1 38 25 -5 4 26 54 -13 8
-46 -23 -47 -22 -26 19 3 26 -33 -29 -16 -9 -34 -8 -32 -24
31 5 14 6 -8 -1 -5 -7 17 29 27 -4 9 10 16 34
-22 -3 5 -18 -10 -26 -26 0 -20 2 -13 -9 -13 -8 -11 3
11 39 31 13 -2 15 1 23 -18 45 32 2 11 16 -4 0
-18 2 23 16 11 11 -9 3 28 27 32 -5 16 23 -18 17
-60 -41 -54 -24 -23 -16 -12 -21 -24 -54 -52 -29 -23 -36 -45 9
38 50 25 12 15 19 40 39 3 15 6 33 24 9 32 48
10 1 17 -20 17 13 37 14 38 8 16 7 28 16 5 15
9 24 25 27 3 10 8 16 5 35 14 34 47 40 33 8
-15 -5 -16 -4 -31 18 15 -2 1 -12 -26 -9 -25 -1 18 -3
-9 5 -10 -6 -2 -27 3 -23 -7 -1 -17 11 -7 19 -28 -16
38 6 25 19 -29 5 33 27 21 40 -18 -20 -41 21 22 13
9 30 2 15 12 -19 16 19 -3 10 -12 -4 -29 -36 16 12
24 14 -1 -4 -6 -3 -24 -30 4 14 20 16 -4 1 -15 9
-19 10 2 3 2 -30 -8 -12 -4 0 1 25 -4 4 -3 -11
-36 -20 -34 -32 -7 -5 -37 -37 -25 2 -21 -11 -26 -13 -19 9
-37 22 -19 3 -8 -3 2 -12 -25 -1 11 -18 15 30 -26 -8
-28 26 15 13 -7 -17 16 -29 -8 -10 -2 3 2 -13 -9 -24
-41 -40 -21 -28 -20 -5 -3 -15 -22 6 -16 -14 -12 6 -6 -38
-17 -14 -10 -45 -5 -25 -26 -17 -16 6 -5 -11 -26 -8 -25 -13
10 40 15 -6 53 13 2 9 19 1 8 35 13 6 -4 -2
24 -8 1 4 25 7 23 17 6 -3 23 21 26 17 9 16
9 -11 6 26 21 4 11 23 -8 16 25 -2 11 -6 12 13
-25 -22 3 -11 1 -3 -1 -11 -3 0 -14 38 -35 1 -1 -24
-10 -24 -5 3 -5 -43 -42 -41 -17 7 8 -5 -5 -1 -25 -37
9 9 -19 -10 -5 22 23 -6 -19 -23 -27 -4 -30 22 10 25
-6 -7 -34 -19 -39 -12 0 -15 -27 -27 -21 -20 -8 7 -9 -4
15 11 9 4 -13 28 21 26 -6 -5 43 12 7 17 -4 5
-18 -45 -61 -50 -6 -21 -1 -46 -49 -10 -21 2 -25 -30 -54 -45
2 32 24 7 10 -2 13 0 3 19 13 28 -2 23 8 -9
-57 11 -1 -2 -22 -16 -37 -23 5 -5 -21 -1 -5 -28 -26 -41
21 5 7 4 30 -12 -4 12 12 -11 23 9 16 -8 22 12
-3 19 26 0 -3 -7 -1 0 8 -36 13 3 27 16 3 -4
17 -33 -12 -10 -22 -4 2 -8 -36 12 -5 -31 -48 7 -5 10
22 3 65 39 33 15 -16 25 28 31 34 12 26 10 37 -2
