-13 10 -14 -3 -6 -11 24 7 -43 -1 -26 -6 -2 9 -18 0
-18 -2 -16 -25 -17 -6 -24 12 -26 -15 -17 0 -14 5 38 11
-12 -15 15 26 6 -3 23 5 30 -1 -2 40 18 30 31 -26
-3 1 -10 1 -17 50 -26 17 22 22 -2 -5 -28 0 -30 12
-5 -2 20 -13 14 0 30 -31 -46 8 -4 -44 5 32 -31 20
-1 -12 1 -12 -1 6 15 15 1 0 15 -5 -10 -17 40 3
-18 41 24 -13 -19 -10 -9 -8 23 -3 10 0 -9 7 14 17
7 -17 21 11 5 -23 11 -15 -18 -23 -5 -13 34 21 12 -3
-1 -41 0 -10 3 -29 5 -16 -11 -17 -19 -23 -25 -16 -1 -17
-32 6 -34 37 32 23 -29 1 16 11 27 -16 -16 -30 -12 20
17 1 53 -46 1 -26 25 -49 3 15 -27 7 15 23 -11 13
2 -9 15 -31 -27 -6 44 15 -3 16 -2 -13 -4 -48 -35 15
-2 -25 1 -4 32 3 14 0 32 8 24 11 -1 19 2 10
-8 -15 -23 -19 27 -21 -33 6 1 -17 22 4 27 12 -15 29
9 -2 -10 -19 9 8 6 -2 -8 16 -48 0 32 26 -1 -33
2 -1 4 4 11 -10 -1 -15 -13 -9 -17 -2 -13 25 -44 -2
18 14 12 -25 10 8 5 -19 -16 -13 2 9 17 20 -19 22
-47 23 21 -20 20 -6 23 3 15 18 9 17 8 -12 -16 7
6 7 -12 -43 10 26 30 30 -1 13 0 1 -11 36 8 -14
11 5 7 -24 3 -11 -24 14 31 25 33 -10 11 1 34 18
34 -14 -29 13 -8 -5 -1 -8 25 9 0 -18 -43 -21 -5 -23
12 2 -13 -2 -19 36 -22 9 12 39 3 22 20 11 -7 39
16 -20 -16 0 -12 -12 26 -4 17 -28 25 -23 -26 11 -5 -7
-5 -32 -10 -32 8 -11 27 -21 -40 -26 6 6 -9 -29 -13 -22
-18 -28 -28 -13 -10 -8 9 -8 -19 -11 -15 -3 -14 -6 -9 6
10 -28 18 13 8 -18 0 17 -4 -4 18 -7 18 -6 16 -12
6 -6 -21 7 15 10 1 -40 -29 -10 7 24 22 17 -31 -9
-11 -5 11 -31 -19 -4 -5 -13 -15 -41 10 5 -4 -4 -38 8
-4 18 13 -9 13 1 37 -1 -4 -8 4 -9 -18 2 -3 11
6 4 0 -31 -2 11 9 11 -32 6 -4 4 10 3 -10 14
-27 -7 14 15 23 34 -18 30 -23 -14 14 -19 -4 25 12 -36
-9 -13 -4 -5 -7 -24 10 27 -21 0 -17 -21 8 25 -8 16
40 49 -10 15 5 -8 -28 7 14 5 39 28 9 20 21 0
-4 0 41 4 -21 20 7 -16 3 45 -25 3 13 -5 -9 11
-33 -16 17 -1 -9 -8 -30 1 11 19 -20 -1 -34 -1 -25 -6
-11 -21 -3 -1 -11 24 38 24 -33 3 4 7 17 3 -3 14
4 32 14 19 9 14 53 -17 16 1 19 -16 -1 -46 41 -12
-1 10 -16 9 15 -17 8 -4 -8 23 -27 8 18 9 40 33
-23 15 -5 -27 34 8 -3 7 -15 1 -11 -4 -16 -23 1 -33
4 19 -6 11 4 -18 -22 -11 31 27 1 -1 4 -3 -17 -9
8 8 11 -43 6 9 -6 2 4 -8 -1 -7 -14 14 -3 15
11 14 38 41 -27 8 0 7 19 -11 -5 6 -53 -9 -27 -2
14 -26 -12 27 2 -16 0 31 7 5 -1 10 9 -24 4 -47
-24 27 -10 5 -20 2 -27 41 9 29 -17 3 -5 18 -5 51
-22 20 5 -11 -28 -5 -54 12 -18 20 34 2 -22 -6 1 -7
-31 7 -22 8 11 -10 -30 -12 30 1 -25 5 8 1 -5 -8
-10 -11 -28 -7 13 13 -21 1 24 -29 29 19 -4 -5 -24 -2
3 -39 1 -37 -15 11 -17 2 11 -2 9 19 9 14 -28 10
13 -6 -11 15 -8 12 -21 2 -4 -8 -11 9 8 -28 1 -11
27 -1 13 37 25 10 -14 -9 19 9 40 -12 26 30 21 -40
-1 3 4 -13 -5 -11 5 -2 1 0 23 -1 -1 -16 7 -28
1 -6 -4 36 6 -3 -6 16 0 -30 -5 -4 -16 26 -9 -22
21 -16 -4 5 1 1 -4 4 -21 6 13 2 26 -6 -9 -7
2 19 -35 20 -39 -15 9 -25 28 24 8 20 7 22 -22 21
-21 20 42 -3 21 9 -12 23 -4 16 4 -2 -29 18 -17 -32
-28 -29 1 33 33 -16 0 12 6 4 -18 12 -20 -3 -15 -39
-30 -22 34 -11 -25 15 17 4 -14 -11 -12 13 3 -1 19 -27
-13 -8 -12 -19 22 -21 -19 38 -14 11 45 -16 14 -47 19 -20
-2 1 -29 -1 -30 17 -5 26 34 5 12 -4 -3 32 -7 19
13 -11 -28 1 36 -26 3 11 -37 -24 15 16 21 7 -18 -2
14 13 5 15 29 -34 -8 -41 14 -30 -12 0 11 -18 8 -18
-30 6 7 6 -36 -8 4 -4 17 -20 25 -4 15 8 -1 -11
18 -14 -1 24 3 19 2 -8 5 -2 -12 19 15 24 -36 -75
30 20 12 24 0 30 -6 -7 3 -43 33 -13 -28 14 9 1
