-18 9 -25 6 17 9 5 -36 -23 9 -20 15 12 30 -2 -19
12 19 24 27 -2 8 9 -21 2 4 -15 -31 -15 21 38 -10
2 19 -13 -17 24 -8 2 -42 -5 36 -26 9 -7 3 -4 10
-29 1 11 17 4 12 -6 -12 12 -11 21 3 15 -19 -17 -8
-4 2 4 -3 18 -24 14 -4 20 17 8 -8 -9 38 -16 19
10 6 4 0 -6 10 1 -3 11 -8 -13 13 14 1 2 -6
-9 -3 9 32 -18 -10 -14 -7 4 -1 -14 0 -11 15 12 -26
-40 14 -16 7 13 10 20 16 -4 5 -32 29 11 32 -31 5
-9 7 -10 -4 19 -23 -11 -24 26 -20 12 -16 -3 -1 -19 15
11 -22 -32 3 1 -2 -2 17 9 -1 -19 20 22 4 -4 0
-9 30 -13 16 18 -34 -5 39 12 -16 -27 -12 -25 4 -12 16
17 -1 -12 8 -24 5 -7 -12 9 -8 33 -2 -7 4 41 14
2 -9 -18 11 2 -17 10 17 8 15 11 -13 10 -4 2 9
-1 5 -15 16 13 -16 13 31 -1 2 -1 -4 -11 3 31 0
15 18 23 -8 -7 -13 -2 -12 1 -2 -10 26 -1 8 14 10
-15 1 -11 5 32 0 3 10 21 -23 10 -24 -32 6 34 6
-12 -9 -41 -15 16 15 -5 32 3 20 -4 -17 7 38 15 -14
-25 26 10 -1 -15 -11 -12 17 18 -7 -14 -9 4 -18 2 -22
-6 -19 1 -10 15 29 -1 8 -2 13 13 3 -6 -4 23 -16
-7 -6 -5 -2 13 14 23 -6 49 15 18 14 41 -3 -2 -1
-10 4 10 -20 8 2 -10 10 -11 11 -10 -16 -4 -20 -11 -9
-13 -21 -16 -5 3 3 11 2 25 -8 18 -18 27 4 -6 -8
-16 6 -16 -42 10 -18 -25 7 -21 8 -21 3 -12 9 6 19
-14 -17 -8 20 -5 16 10 5 -4 -7 -12 -9 -24 -1 40 -16
14 -3 -6 -24 -14 -24 -26 2 -16 22 15 5 -5 3 -5 13
15 0 -7 13 -8 27 -18 -25 -16 5 -26 8 7 -10 -4 6
-17 -17 -2 -3 6 -17 15 3 7 27 -10 14 5 3 -30 5
-12 1 -17 7 15 -19 5 -16 6 -15 -5 28 14 10 14 11
3 -1 18 2 -13 20 -8 16 0 26 23 -26 -3 12 -13 3
7 -20 -19 4 -4 -10 4 -4 -6 -30 -15 12 16 19 -6 7
19 8 9 4 4 33 -4 10 0 -11 -8 -40 -23 -31 -22 -24
-20 16 -41 -7 15 -7 21 -4 9 0 -21 -4 46 -3 -18 -23
8 -4 -16 -15 5 -5 5 14 3 7 2 22 -4 17 7 10
-13 17 17 -4 15 4 10 7 13 -10 4 -27 3 21 0 7
-3 -25 -1 -6 -15 6 12 17 -10 -11 6 -5 -18 9 -16 -28
-3 3 10 2 20 2 -11 22 -24 21 -7 -8 13 25 6 -27
31 -39 19 -27 -6 38 -25 6 3 -36 11 27 -7 -19 -35 -6
15 7 -1 -15 -13 -14 19 16 -2 2 5 -19 6 -14 -12 -7
-25 -3 5 -4 29 12 7 0 10 9 -4 5 1 -23 -3 -13
7 -1 -4 9 10 5 -14 25 -1 -3 -8 15 18 14 -22 1
-18 11 11 -3 24 32 1 10 -4 -8 12 17 -7 -12 18 -16
13 19 -20 -18 -11 -11 -12 2 10 -23 27 -9 -8 -8 1 -3
-9 -3 7 -12 2 -5 -28 12 5 -2 -8 -3 -21 -22 1 -7
-6 -3 -11 17 8 -9 27 -2 0 -1 -18 16 9 -22 -18 18
25 -31 22 28 0 37 40 2 0 -22 -6 -6 -14 -1 -6 -3
-11 -21 17 14 -14 -20 -19 22 -16 -13 -18 -11 21 14 -23 -6
-5 -4 -11 -8 -16 -9 -10 26 -14 25 5 0 -4 -13 -2 -3
19 -2 -15 2 20 -8 27 0 19 -6 -5 -2 36 -8 11 7
-2 -11 10 11 3 7 5 -35 -6 -9 8 -10 23 -20 -2 -18
8 1 1 -6 -2 0 -2 9 6 14 18 17 -14 -17 -25 14
-13 10 -29 -20 8 0 3 13 10 12 -20 -18 4 -2 12 -7
9 32 -4 -7 -3 26 12 19 6 21 -6 -7 8 12 -18 -2
-33 -45 -3 -25 15 -2 -3 21 -4 -22 -17 12 21 -3 -13 -9
4 -13 34 7 4 -3 -6 7 4 16 0 -5 -19 -27 11 17
11 -15 -24 -7 -6 16 23 -19 2 -1 35 27 5 -6 8 -12
-26 4 -12 3 31 -15 -12 8 5 3 -6 1 -30 -1 -1 12
24 10 41 -11 -8 19 19 -18 22 0 11 -15 29 11 -9 28
-7 -8 -13 11 6 -37 -26 -19 -1 -1 -16 -2 12 -16 -16 11
24 -3 10 17 -8 -29 10 10 -17 13 7 8 20 -11 9 10
-25 14 -45 -2 14 -22 0 8 -19 -9 -38 21 -12 -23 -9 16
4 -2 3 2 -20 14 1 -21 15 -23 5 43 17 0 0 -21
1 6 16 -14 -21 -17 10 11 1 9 -6 5 17 24 11 -6
-8 17 21 16 21 -15 -6 -12 -2 -16 -35 -16 -27 3 10 -26
16 10 -13 -3 5 34 4 12 -23 -5 -9 -21 -11 12 39 19
