25 0 10 -2 28 16 -16 -23 2 15 -2 31 -9 -16 13 13
26 -2 11 2 -6 -2 -12 -13 -21 8 32 -5 5 -7 21 -24
-8 26 22 -20 33 1 3 -4 -28 22 9 18 -4 -30 9 11
-4 21 14 4 33 5 -22 -39 -24 -24 4 1 3 -15 -32 12
-10 -42 -4 20 -17 7 -7 38 -2 -6 22 -14 -32 17 21 3
4 4 -3 -39 -27 16 44 34 14 1 -2 33 -40 26 6 -9
15 -19 4 -3 -7 -18 -4 13 26 21 -16 10 21 12 -13 -15
15 7 -37 24 24 -4 -12 11 -2 26 -8 5 17 -18 28 3
-2 4 -1 18 5 15 28 -22 -22 10 4 -14 -7 12 -9 -5
-17 -40 0 -26 -3 -28 3 -10 13 20 20 45 -26 -4 4 -14
-20 7 -4 33 -24 2 5 33 -4 -10 10 -18 -6 3 -34 -17
11 1 11 9 -14 -17 -9 32 -5 -32 -17 22 17 -16 -12 -29
13 -4 8 -4 -23 -7 20 3 -38 2 11 6 0 17 5 25
-7 17 1 15 -2 -8 9 -26 1 -4 -7 15 7 -23 0 19
22 2 13 -9 -16 8 31 22 13 -17 -12 14 -19 7 -16 -30
4 2 -7 46 3 11 -2 -28 -11 -19 -30 -1 15 4 -19 -6
-2 24 -14 1 -21 18 -4 -4 4 0 4 30 9 2 16 31
-9 13 -11 5 12 -17 -7 29 -39 -8 7 13 3 27 -13 -7
40 28 30 9 10 17 14 -27 2 2 -10 2 42 5 -25 1
4 13 -1 -32 24 -24 -9 -21 13 5 0 0 -2 -19 45 13
-3 -28 0 2 -11 -2 -22 -24 -35 -3 -10 1 -22 -16 -30 -17
-28 -11 -8 -12 3 15 -12 5 -5 -17 -18 1 3 -21 3 -22
7 14 -10 49 -6 11 -1 -7 9 -17 -41 -11 15 6 -14 3
15 -5 13 7 18 -1 -18 9 20 1 -8 15 -10 -5 6 -21
4 -41 3 -15 -38 7 3 -9 -8 0 34 -18 -9 -14 -14 -13
-1 30 1 3 -15 -4 10 18 -20 -8 7 -18 -34 11 -12 -12
-25 -41 -6 -5 -47 22 10 -30 5 36 -8 -20 -15 4 -7 2
-14 11 -18 -16 -9 -29 -2 39 1 -14 -8 -26 -15 3 19 1
5 19 16 20 -4 25 -11 -3 -12 5 -36 22 13 -34 -16 20
-21 -26 -11 9 5 28 9 2 -19 -14 -25 16 -18 5 6 -11
16 47 -10 -23 2 16 -16 -10 -27 11 6 -25 -16 18 -34 9
-13 -9 -5 4 26 3 -13 -42 -23 10 6 7 -20 -2 -1 5
17 -12 -16 3 -5 -12 20 28 17 -8 -1 -4 8 31 36 18
28 12 -22 22 11 20 -1 -3 -2 5 -10 -5 -24 -31 -26 -14
21 30 -17 4 -8 9 6 -26 -19 14 -5 -6 -1 -4 -16 11
13 20 0 20 41 41 20 -21 39 -37 -9 2 14 21 1 6
-7 -13 -23 -8 19 -2 4 19 3 -30 -4 -17 -5 29 14 6
-2 0 -28 4 -6 21 22 38 -16 -5 1 24 8 -15 -12 -29
-11 -20 1 -10 -14 -4 15 4 -23 -3 36 -3 7 -19 -23 -3
8 -20 -10 26 13 24 20 -16 -4 -23 2 -6 -23 -13 8 -19
3 25 29 17 -3 17 -13 -2 -14 -17 -24 -8 3 13 -28 -8
-19 -12 -10 -6 -8 -3 0 4 27 -10 22 -1 1 3 8 47
-2 15 -2 5 -20 -15 2 10 5 -14 -1 18 -32 33 -24 -10
-4 -27 13 -23 11 -2 19 -7 -12 2 22 -13 15 -18 -3 -3
0 -4 -8 -6 18 -11 1 3 -16 9 -41 -23 -18 -21 5 -18
4 -8 -25 -31 -8 3 9 -4 -36 1 -23 10 32 -19 1 -31
2 -3 20 -37 -16 17 -11 -5 17 8 -13 9 15 3 -24 -20
24 -7 18 -13 -25 9 -14 12 -10 26 1 5 1 11 -2 -19
-18 -15 10 4 30 -24 -37 16 -27 -9 -10 -3 -8 -10 -9 -12
-26 -23 2 18 -13 13 20 -16 35 10 17 -25 12 -10 -7 -12
21 15 37 -25 23 24 6 11 -7 -22 -8 20 -3 -7 19 24
-37 10 1 -1 -9 32 32 -11 -23 -1 8 -33 -2 1 -21 39
5 21 -3 -15 -26 7 5 -32 -27 11 11 3 -21 24 24 8
0 23 1 -3 -14 -3 26 -13 -11 1 -9 -28 -13 -3 13 -12
4 -3 11 -3 1 -16 34 12 -7 -12 8 -27 9 -5 -14 10
-15 19 -8 20 -16 1 7 -20 -5 -12 27 3 -3 5 -24 -22
23 10 -8 -3 10 -9 -18 -2 -5 -1 -27 0 5 6 21 -20
-33 12 5 -4 3 16 -12 -7 -19 9 -14 5 -2 7 41 -13
0 -7 -7 -5 -6 -16 -4 6 18 1 -33 9 7 -2 -7 -21
-15 -3 -48 3 -21 5 6 7 -2 18 11 29 -4 -14 8 3
-17 4 13 -6 24 -10 -20 9 -14 -19 1 7 -11 -4 2 22
44 -26 9 2 -15 8 -6 32 19 -15 12 4 32 5 -19 6
-32 28 -23 28 -20 38 9 -7 -15 3 -26 -1 -32 30 7 -2
-6 35 -11 24 -3 5 -10 0 -17 21 6 -10 2 -15 -2 6
