-35 -17 -33 -10 -16 -12 0 -27 -2 -6 -54 -34 -21 -31 -11 -35
9 -32 13 20 -14 27 21 4 -2 22 21 14 15 4 14 -28
32 11 -8 12 -1 -2 34 2 24 -26 -35 -6 4 23 14 35
29 42 3 23 0 -19 13 9 11 31 -3 29 26 13 41 9
-30 -36 -13 0 -13 39 -34 -3 -30 -11 9 6 13 -10 -17 -30
25 18 24 -19 31 13 6 19 44 -2 30 7 40 35 -5 8
7 18 24 11 15 14 29 19 21 24 39 19 23 35 26 31
26 47 28 27 10 20 20 38 5 5 22 20 5 15 28 19
-14 -19 -14 -36 0 12 -19 -1 39 -4 -26 17 -21 -36 14 -26
-19 -3 16 -20 -13 -10 -26 -11 2 -8 -39 21 5 -48 -20 -55
-9 -11 6 -15 9 4 -1 4 2 -15 -22 -13 14 -16 -12 -18
-16 -11 -8 6 -20 -9 -8 22 -1 17 19 0 16 -2 -8 1
2 19 42 19 23 56 28 34 13 34 5 27 11 48 19 44
18 22 3 10 25 -5 14 16 5 -13 -5 -31 7 5 -20 -16
59 30 13 5 13 34 29 13 56 -3 47 45 54 26 -1 3
-46 -46 -8 3 -21 3 -20 -2 -14 -40 -26 -36 -32 -2 -23 -34
20 23 4 15 35 2 20 6 5 8 31 9 36 24 -20 34
2 -41 -6 -10 -8 20 -10 -15 -12 -39 13 -14 26 23 5 3
3 13 46 59 27 19 35 29 25 13 41 15 22 55 26 35
29 16 27 33 6 7 43 24 2 23 31 25 4 21 9 49
-10 -15 -22 -49 -39 -5 -28 -42 -36 -25 8 11 -26 5 -29 -57
29 19 13 -11 -6 7 9 -15 -12 -29 18 3 23 -24 0 22
-4 -10 28 32 8 12 20 7 -11 20 1 26 7 16 28 -10
-17 -8 4 -30 -21 1 -34 3 -23 -35 0 -28 -22 -9 -48 -16
-50 -34 -10 -44 -44 -16 -15 -46 -32 -15 -37 14 -9 -66 1 -55
34 16 17 -2 11 25 14 8 13 29 -15 -2 33 7 17 12
-11 -31 -39 -29 -11 -24 2 -40 -19 -40 -40 -9 -22 -21 -32 -37
-39 -48 -22 -13 -27 -34 -6 -17 -38 5 -28 4 -13 -36 11 -49
-16 1 14 6 18 4 19 22 13 6 -13 -18 -6 12 16 30
0 5 -12 -13 -9 -13 -45 -2 3 14 -13 -17 -7 -26 -28 -33
14 -6 5 -4 -28 36 -1 -13 0 24 5 -10 23 -11 3 14
1 5 -22 -10 2 -25 -12 -6 29 -5 -21 -12 -60 -30 31 -22
6 4 15 24 3 40 9 -10 -9 18 32 16 -9 50 18 1
10 8 6 -4 2 -33 6 -2 -15 2 5 9 32 -21 -10 7
-21 -25 -24 -17 -38 -29 -63 -6 -35 -2 -54 -29 -53 -58 -36 -25
29 75 6 36 80 23 15 18 3 4 38 -16 23 9 55 45
27 34 13 -9 67 4 -10 -3 10 13 19 -19 2 19 4 35
39 20 -3 9 20 27 17 3 14 18 32 21 19 7 3 30
-4 -42 -23 -8 13 39 -29 -13 15 -19 -31 -16 30 -22 -35 -19
-28 21 -20 -23 -9 -19 -15 -16 -5 5 -9 4 -28 -17 12 -11
13 -18 13 -11 13 27 17 0 -6 9 -2 -35 28 38 15 -15
11 -35 -22 4 11 -28 -16 14 -22 0 -12 7 -3 -10 21 31
-4 -6 19 -6 -20 25 -11 -17 23 -12 10 16 1 16 16 -4
-9 7 -21 -17 -14 -2 -7 -25 19 -16 -6 -23 -31 2 -3 0
-9 3 10 -18 -24 -12 -7 -53 15 0 -15 -26 -17 -50 -15 -28
-13 -9 6 -14 -32 4 -17 -16 -30 31 9 23 -39 -11 -24 10
-16 -4 2 -25 -14 -7 -15 11 -4 13 6 11 2 -6 2 -8
-28 -40 2 -6 -43 -16 -25 2 -20 -36 -7 -27 -35 -22 -36 -28
3 -38 -40 -25 -13 -12 -39 -24 -20 11 -46 11 -20 -19 4 -21
49 12 0 -21 -13 11 -2 32 12 17 3 18 6 37 16 34
6 8 6 3 12 27 -23 -11 18 17 20 -18 22 23 -15 18
15 -15 16 12 5 2 7 24 17 5 -15 18 3 7 34 8
-6 -4 -22 -31 -10 7 10 -14 1 -16 3 -63 -36 -1 -25 -1
-8 -46 -24 -24 -28 -13 -41 -22 -5 -48 -3 18 -31 -15 -22 -43
-3 -22 5 10 5 7 -51 12 9 27 -18 6 -3 -23 0 -26
-24 -2 10 -26 -15 -1 -29 -18 -27 -15 -32 0 -20 20 -15 -19
2 35 -2 38 15 12 -1 -2 11 -8 4 -5 -15 -22 3 12
-21 3 0 -44 -40 -18 -12 -26 -4 -18 -22 -56 -19 -3 -41 -36
-18 -3 34 9 -22 13 32 -1 -11 19 7 -13 -14 5 37 0
-15 -10 -28 -10 -7 -40 -19 2 15 -46 -19 -32 -50 -25 -2 -16
49 -6 24 -11 41 26 -16 53 24 5 16 43 32 11 10 4
17 18 -13 24 -9 12 -11 9 1 23 21 15 14 26 10 27
-2 -28 -18 -31 5 11 -49 -24 -20 -14 1 -26 -7 -12 -16 -35
35 22 37 32 11 -15 44 39 1 29 16 29 33 23 32 3
