-2 -2 -20 -13 22 -15 2 -15 -3 -6 -22 -8 -13 0 1 16
-25 26 16 26 -27 -17 6 -5 0 -40 -7 4 1 11 20 -3
29 -5 -28 17 7 -7 16 1 -15 -6 1 53 11 -11 -5 -17
-3 43 15 17 -26 19 -3 -17 -18 34 12 -23 -5 3 27 14
-11 -29 -29 -25 19 -9 15 -13 13 -2 12 -16 -6 -1 -15 -6
18 10 2 15 -6 -27 42 34 -7 -7 3 3 1 -10 10 -8
21 10 -26 -5 -4 33 19 -8 13 -19 -15 -3 -40 -3 9 0
31 -12 -22 0 -9 26 6 19 2 -25 12 15 -7 32 40 -16
-1 -6 -21 15 2 -10 32 -7 -28 -32 1 3 -2 2 -24 9
-5 -23 8 -7 35 12 20 24 -1 -15 12 -8 2 26 -6 11
-2 45 -7 -40 -24 0 -15 -21 5 6 25 8 7 6 -37 -17
-41 5 25 36 -15 -14 -30 2 -3 16 2 3 19 -14 -12 -13
8 12 9 -12 10 12 19 22 3 29 -5 2 32 -10 31 18
46 -11 24 -2 -5 -4 -21 -10 18 -7 -17 -18 -15 -12 4 -2
12 33 -4 13 -21 7 -1 -3 12 -2 5 12 24 18 -4 -11
4 -66 -24 -10 -24 -5 -28 -11 -14 20 -2 -16 27 12 -23 37
19 -1 -8 -7 -16 -15 0 -21 27 1 29 -29 0 -12 -11 -25
17 -14 20 27 6 -10 -11 -8 -1 -28 27 11 24 -25 -32 10
8 0 15 12 -18 -32 -28 6 0 23 37 -19 4 0 15 37
-17 32 14 -17 -9 -3 1 0 -8 9 13 34 5 13 51 6
1 -16 14 -8 4 32 11 10 13 18 14 9 9 3 -19 -13
11 28 -12 -17 -20 2 -23 -17 -5 4 -8 50 11 -9 26 25
-4 -7 -8 36 -18 -6 -13 8 8 29 34 25 -4 19 -2 9
-26 -17 19 -28 -13 17 -46 4 -30 -7 37 12 48 -11 -9 0
11 17 -7 -27 -18 -33 17 -6 5 -12 -10 17 -10 -13 -11 -27
22 24 57 16 -31 0 -12 -3 1 -25 -17 28 10 23 -21 -12
-34 11 -11 5 -33 5 27 -20 3 47 -17 -10 14 -19 13 -8
36 1 -28 -10 -43 -17 -6 -15 -2 -9 -21 -9 40 -5 15 14
19 -11 -1 -23 12 -19 -9 15 -41 1 -4 34 26 -37 11 -24
-14 27 -26 17 -32 -1 -24 -6 21 21 -23 -18 8 29 -9 0
48 16 24 38 -7 -13 0 3 -4 -18 6 -2 28 2 22 27
-3 14 -34 31 17 12 35 -17 -13 -16 32 -5 14 14 -29 -3
8 -63 -15 10 -23 16 1 9 0 -17 -43 16 -1 -2 34 37
31 32 -3 -17 -26 -56 -11 -28 -39 -16 -14 25 4 28 -8 8
10 -9 11 -26 28 15 -9 -10 -9 21 -9 -14 -26 21 -27 6
16 9 -39 -3 3 -18 -49 -15 -11 9 23 26 15 -10 -12 3
-3 -23 4 -13 11 6 -18 3 -31 10 -12 -23 -1 -28 -20 1
2 18 -9 -26 14 -15 8 33 1 -2 -9 29 54 11 7 -4
-11 -20 36 -10 12 -15 10 -17 32 -8 13 3 1 22 -18 12
21 -21 -19 -13 4 -26 24 1 28 -8 -2 26 -4 24 0 -1
25 -33 12 -2 -48 -23 -27 12 -11 13 16 -10 4 -32 -6 17
27 -7 8 33 4 26 23 40 3 -28 -6 -17 -45 3 -14 -18
-5 -21 1 30 5 -12 -3 -14 -21 -18 39 32 4 11 -6 17
-41 37 17 -29 6 -10 18 -1 37 -3 -14 -8 -1 10 34 3
31 17 26 -7 13 -3 18 -4 -15 -36 -38 -14 16 -1 34 15
-34 2 -13 -24 -26 -16 9 -1 -5 -19 -19 -17 -38 -18 23 5
8 -18 -29 30 1 -11 8 -33 9 -12 2 -29 -7 -2 8 6
-1 -38 -25 -25 -33 -5 2 -14 9 15 13 -1 11 27 -33 25
-4 -8 2 -7 -7 31 -29 -10 2 14 12 4 1 -5 -22 2
9 -10 0 4 1 9 36 11 -6 -8 13 4 -2 26 1 35
-7 -15 0 -5 -15 -32 -22 -37 22 9 32 -12 -8 0 -28 -25
2 27 -5 31 20 15 1 -19 9 -11 15 -18 4 34 -6 -1
5 6 0 16 -14 22 19 17 3 20 19 -26 -74 19 7 10
1 -11 -15 -11 9 -38 27 -17 -20 -22 1 15 5 23 -37 -4
-25 -22 13 33 42 -2 12 8 13 10 1 -19 4 -21 -37 0
-7 -2 -22 21 -12 -9 29 -8 -17 5 -13 1 23 -10 -6 -19
-11 29 -30 -50 -5 6 -34 -11 -33 -5 -15 20 1 -30 1 -28
18 -6 -20 8 1 -30 34 -24 -9 34 -37 -27 13 8 -23 -11
-6 5 -25 -34 17 -18 25 25 14 5 3 5 -21 -7 -4 15
24 -8 8 4 -6 7 18 -20 -17 1 -15 -5 4 13 8 -12
18 0 22 45 54 18 -6 -23 0 -11 22 -11 22 -2 -28 27
-17 18 -20 -7 14 -11 -5 -46 24 5 48 9 -16 -22 -13 6
3 -1 -1 36 -14 -25 14 20 -15 -12 -8 -27 15 -6 -28 15
37 38 -14 33 -19 -2 16 -13 -3 -7 7 -56 -21 42 -22 23
