-13 -10 -40 -20 17 11 -31 -53 -43 -33 -9 -25 -39 -36 11 12
16 -17 -9 40 -10 16 -12 29 28 -13 -3 -9 42 24 -5 13
-8 8 8 44 38 14 -31 26 -14 12 36 13 24 -40 15 18
4 -2 -13 41 44 0 20 -12 6 7 55 -11 21 5 18 4
-22 -17 -48 -39 19 -47 -19 55 -16 -17 -19 43 -27 -9 6 -12
8 20 39 -15 -20 12 -3 29 15 7 13 26 38 -34 31 24
9 25 38 2 7 13 42 41 33 26 18 35 14 49 4 15
-10 6 57 39 13 3 9 -2 -14 38 -9 46 -12 34 16 38
-20 -23 14 42 -32 -42 5 -8 11 -67 16 -18 27 -33 -26 -31
17 -26 -38 -44 -5 11 -16 -20 11 -2 4 -24 -25 -67 1 -16
1 1 -28 2 8 -23 -2 -33 3 12 -6 14 -45 31 -18 -55
-29 -19 15 -50 -1 8 15 -6 -6 -1 -13 5 -15 13 -4 28
34 23 -1 4 39 -17 28 7 60 46 -27 6 -10 19 12 20
9 50 3 5 -17 12 -1 4 -14 -26 -16 33 -23 29 -15 -16
41 -3 12 -13 -2 15 31 -13 57 -16 38 22 29 16 24 23
3 -3 -22 -42 -20 -32 5 -24 -15 -1 -52 -15 34 -7 -9 -66
-12 25 -11 -6 -15 2 31 -18 2 -7 -25 1 20 16 35 0
-56 7 17 -20 -32 -8 -30 32 -4 43 -35 5 -18 24 23 -32
39 42 16 13 2 -13 -13 48 29 50 25 -59 42 -45 7 7
40 11 -8 42 -6 0 35 9 14 49 48 -2 -34 38 17 46
-5 11 -21 -17 -23 -12 9 18 -8 -30 -22 -47 -1 -18 -53 -23
22 38 -9 2 51 46 28 13 -15 -42 16 -12 4 2 -14 57
9 -44 -6 15 -30 -17 -13 22 5 35 37 -7 10 -14 9 -9
-23 -38 -15 -16 -25 -9 -38 -24 -42 -3 -22 -35 -42 -6 -33 -33
-26 2 -24 17 9 -60 1 -14 -19 -38 -50 -24 -7 -33 -20 -43
-14 4 16 1 -16 -15 8 0 16 19 42 52 29 1 -7 35
-38 -10 -37 -7 -9 0 -26 6 5 -29 -57 -10 26 -17 -42 -11
-19 -75 -22 25 -17 -52 -19 -18 -21 -13 9 -2 -6 -1 8 -20
-38 21 -11 -8 3 -5 -25 4 -1 27 38 -12 20 1 2 24
-4 -8 -14 17 -12 -20 5 -7 23 -6 -15 21 -28 -7 -29 -3
19 33 9 -2 -25 -21 -21 -11 33 -41 -1 -35 9 -21 20 8
-15 -17 -26 36 -51 -39 12 -7 -37 -41 0 32 -10 -12 21 9
24 17 18 14 19 27 27 15 5 -3 -43 -7 21 32 20 36
-9 -23 -7 17 4 -7 16 -13 -20 -27 44 9 0 -5 7 11
-32 -1 -4 30 -17 31 -17 -36 5 -24 -40 -14 -37 -27 -38 -30
-2 29 -17 17 10 32 32 26 -9 -19 49 64 44 33 44 16
-5 5 42 -23 8 34 15 -13 -2 16 13 22 -16 6 -9 16
41 29 3 28 7 5 41 21 3 6 -16 4 48 -15 -5 13
10 7 18 -10 -5 36 -43 -11 12 14 -3 -22 -16 -10 -47 31
-7 -10 -14 5 -13 -7 35 -15 3 20 7 13 -32 -20 13 -22
7 1 -17 -3 -22 7 -31 -46 8 30 -15 5 8 10 22 -6
-11 9 -6 -7 10 -13 14 3 20 -41 -16 -3 12 -2 -26 11
20 -26 -25 -16 3 -4 41 -34 14 -3 20 -13 -1 12 15 0
20 37 -4 -29 -14 18 -3 -9 -12 -30 -22 16 23 -14 -3 25
-12 45 21 24 -25 40 -59 -10 -10 3 0 -14 -56 -24 -28 -10
25 -36 3 0 2 12 9 -7 8 7 -41 -24 1 -5 7 19
-10 18 -15 -16 -8 4 1 -3 -2 23 16 -9 15 10 25 6
-46 -17 -13 15 -51 1 -46 -13 -8 -3 -11 -8 -2 -60 -22 -7
-41 -59 15 -6 -8 18 -37 -46 -56 17 3 -32 -49 -2 -49 -20
36 29 15 -21 43 15 16 -8 37 14 4 -1 48 -4 33 -23
1 31 34 0 -21 -6 16 -23 -5 -5 -24 -2 -50 15 8 1
-20 17 16 12 -4 18 4 23 12 27 -7 -1 30 5 -12 -7
20 35 38 -18 -4 -19 18 -19 -13 -45 -97 -44 -34 -25 27 -36
-8 11 -56 -11 -39 -16 -5 -2 -31 -42 3 -13 22 15 -26 -44
42 -1 32 30 -61 -6 -34 32 -10 11 -35 14 -4 11 10 -6
-7 7 -31 -27 10 -31 -5 18 27 -6 -48 -22 42 -13 46 -27
1 -2 12 27 18 -10 3 21 -5 33 26 31 -35 6 -2 14
-42 13 7 -8 -14 -36 -46 -47 4 -3 -12 -37 -35 -14 7 -50
28 19 -43 2 -10 -3 -34 20 -62 41 31 22 17 24 31 -27
-37 8 -12 26 -27 -31 -24 -21 -33 -23 -27 -1 41 -50 -7 -12
-6 8 19 -26 22 10 -3 27 11 37 34 8 15 17 14 2
16 3 12 -5 -14 -41 -6 41 18 33 -8 47 23 19 -1 1
-5 -26 -10 15 -2 17 -49 11 18 -19 -15 16 -16 24 -5 -23
3 -10 -1 -21 -42 -11 -13 -1 -12 38 1 25 1 -28 47 -9
