-12 -9 -17 -3 -38 -15 -12 -29 -19 -24 -12 -7 -35 -49 -19 -3
4 0 23 6 2 15 2 -2 9 10 21 10 29 16 13 4
-11 33 15 21 -12 11 -1 10 30 8 17 19 0 17 9 2
19 -4 45 7 4 7 8 19 16 -9 28 -7 11 7 22 -6
6 -35 -19 -35 -5 -24 -12 -19 4 7 -42 18 0 -27 -20 -22
11 14 11 11 8 7 9 13 7 2 28 -2 30 14 17 14
8 18 10 32 -16 14 33 12 4 1 22 -9 26 -8 8 14
24 1 20 60 26 10 29 30 21 5 17 11 5 26 4 6
-24 -14 -4 -14 -14 2 -5 -14 2 -25 -22 -10 -30 3 -3 -5
-4 -11 -4 -2 5 -9 -28 -28 -6 -16 -2 -28 -9 -26 -5 22
-15 -3 -8 -26 20 -15 12 4 -27 6 -18 0 -8 4 11 12
-2 -17 -34 -16 8 -4 -19 -14 -30 -3 -4 -12 9 -6 -13 4
11 41 20 16 32 50 23 10 50 32 28 26 11 12 19 52
1 10 16 22 -8 6 27 16 -6 25 1 -24 -8 2 10 -6
17 18 -1 23 22 15 25 4 18 18 22 11 18 4 25 30
-15 -7 -1 -9 -21 -22 -36 4 -5 -8 -20 -15 1 -14 -46 -13
16 -16 10 16 -1 33 34 10 -5 27 6 21 20 15 -19 11
-22 -2 -13 -14 -6 7 -4 -25 -18 -10 -23 -18 8 -13 -28 11
18 32 51 14 20 2 8 48 45 29 28 26 19 27 24 29
1 30 10 5 18 11 8 32 13 8 8 6 2 23 22 -3
-9 -7 -31 -43 2 -1 -4 -9 -26 -2 -35 -8 2 -2 12 8
25 -4 0 7 9 17 -17 0 -10 -20 0 -16 11 -25 10 8
3 17 8 12 38 -16 -11 27 16 2 12 -13 5 0 19 0
-19 -14 -29 -36 -17 -4 -13 -25 -2 1 -4 13 -11 -4 -20 -8
-3 -18 -46 -33 -15 -20 -26 -22 -19 -37 -38 -16 -32 -36 -17 -8
15 17 -11 33 15 4 9 10 -2 8 20 -6 18 1 7 9
-17 -25 -6 4 -14 -17 -40 -9 -9 -13 -13 -30 -29 -40 -14 -24
-18 -33 -20 -9 -17 -38 -18 -42 -23 -19 -11 -14 -40 -26 -16 -48
-11 27 37 -12 -6 25 26 2 21 25 25 20 4 28 17 9
14 -18 -14 -6 -4 -29 -4 0 0 -2 -21 -28 3 -37 -8 -17
21 11 20 12 7 44 -2 1 25 -2 7 8 10 -11 15 18
-18 -14 7 1 -5 -20 -6 -20 -23 -33 -27 -20 2 -8 -3 21
7 -2 -8 20 15 6 -6 -6 1 2 -1 23 -5 27 16 -2
-4 26 22 13 6 13 4 -6 10 12 7 -2 23 -10 2 -14
-5 -21 -33 -2 -19 -35 -13 -18 -37 -22 -32 -30 -34 -31 -35 -9
21 14 20 40 -11 25 46 15 6 -2 22 24 31 20 26 20
-14 12 -5 41 10 1 10 22 13 1 -11 21 -6 8 6 4
5 33 14 11 31 40 12 17 9 19 12 13 31 39 35 19
-2 -9 5 -3 -1 -16 -33 8 5 -20 -5 -4 -5 -12 -5 -13
-11 -12 -27 -5 -12 -30 -4 -7 -8 5 -29 -27 -17 -2 -22 -7
7 11 32 14 16 -3 20 17 -7 -3 18 -10 7 3 29 1
-1 -22 3 -3 -4 -1 16 3 -12 -9 18 -3 22 6 -1 -6
-1 -13 -20 -15 14 10 -9 -20 -1 -8 23 -4 -6 11 3 -3
-3 9 -8 -15 -23 0 -17 -27 -13 22 -5 5 12 1 19 1
-1 7 -23 -26 -21 -3 -21 -15 -26 -25 -13 -17 -17 -29 -9 -9
11 -4 -3 -16 28 -4 -16 0 5 23 -10 -20 6 -9 -27 4
20 -5 -6 -9 -9 5 -7 -20 0 -12 16 -22 -19 -20 -7 4
-7 -26 -13 -26 -11 -26 -25 -10 -31 -6 -6 -31 -3 -9 -31 -15
6 -35 -6 -17 -9 10 -11 -46 -21 -10 -11 -4 -9 -12 -22 -19
22 11 13 11 2 -3 17 24 28 12 26 -1 12 7 21 6
28 9 -17 -5 16 21 6 -6 -1 8 7 14 7 5 -17 1
-10 20 26 4 6 7 16 6 10 -8 5 0 15 -2 -4 17
9 -25 -21 -15 10 -34 -13 7 -25 -26 -26 -3 -32 -2 -19 1
-31 -4 -11 -25 -11 -10 -23 -2 -7 8 -6 -31 20 11 -10 -31
-4 -20 13 4 12 -19 -11 3 -4 4 -30 3 0 -7 11 -9
-5 -3 -10 11 -24 2 -35 -4 16 2 -16 -19 -30 -26 -24 3
16 0 10 0 -4 1 22 14 41 0 -6 -10 -11 0 10 -15
-14 -18 -39 -13 -10 -27 -25 -16 -19 -27 -33 -5 -39 -34 -49 -44
14 6 18 -20 0 -9 7 37 -5 2 11 14 8 1 27 -7
-24 -7 -14 -2 -17 -32 -33 -6 -39 -19 -1 -25 -36 -25 2 -8
4 -5 7 21 -4 21 -3 -19 8 13 5 24 22 23 -3 8
10 -9 17 2 -24 19 -12 6 24 23 32 8 6 15 -3 -11
-6 -6 -17 -12 11 -6 19 -10 -5 14 -8 -26 12 -14 -19 -13
-2 13 18 31 29 42 35 19 17 5 14 1 36 1 7 0
