-10 -16 -10 1 1 -13 -20 1 -7 -56 -24 14 3 -10 -23 3
-14 -27 -7 14 6 18 17 -18 18 28 14 4 -11 -7 9 -16
-4 1 36 23 28 16 19 17 23 50 -27 -9 -4 26 31 16
16 -2 22 6 40 -5 4 -4 6 -9 14 9 10 -2 24 -4
-15 3 -12 12 -30 -2 -6 -14 -34 1 14 -16 -11 23 -20 11
-10 8 2 2 1 25 -9 4 5 34 0 -10 20 20 17 -18
-18 28 1 -34 25 2 -6 -5 18 42 5 17 6 6 6 -4
-8 22 9 12 21 25 -8 46 51 1 0 18 2 19 31 20
12 -28 -9 -3 -5 17 0 -10 -7 -11 8 -17 5 -3 -3 15
5 4 -4 15 -15 -35 -23 -5 -18 -28 16 -11 -18 -21 -29 17
-9 0 -23 -35 21 -34 15 -1 -8 33 13 17 -15 28 -12 19
14 -7 1 5 -3 12 0 -16 -29 -14 2 6 7 -12 -9 -25
25 12 19 7 -14 30 35 -11 -5 40 75 -18 22 3 -21 16
2 -10 22 -14 40 8 18 -2 -20 -3 9 13 4 17 9 2
-1 0 28 24 54 13 26 -24 28 49 15 -2 -16 13 35 4
-3 -30 -16 -13 -5 -7 -16 -27 -10 -54 11 9 15 -19 5 -4
-16 6 -20 3 -2 9 19 3 11 -12 42 3 18 14 -11 25
-5 -1 16 0 -7 9 8 -13 1 11 -8 -2 -3 2 26 -15
-5 7 12 14 21 4 14 -16 6 4 25 -9 30 -5 39 -12
27 8 2 21 -10 34 10 3 22 8 31 11 11 -12 36 24
-1 0 -18 -16 -37 -10 -25 -8 -7 4 -28 -22 -17 -33 -21 -12
26 8 10 16 1 -6 20 17 -17 -17 3 28 -8 6 20 44
8 19 20 2 -5 -17 4 16 1 -7 -1 -12 24 -20 6 6
-9 -39 -41 -14 -5 -17 10 8 -30 -17 3 2 -11 -16 -10 -40
0 -26 -29 2 -18 -10 -33 -12 -4 3 -2 -13 -36 -7 -39 -17
12 0 38 17 -4 23 5 3 21 24 -9 3 -8 2 8 27
14 -26 -19 -13 -16 -12 -25 -15 2 -11 0 -4 17 7 -19 10
-43 -17 -13 -10 -12 -16 -32 -17 -14 -24 -33 -24 -19 -24 -16 -19
-28 -16 15 -13 -2 -19 15 9 -6 10 10 25 14 11 4 0
1 27 27 21 -7 -1 -18 -14 -23 -51 -12 -9 15 -19 -33 6
5 -26 9 -3 -27 13 12 -7 13 13 4 -20 7 -20 2 5
4 31 31 2 7 -15 -19 -7 2 -18 -21 18 -4 -7 10 19
-8 -11 -18 6 12 -22 23 -11 23 37 12 0 31 14 -9 8
-1 -11 16 24 1 41 -11 7 35 -6 7 12 36 -27 40 -3
-5 -24 -12 -19 -4 -19 -25 -29 -19 -65 -15 -14 -28 4 0 -13
13 24 17 23 13 -8 -8 7 -3 2 10 13 45 5 27 33
-17 22 2 18 -11 -17 -25 17 10 15 17 -4 -6 29 18 37
23 31 8 8 -8 19 39 15 19 27 21 15 27 -1 53 -2
20 -7 -16 -5 -17 9 2 -16 21 -5 12 -1 9 8 -6 14
-20 19 -19 -20 1 8 -22 2 1 -13 -21 -5 6 -23 -4 -10
-14 -10 11 -24 26 -10 13 -14 -3 -7 -17 -7 3 -4 -29 15
20 -26 14 -19 -4 0 17 14 -12 -9 -7 2 3 10 -22 15
29 -12 19 -5 -5 -2 -3 15 5 9 -6 14 -7 -19 15 -16
-7 13 0 4 -6 15 -29 -2 -21 4 -28 -4 16 -11 -7 -16
-35 -19 -8 -1 2 -15 -22 -8 -27 -25 5 -8 2 -27 -4 -3
29 18 -31 11 -15 -19 12 -6 -3 -12 -9 -4 -15 -9 14 21
0 30 -36 -8 -14 9 -14 21 -11 -13 -24 -28 -19 5 -13 -23
-3 -15 -19 2 6 -6 -4 -22 -28 -41 -15 -7 -6 14 6 6
19 -6 -4 -4 1 -20 -21 -2 -23 -31 -14 -14 6 6 -22 -3
17 26 7 19 19 22 21 -4 22 25 -19 10 -8 -4 3 29
4 6 -9 15 11 4 10 2 -16 -20 16 -12 6 17 -9 7
28 13 9 3 2 13 -4 10 13 -11 -16 -16 3 11 -3 17
6 -5 -18 -11 -36 5 1 -9 -12 -14 14 -15 -52 6 -38 8
-3 -9 -13 -11 -34 -2 -27 -2 -7 -8 -12 -6 -8 -10 3 -25
-15 13 -1 2 -9 -19 13 -28 -38 -3 -12 1 16 6 -6 4
1 -1 4 -25 -4 -2 -19 -11 17 4 -25 -23 -23 -30 -10 -4
7 -2 9 33 -15 0 31 21 -5 -8 14 9 -1 -12 0 6
-30 -12 -1 1 11 -35 -20 -27 -25 -3 -6 -15 4 -30 -24 6
-5 50 -20 1 7 -14 -20 4 -31 -1 5 6 5 -10 -8 33
-23 -19 4 -4 12 0 -23 5 11 -2 -25 16 13 -19 19 2
0 16 -6 5 6 26 7 9 -2 33 9 -18 -34 33 8 -12
18 37 10 14 2 35 -7 -10 -16 20 22 1 -3 1 -24 -46
4 -3 -2 -14 -2 -8 13 -15 -6 14 -16 -16 5 -11 2 -5
-4 7 5 12 -1 0 4 13 -3 19 33 -15 27 3 3 -4
