-10 -19 -26 -6 6 -26 3 -5 20 4 6 -4 -40 -28 -12 -4
6 32 4 14 -3 5 0 46 -12 26 27 5 -20 -20 -16 -18
-14 -4 21 14 1 -1 2 11 28 9 3 20 0 12 4 -9
35 9 23 11 41 18 5 9 -14 -5 22 -13 14 -6 -19 -8
-42 -12 -18 35 -21 0 -29 3 -4 -19 0 19 -21 9 2 10
18 -7 19 21 -15 -7 10 21 -2 3 -10 15 -6 21 33 2
-6 5 24 -29 -23 6 14 24 -8 -4 -20 3 11 -12 0 20
0 -9 -10 4 0 -7 2 35 11 13 0 13 22 14 12 36
-10 34 -14 -6 -18 10 -18 20 0 -3 -20 36 -27 8 -7 -32
20 -31 -12 -2 28 -6 13 -20 -43 29 -38 -9 -1 -1 23 17
6 20 -14 27 44 16 4 7 0 -5 35 15 5 -10 9 -8
6 11 -1 -14 4 -17 3 -32 -9 13 13 19 -29 -18 6 -7
35 19 8 10 17 -24 18 40 26 31 -9 -22 27 8 32 30
-13 23 4 -7 -24 4 8 -15 5 -4 25 3 0 0 -21 -27
-18 28 -26 -21 -11 -1 -2 -12 -17 -1 3 23 11 11 16 -14
-8 -14 -22 -20 6 -5 -27 0 15 6 29 6 -1 -1 6 14
-2 27 -29 6 2 15 -9 -11 -1 -20 15 9 7 -5 9 -16
3 5 33 27 16 0 -9 23 30 1 -12 -1 -2 -1 -17 9
27 -11 -15 -5 6 14 1 -1 18 11 -5 -23 36 21 48 18
22 -9 27 2 33 14 4 -6 15 19 -2 -37 15 -13 -8 -19
-7 -11 -21 -12 -1 2 8 -13 -15 -3 -5 -4 33 16 8 14
-16 -10 24 -2 24 21 19 -1 10 2 -3 4 12 -7 29 2
-7 -7 -13 -4 9 15 7 -50 12 5 -18 -6 30 -23 19 -1
4 -36 5 -10 -27 -1 1 -22 -23 -24 0 11 -36 -12 28 5
21 25 -1 9 -13 -10 5 4 -17 -18 -1 8 -12 17 -23 -36
4 9 29 -1 25 -8 8 11 -8 -15 0 20 1 4 -10 -13
-6 -4 0 5 11 -2 -11 -43 -22 -20 -3 -9 -20 10 -24 -8
17 -7 -18 11 15 3 -29 -23 10 -25 -9 18 0 -32 -22 -18
-10 -17 1 28 11 4 3 -25 -7 -22 -9 -13 -13 28 -16 8
5 7 -35 -1 4 -33 18 -25 -9 19 3 7 -10 -13 5 -36
8 -7 -10 -4 20 4 1 4 20 21 -6 7 -13 29 0 30
-10 5 -8 8 21 0 13 -5 11 -1 -20 18 -10 -9 -24 -24
-7 -3 0 -12 -17 12 -6 5 -13 10 -11 24 42 9 14 43
40 0 6 -1 -20 -19 -10 37 18 1 -17 -5 19 0 -16 20
2 -17 4 -42 8 -22 11 5 -7 -7 21 -9 -10 -11 3 -16
-7 27 7 9 -2 -9 -18 1 5 -2 37 3 7 1 11 2
41 -15 4 27 22 7 -19 -17 26 15 1 8 17 1 13 57
-23 1 -2 -1 14 -12 13 -6 16 10 6 6 9 23 9 -8
9 -18 -6 4 34 0 -15 -23 -1 15 15 0 4 5 13 23
-26 3 -21 5 -1 -3 -18 24 -17 -43 -34 6 0 -5 -18 10
22 27 -11 6 4 -1 24 -5 15 -6 28 -3 2 -5 4 -22
7 -6 -15 -19 -25 2 8 5 -5 -2 35 19 -5 -23 18 -14
8 -15 2 -26 -6 0 4 -11 -8 10 -13 13 -32 6 39 17
-16 16 -16 -6 -22 -12 -24 9 1 -6 21 11 -21 -19 -6 -6
-2 -16 -7 -21 -4 24 -17 -34 -35 -23 -12 -14 -30 6 -10 -20
-34 18 -11 -18 -5 3 5 -9 6 -3 -18 19 -11 28 -2 25
2 20 11 1 -7 8 9 -8 9 9 -29 -10 -1 3 -15 15
-27 -9 -12 -25 -6 5 17 1 -7 2 28 -16 -29 13 18 -16
4 -21 -2 -15 16 -2 27 -6 -23 -3 8 3 -10 -12 -21 -3
9 -12 14 3 -25 -1 -10 36 -16 -14 -12 -10 11 -7 -9 12
-16 15 13 -8 -8 3 4 8 10 2 3 7 -3 -15 3 -5
1 8 23 5 11 15 10 26 -4 -31 6 12 14 3 -28 8
-2 -1 7 -5 1 5 -21 5 13 10 -8 -26 -6 5 3 -15
-20 -25 -5 0 -19 44 -41 -6 -48 -4 -15 4 -22 -7 -22 -4
16 -10 -8 13 -26 0 -30 -20 -12 13 -3 8 21 -2 -7 -1
9 -15 3 13 12 -3 5 -11 11 12 -35 41 14 -3 8 2
18 -5 -5 -14 -16 -3 22 -35 13 21 -5 -6 -1 11 19 -38
-19 1 23 -7 19 -2 -30 -28 -2 7 -44 -47 -13 -28 -28 -24
-25 32 -16 0 -16 2 11 -30 3 22 22 -41 6 8 -2 1
3 7 -8 7 3 2 -14 -18 -13 -2 -11 7 3 14 -5 -18
-16 -18 -2 12 17 13 -18 40 -13 -6 -14 13 21 -41 10 16
-20 16 28 2 -56 -6 46 11 -6 -4 0 26 -2 -6 5 -10
-24 17 -48 -16 -10 19 -14 -26 -7 -27 -41 10 2 3 11 -11
19 24 19 -47 -10 33 4 6 -19 -13 1 2 25 -13 8 22
