-8 -21 -4 -6 -22 -23 3 5 8 -26 -19 -12 -16 -24 12 -18
-15 -24 -26 1 -11 -10 7 -14 28 13 -1 -9 -21 12 0 21
31 32 -5 8 8 -1 15 -40 -11 6 -3 -7 21 8 16 3
4 0 -6 10 -5 -12 13 17 -9 12 3 23 19 26 14 -11
-35 -5 -33 -13 26 32 -10 -2 17 10 -23 -8 -20 8 -29 -19
-8 -4 -5 5 19 8 -9 7 -8 -8 -3 14 9 10 7 13
8 -25 1 30 41 19 -17 7 -12 -7 5 6 -5 -3 -4 15
24 6 4 -21 8 26 37 -7 5 -6 -22 15 25 9 -2 2
6 -36 -23 -17 11 9 8 -3 -4 2 5 -15 21 -23 13 -29
1 -17 15 1 5 -15 -9 27 16 6 -19 -12 -18 -4 -5 -9
2 21 7 -13 16 9 14 -13 3 11 3 10 -44 3 -27 15
-2 -9 19 1 -17 2 13 -22 1 9 -4 3 -27 -1 4 -18
7 17 16 1 36 13 7 28 15 2 21 15 10 17 24 -2
10 -24 14 -28 -15 17 20 -19 -25 28 -16 -9 -17 31 -19 2
21 18 -8 4 5 4 21 -3 15 -5 0 19 -12 -1 23 29
-32 -8 28 0 -6 16 17 -11 -10 -14 2 -17 -7 -11 -17 -14
-26 1 -9 -8 5 6 7 6 -1 10 7 2 -38 -7 9 32
18 19 -9 12 -5 8 -7 -30 -8 26 -25 -12 7 33 -14 1
-16 33 37 27 -2 6 27 0 12 -26 1 8 15 4 13 23
23 9 26 22 1 30 -4 4 16 18 18 14 16 16 27 28
-4 -15 -11 8 -23 -14 -25 -6 -10 3 -13 -31 -9 -5 -15 14
3 17 -7 5 -1 -14 -4 6 21 12 -19 -18 -19 -25 23 1
2 -1 22 13 -17 -9 -4 -7 25 -9 2 -18 9 -5 17 12
-11 8 -8 -3 2 23 18 -5 5 -4 11 -4 2 14 -18 4
6 -20 -13 -14 3 -26 -12 22 -25 3 -18 -12 -16 -22 3 -26
35 23 15 14 6 10 37 -3 2 0 12 20 -11 19 20 26
-18 -9 -20 -26 -3 -28 -4 -17 -19 -12 -4 -28 6 -45 9 -14
-2 -7 -30 -7 6 3 -6 -23 -10 -10 -5 -12 14 9 -9 -8
-7 -20 13 -1 -12 13 -14 1 11 -22 -6 -6 14 -9 -4 -27
-25 -15 -9 3 -19 4 10 -13 7 10 13 -21 -6 -16 18 -26
7 -6 -14 -6 9 -14 12 7 7 -13 -1 -11 10 13 -11 16
-16 -20 -16 -15 24 -21 2 -15 8 -8 21 -20 -28 -10 36 9
-4 17 -16 16 6 -4 17 12 12 13 -4 -2 -7 5 -19 20
19 -14 4 26 5 -24 3 17 -2 3 -17 -8 4 -1 17 18
6 -5 11 0 -17 4 -5 -12 -28 -16 -25 -27 -12 -13 32 -22
-4 12 -2 1 -14 7 14 24 20 22 5 16 -10 11 -7 30
33 14 16 -5 11 13 -4 36 -22 0 -15 16 22 -9 -21 16
-11 36 13 -2 -14 -1 -11 -8 32 -14 -1 -6 28 -1 20 9
2 16 -9 -5 -15 3 26 4 3 -29 -25 -13 -5 -13 2 0
-2 9 -25 28 -3 -15 -20 22 -27 9 3 2 -16 -23 -38 10
9 17 6 0 -9 18 16 9 -14 9 0 1 -1 19 -33 20
0 -4 -2 9 17 3 -17 2 -5 14 -13 2 -15 -15 24 11
3 5 20 -2 -12 -12 26 26 15 -11 -12 14 8 16 18 10
-28 12 -5 -9 -30 -29 -14 -6 -23 -12 9 8 5 9 -17 -7
-18 -12 -18 19 -12 7 -45 1 -16 1 18 1 -10 2 7 -6
-35 8 9 -46 -6 -2 -4 5 5 -19 3 -5 29 -11 5 -26
-4 -24 -18 -14 -7 -27 -18 2 -25 4 -11 -1 -5 12 -6 -20
-10 -12 3 2 11 13 -18 -15 6 -6 25 18 -26 -7 6 -16
11 -6 0 -19 -25 -22 -21 8 13 -4 13 2 23 1 -9 -23
-5 21 -13 5 13 -17 35 27 -5 13 34 22 19 10 1 0
-1 12 12 -16 7 0 23 5 -11 8 -15 32 -40 -13 1 9
3 -12 1 -5 7 2 7 -5 14 9 11 11 6 -24 26 16
7 16 -20 13 -5 6 21 15 -28 17 16 3 14 14 21 -5
-14 -11 4 -32 -6 26 -26 -38 -9 31 -23 -19 -11 11 -24 -21
6 8 -1 -19 2 13 13 -13 -3 -6 -14 -22 -4 -1 -16 8
-15 5 17 -16 -8 -31 28 3 -38 -38 -20 -29 11 -3 -5 10
-7 -22 -19 2 8 21 -19 -8 12 15 11 -31 23 -17 22 -10
-11 -9 1 -23 0 -24 -21 -11 -16 4 5 -9 -16 -13 -10 -31
-24 16 18 -13 9 -6 -16 -4 4 33 -2 14 5 28 9 -13
-5 6 -2 -14 -14 -30 13 -23 -33 -6 -31 -16 -5 -17 17 15
33 20 -3 -5 0 -7 -6 5 23 21 -22 -7 26 8 1 14
-11 5 7 -1 1 -47 10 12 5 -6 8 15 14 5 -10 -10
-7 10 -35 -3 12 13 -20 -34 2 17 6 -33 -1 10 12 18
-3 -16 28 -11 32 35 2 7 -10 24 12 3 -8 19 4 3
