-7 -6 -6 5 1 -20 14 -17 1 -1 -12 7 17 2 12 -20
-16 26 16 19 -6 8 -5 -12 12 9 -9 3 -4 -15 -30 11
-14 -6 3 -1 4 -19 -11 26 26 7 -10 -1 -4 -6 12 -7
-11 13 -16 -8 -1 0 -46 11 8 9 -13 -26 -12 -3 3 5
2 0 5 26 19 -3 14 -20 1 -27 -27 -1 12 9 -31 -25
5 -15 2 7 -27 -22 6 7 2 -21 -12 -6 7 -2 15 -5
17 0 12 -15 -9 -1 10 -12 7 -8 -35 10 29 9 -15 -33
-26 -6 -1 -50 19 -14 -8 7 24 -28 -28 -20 23 -25 15 -17
-2 1 13 -10 16 -19 -7 -3 -19 0 11 5 6 1 -22 9
-24 16 -6 -5 3 -1 -12 24 0 -3 -9 7 -16 29 35 -16
-6 16 45 -5 3 18 5 -12 -23 -24 -14 -9 -18 25 18 -28
-12 16 3 0 -1 14 14 -2 -9 -1 34 -31 6 -9 2 8
13 10 -4 5 9 -7 11 4 -1 14 23 17 -8 -7 1 31
-8 -2 -3 -9 -11 -7 7 -21 -11 -20 2 -24 18 -7 -2 28
-26 8 7 -27 6 -7 -7 13 14 -18 3 -36 10 -20 -34 10
-5 3 13 19 -2 -8 38 -18 4 -22 1 8 13 26 -24 2
-1 -5 5 -14 -6 2 22 -20 8 -23 -10 2 21 6 16 -33
-1 16 13 9 2 -5 11 18 -1 -5 0 -6 27 13 -15 29
-28 10 -5 16 -14 -19 -24 -16 20 -18 21 4 1 -16 9 3
-13 -32 -4 -37 -21 -11 -9 9 11 25 19 21 8 -12 17 -3
10 -11 -9 9 4 8 12 8 19 -5 -11 46 -9 6 -20 -25
-31 18 26 -9 -1 6 -6 4 11 -5 -13 -14 -18 0 25 -5
-15 -22 -13 -22 2 6 4 -15 -5 -11 14 -5 -6 -9 12 0
-4 10 -2 17 2 2 13 4 18 -11 -6 -6 -2 -1 19 -10
21 30 12 29 19 22 11 -3 -10 4 10 -27 -1 -11 6 11
3 24 -16 12 15 -2 -2 -14 -7 4 -10 -32 15 -28 -4 9
22 14 -4 13 7 25 -12 9 11 -15 -2 -24 -18 24 -20 5
14 3 -13 -1 20 0 8 -4 -5 -16 6 -14 10 -8 31 -5
-5 -20 -27 0 -3 -15 5 -15 21 -20 11 -6 2 -29 -22 13
-15 17 -13 8 16 9 -7 6 -37 -2 3 -2 -6 -1 21 -13
-8 31 -1 6 -7 -24 -6 -14 5 -9 6 26 -24 -18 -11 20
8 -25 9 -9 -19 -16 3 -4 -5 -2 -15 8 23 6 -13 -19
11 -9 1 -19 -8 -6 0 6 15 -9 7 8 4 6 31 5
-32 8 7 -23 -7 -3 0 10 -8 10 5 1 -10 -42 -2 -21
-28 33 14 6 16 16 -9 -6 6 18 6 -13 14 4 6 8
4 -17 -1 21 -13 12 -27 4 -17 -9 28 -1 -17 -20 -10 1
13 -6 -39 -16 -14 -6 0 5 -13 -7 -1 -20 0 -24 3 9
-8 -25 8 41 4 -29 9 2 -3 -13 -14 8 -43 -2 6 1
-11 32 12 -9 20 -1 -3 2 7 4 7 4 -2 5 9 15
-10 -25 19 -16 -4 1 9 9 20 3 11 8 1 -18 -7 -11
20 8 7 -12 -34 8 29 -28 11 -8 -10 4 1 -19 17 10
16 -11 6 -18 0 2 20 6 -12 35 6 3 3 46 21 -28
8 -5 -3 -28 13 -4 -4 13 33 20 27 10 13 -10 -8 3
-2 -14 -2 3 6 -9 9 23 -2 30 -5 1 -22 10 4 -3
-6 -7 -13 -21 26 -6 28 -5 16 -14 -3 -3 -3 10 15 20
-33 2 -11 0 26 25 -14 -14 -1 -2 -6 2 -18 -4 12 5
8 -2 -1 20 18 32 15 -7 -14 8 19 -7 -3 19 12 9
-15 30 34 10 4 15 21 5 27 1 2 1 18 27 8 -21
-4 10 -25 1 26 34 2 32 -8 25 10 11 -6 -11 21 34
0 0 -9 -15 -7 -27 6 -6 2 7 -8 -7 4 17 -1 -12
-2 5 13 -13 21 6 24 -22 -8 26 16 3 26 -4 11 -17
2 9 9 2 15 15 -10 13 3 7 26 9 12 13 -18 24
10 10 7 -8 -20 3 19 12 14 -13 -7 -19 16 23 27 51
-1 -1 -17 11 -19 -29 -18 12 9 11 1 -9 -14 9 -19 -39
2 13 4 -25 -27 -4 13 4 7 0 33 -10 6 -6 19 13
22 5 11 8 15 -18 25 12 1 -19 -19 18 14 -9 -28 1
23 10 11 -16 1 -4 3 18 -6 -20 14 9 -27 -7 8 -8
11 2 -8 -3 3 -2 18 5 -29 11 4 8 33 10 -25 26
-6 -16 1 -8 -16 19 27 -5 -2 6 49 5 -20 -5 7 -7
-14 -1 20 -3 -8 -3 -16 0 -5 -16 12 -16 -23 5 26 0
-17 -17 -15 -2 -9 -26 -28 39 7 -8 -23 4 13 8 5 3
8 -7 13 24 -1 -5 -1 24 -5 12 10 -15 -7 4 -24 -7
12 -19 -12 -1 7 1 33 11 -14 -6 16 26 5 0 -26 9
-4 -6 -29 -12 -14 -5 -14 -18 3 -1 -1 -22 -24 -4 2 -12
