3 0 2 17 6 1 -17 -9 10 -34 8 -18 -3 9 -1 -47
-8 2 10 -1 13 -7 5 12 17 5 -10 -8 -6 -20 -1 12
9 -13 37 27 -10 7 -4 -27 2 -6 0 25 10 -8 -11 39
-3 -12 -2 -9 -13 29 4 -6 4 11 -19 13 7 -4 17 14
-2 -8 -17 -17 -18 7 -1 -15 5 -8 -7 -28 -28 -33 -27 -3
11 -20 14 25 8 -4 -22 4 18 3 22 -3 -31 9 -21 -3
23 -1 -3 6 0 -8 -10 17 -21 -22 0 -11 -3 -8 13 6
30 -19 11 24 4 20 20 -1 46 5 -6 31 -24 -9 6 19
-26 -18 17 -19 4 -25 -27 -46 29 -11 11 26 -6 -7 26 29
-14 1 17 -4 17 6 -11 -4 -7 -30 11 -40 -50 25 32 -45
10 38 13 15 -18 -9 36 -2 -5 6 -24 -10 -1 7 -37 -7
-29 -13 -23 14 9 -12 3 15 40 32 -5 30 20 -7 -3 8
29 25 11 9 12 -3 22 45 26 12 32 14 19 38 9 47
20 -7 -13 0 10 1 23 29 6 14 22 0 1 -17 30 16
14 8 3 -11 19 47 19 -26 12 -2 5 42 8 -15 5 31
-9 -4 -11 27 -26 -26 -20 -28 -2 -2 -12 -11 -19 -46 -24 -7
8 33 28 29 44 -12 11 29 8 -6 0 4 -8 9 -4 -27
-20 -2 -14 15 -31 -15 -11 31 -1 -20 12 6 -20 -27 3 -9
16 9 2 -2 5 34 4 41 1 43 -14 26 42 38 -14 -7
29 6 29 38 23 19 11 21 31 21 3 20 43 28 37 18
-28 -27 -25 -17 8 -23 -9 -7 1 11 -2 -9 -24 3 3 -12
-7 6 12 16 7 -1 1 1 30 -9 -6 -16 -35 -6 38 -1
-1 -24 3 21 22 -3 14 16 1 25 8 28 23 11 -13 -12
17 15 -18 7 -4 9 13 -9 -18 12 -14 20 -2 4 -11 -19
-26 -23 -40 -27 -10 -14 -14 -32 -16 -26 -25 9 3 -16 -16 -6
25 2 15 31 10 -16 4 4 1 0 -3 8 10 17 -1 27
-1 3 -24 -18 -26 -2 -13 -17 -33 -12 0 -3 -9 -31 9 -35
16 -58 -12 18 -18 -26 -6 -45 -16 7 -34 6 -10 -8 -38 9
-4 -16 0 -3 13 -18 32 27 19 35 -10 32 6 -3 -13 29
-18 -8 -21 -19 -32 15 -11 7 25 2 10 -16 -12 7 -27 -59
-7 11 0 -3 20 -8 8 15 11 18 -3 -1 13 5 -4 14
-6 -11 13 -2 -3 -15 -29 -31 14 -37 6 -37 -12 -20 23 -2
11 -4 -35 16 13 15 28 -16 -26 -12 -3 8 -24 21 13 -12
-14 5 14 -11 -11 18 6 -11 2 4 8 -12 -23 9 -15 -28
-42 -17 -3 -32 -33 -37 -53 -5 8 -11 -19 -19 -8 -34 -10 -36
13 3 -3 6 11 45 8 32 31 17 4 -1 6 -6 0 0
30 5 -9 3 -5 45 7 -25 23 21 2 -9 20 45 -6 -6
10 13 6 19 1 2 5 -9 40 -12 19 -16 -11 22 -2 -12
-13 20 -8 5 1 27 13 7 -9 -8 28 0 13 21 13 -26
12 -22 -25 -25 -20 0 7 -38 3 -21 3 1 -12 -10 -16 -31
1 -22 -9 20 25 -18 8 28 -19 10 -32 -16 -18 20 -43 24
-30 -15 41 7 3 2 -31 18 -2 -4 24 -13 14 -2 25 20
9 9 12 3 -13 3 -5 14 -13 -2 7 14 -1 -22 13 11
1 1 -5 -23 -22 -8 6 3 3 -25 6 0 -19 10 -9 15
2 4 -27 -12 -2 -29 -29 6 28 -4 -2 10 -22 -3 24 -36
-10 -3 6 -14 -20 -10 4 -33 22 -15 -8 -2 -13 -32 7 16
-7 12 -22 16 6 -7 -17 -8 -8 -19 -3 -25 21 0 13 -31
0 28 33 -14 -35 -25 -26 -28 -2 -14 -18 -16 -36 -24 -16 -27
-15 -14 -4 -7 -6 4 13 -12 -17 0 13 1 3 -20 39 -7
9 22 31 8 14 27 -15 -9 -41 -25 7 5 6 5 -12 17
-7 42 9 12 22 23 5 22 16 -11 3 21 -1 32 1 0
9 12 24 -8 -7 3 11 15 -3 -6 39 3 2 -34 27 11
6 5 -18 -18 -30 -46 -8 -5 23 4 21 2 -14 -22 -19 -14
-29 -22 17 -21 -34 -19 -34 -16 -5 18 -1 -23 -37 -30 -17 13
23 -27 0 3 12 23 21 -1 -20 14 22 5 -12 1 7 -20
10 -39 9 9 -9 -35 -29 -39 -21 -21 -33 -17 28 -8 -16 -7
-33 13 30 -2 6 24 3 2 15 2 -14 -11 32 -13 12 10
-23 6 -27 -37 -12 -34 -16 10 -21 -5 -5 5 5 2 -5 -18
13 5 -20 -14 17 3 6 5 14 -2 -1 -44 14 -15 5 25
-13 -18 -17 9 -38 -9 1 -3 -10 -9 5 10 -5 -2 8 -9
15 -9 10 40 -19 22 1 4 -29 16 29 12 0 23 26 14
-30 5 0 -14 15 21 19 10 -49 -30 2 -13 19 -17 -23 1
13 -16 -10 -10 -15 3 -10 -27 3 7 6 -10 -7 -24 -17 5
-22 -10 6 -2 18 2 -26 2 -14 35 -12 -23 -13 7 -36 5
