32 50 79 55 71 -87 -5 116 78 -83 -81 -81 116 -74 -5 -23 -12 -40 126 -73 97 86 26 -7 91 -101 -102 72 -9 -49 1 36 -71 -2 -106 -63 20 -128 36 2 73 37 -125 108 -86 11 109 10 -108 18 116 22 -24 -82 -10 -53 5 -91 2 118 63 -86 16 -64 -63 -93 -105 127 114 -92 87 53 114 -61 119 62 92 -122 93 107 122 -82 28 75 -36 80 117 95 -126 -58 124 -39 63 27 -52 25 43 -16 119 -3 79 -62 -95 13 8 62 102 19 -21 54 -25 64 -29 -81 41 -11 -56 -94 -51 -6 -33 -75 99 -23 -61 -121 -33 -124
-80 122 -1 -110 -119 -77 67 124 -62 29 -10 -46 123 127 82 111 48 -121 -7 -55 -58 117 8 87 -13 -28 -63 40 91 -18 -41 -53 22 52 71 -76 72 -59 44 -4 -128 -123 13 78 103 22 70 -108 105 -54 -35 93 -35 57 -20 -33 30 58 114 -40 -97 55 -49 33 -47 -53 -109 89 27 -29 113 4 -99 -78 103 -33 111 23 -41 104 64 -48 -34 97 1 -66 124 -88 -109 10 112 -99 -83 40 -65 -93 -42 91 -94 58 104 -99 -39 0 -85 23 48 85 -2 -12 83 -94 -102 42 121 -43 -52 24 56 1 -12 -27 34 -116 34 54 -76 99
-103 -23 28 122 -109 -128 75 -81 35 101 84 41 -102 89 55 53 -110 83 67 18 118 110 -90 63 -125 -55 53 -19 114 99 55 66 -87 112 -12 -103 36 -52 97 71 -64 -14 79 -36 38 20 -122 117 -29 -87 -117 -16 124 -1 -24 30 -56 -25 -118 -1 4 -121 -116 14 -117 -28 -78 -89 32 -117 122 1 13 -55 -11 -31 -94 -70 15 103 52 -4 81 26 37 -28 -125 -102 41 -48 65 70 -14 110 -111 -105 100 -57 -2 -60 -105 74 -12 119 -74 -122 -10 -32 109 -80 125 -116 41 -117 98 -72 -79 69 -32 -13 75 -56 94 30 -8 67 59 78
114 104 -109 115 46 -61 44 83 -41 -62 -76 107 83 -90 -73 -76 -37 -47 69 117 -64 -98 -9 -66 -76 -52 -5 7 -27 -24 24 45 -18 -99 13 107 -4 -15 -109 126 -30 -109 -115 68 115 92 -18 22 11 121 -55 -63 35 -39 124 -16 117 106 112 52 -53 76 52 51 31 38 -8 121 81 113 1 110 58 79 -51 118 19 -67 36 -20 -6 -95 -19 -86 -44 53 -1 18 -69 -109 117 75 27 45 -121 5 44 56 -20 4 -61 -69 -23 67 13 39 102 -76 114 -103 89 110 -95 -44 -77 -33 127 13 -104 7 4 -121 23 86 121 -63 -74 -85
98 22 -83 93 26 -124 -56 -71 44 37 65 82 108 -91 81 93 15 -126 -91 -114 -91 -27 106 67 60 -61 -109 -12 -77 -78 -12 -43 -65 -32 116 -120 -16 97 -12 -49 20 -67 80 1 96 -15 87 66 -81 -5 -121 -34 -20 -87 58 -93 -94 -118 -97 103 -13 -96 -103 -64 34 122 -37 -97 108 125 -103 -65 48 -100 8 -61 -13 -41 59 35 9 12 -96 113 41 76 -24 37 -40 125 -111 74 -66 -23 122 -2 -48 10 -90 46 47 122 -79 -74 83 -19 -69 -35 19 -9 -41 -121 -33 90 -115 60 -67 -2 56 -10 -5 -125 19 -122 -15 -62 -20 -90
-91 -118 105 72 -84 15 -2 110 93 -106 -23 63 117 -59 10 -118 107 40 20 33 -125 -57 97 21 -82 86 35 48 -122 33 -40 -99 -7 -44 -43 53 -1 -81 109 33 110 -67 -23 -96 111 -82 -85 -78 -26 108 -39 93 -56 127 78 66 -23 -58 42 65 37 -20 -70 23 -97 -21 124 -15 -78 33 122 -126 66 82 40 -33 -112 -128 -13 -4 89 44 -4 -58 -53 -119 122 92 -69 -47 -38 16 7 5 -52 -25 -65 -56 15 -111 -88 -49 99 -53 -38 36 92 -73 -69 -91 -3 -4 -56 26 -79 -6 -76 -98 71 -7 26 -71 67 -82 127 -94 -126 126
95 -84 53 -117 -111 -122 8 -70 62 -104 -6 22 -15 -99 -58 -8 -78 -16 -6 5 126 98 28 6 71 33 -1 -48 -22 118 29 101 58 -119 -15 5 -30 90 -52 -7 -75 92 -49 -25 75 -90 121 49 3 -122 -88 126 36 90 -25 101 -124 -58 67 -116 -9 15 -76 -97 -34 -91 -44 1 109 64 37 27 65 16 -64 -41 98 70 9 30 97 -97 -120 -67 -57 -74 -92 7 -121 -100 61 -67 39 66 -43 -96 93 74 57 -104 -19 18 -28 78 16 -42 90 30 -85 21 -43 -61 -42 -39 -66 -48 -119 37 77 -77 -64 -33 87 44 -107 -107 111 83
125 -11 99 107 -115 -4 -90 -58 45 65 -125 -5 -95 86 -95 66 -10 55 -37 30 -53 119 -45 93 26 -49 -28 -126 76 -83 37 24 38 -70 -46 -19 96 99 -97 94 -18 -87 96 51 -65 -23 36 -39 -14 83 82 -58 -55 2 26 -113 93 -91 4 -25 7 77 -4 -123 111 112 5 -32 -116 67 48 -117 41 -42 -112 -26 -17 -96 -68 113 -105 -43 -61 99 -124 60 124 -27 -22 -103 -28 35 96 50 67 15 -93 -110 97 69 51 -115 -61 23 -8 94 -12 -108 88 111 -28 111 72 18 1 -65 -4 54 -56 108 -58 -39 -99 66 -44 -98 -40 56
-32 29 -22 -3 -85 28 95 -56 -48 -75 75 33 13 -41 -34 -29 -96 75 44 -54 25 -114 111 -12 8 13 -110 -55 -3 -93 82 20 116 37 73 -69 -66 69 -62 113 99 -12 -56 -98 -62 68 -55 59 -125 40 -96 -70 39 -78 -43 12 -98 12 -112 -39 41 -103 -44 13 127 76 119 90 76 -128 68 44 100 47 16 12 98 100 114 -17 20 -110 -3 -22 -99 26 64 74 80 66 -19 70 -5 23 -81 -102 68 14 -31 -77 -8 101 -10 -91 74 97 -53 -29 120 32 -47 -121 46 -93 68 17 -102 -96 73 125 -98 15 47 -116 -69 -38 -32 124
119 -67 78 80 76 103 -102 -26 47 -22 4 48 -44 77 69 -20 69 32 -105 45 -31 -78 -32 53 12 115 104 -79 28 -89 80 -61 21 73 -74 82 84 55 64 -112 66 -75 30 69 1 -59 81 -43 30 -55 -53 51 -116 -1 106 -12 58 -36 -100 29 -44 115 -48 -4 -94 -14 69 -42 90 61 31 -72 113 -20 -110 12 90 -88 -64 -31 -10 -114 -72 72 101 -39 24 -8 -126 78 -17 91 81 -112 -63 -3 -56 62 18 8 -37 118 -80 -41 62 -81 -104 -64 -32 118 64 101 -96 -38 -87 -116 -23 -98 76 63 -127 -63 111 -12 102 90 -83 -42
-31 24 -77 -89 -83 -30 -107 77 -128 -117 -23 28 6 85 76 -45 61 -19 -62 -98 -39 21 -109 77 5 -68 48 -2 85 109 1 -104 25 -124 20 113 -124 -46 -76 -104 -59 4 73 -48 23 53 68 -39 -53 56 15 99 -116 -45 -124 53 14 -76 -109 20 105 -68 95 53 12 -65 5 42 -79 17 0 33 26 63 21 -49 -106 61 -1 -118 -84 -108 88 -55 -70 -91 -97 -51 71 103 -23 59 -27 80 -100 -102 -3 -31 -19 -58 19 -45 -72 -58 -9 -69 19 -106 -38 -37 26 -59 126 47 -61 25 64 -115 -99 -29 -113 -92 55 -17 32 95 74 98
44 31 -1 -124 29 40 20 90 -12 56 18 83 -116 40 -59 -98 7 63 91 -100 -51 -116 2 71 -16 111 -16 -25 71 -46 -24 -72 112 22 118 101 92 -47 -55 -19 123 127 -23 99 14 -111 54 -18 106 42 -70 -83 123 77 -127 -20 -47 124 -11 -11 116 40 79 88 -97 78 104 -82 -34 -99 11 67 -14 -111 10 -10 45 -92 -58 105 60 123 -73 35 6 -100 107 -70 119 78 -87 98 70 25 116 115 -102 3 23 -37 -77 79 -66 112 60 117 -117 21 -74 -54 -34 -110 49 22 88 106 -66 43 41 -76 88 66 110 -108 5 -125 -100 -83
-76 -60 60 -92 -8 -81 -72 17 -127 -37 -9 -32 106 48 30 -122 91 -32 -43 -58 -21 -26 56 83 117 -107 103 69 62 35 110 106 -127 -51 93 -119 26 27 -127 -9 79 -95 -2 100 119 89 105 13 117 46 -111 -85 -107 15 -60 -57 -65 99 -112 -113 -88 -27 63 -20 39 -101 -80 -123 -50 -98 -14 -107 12 -117 0 -22 -66 -74 26 66 -29 49 39 43 35 114 45 52 -128 -80 2 -63 99 20 -73 -92 -75 104 -37 -84 107 65 -125 -37 -108 81 -124 2 -67 1 99 100 -78 -78 77 -38 -44 -23 -127 -91 -102 -48 -90 80 -49 27 16 82
94 14 45 55 -77 -124 -3 -34 -47 -119 -18 37 -124 -24 -78 95 -76 28 -87 108 67 -66 -48 -85 -47 -34 23 -54 -58 60 -109 97 -34 -59 75 104 -69 -75 -22 -56 63 0 -107 -13 41 -116 -14 -98 -109 -70 53 1 -82 -110 -5 88 91 50 125 27 -114 99 32 -34 63 -43 -122 -50 -5 -85 64 126 -61 -23 6 109 104 60 66 58 121 -12 81 -19 -33 51 -127 -29 111 5 21 80 52 71 75 -8 90 -38 -45 115 109 42 -30 -121 81 -94 -52 92 -104 73 -94 -126 113 -36 -87 24 8 -87 38 89 106 81 47 -28 -111 -14 -50 -61
-87 -109 90 38 23 34 63 -4 -60 -104 -4 -15 -119 55 -14 -126 40 -16 -84 57 -97 -105 127 97 -102 -75 -89 -85 -46 1 -111 -5 -93 39 -5 9 112 41 -20 -111 -41 96 90 -64 84 35 75 -54 -46 -55 103 12 -11 -1 95 -23 -101 -103 -67 -17 48 -27 45 80 -81 120 -82 -75 -60 14 -32 112 -68 113 97 -35 82 -127 42 -127 71 81 25 41 44 -74 -57 -112 118 121 -94 -100 -121 -67 -94 123 -114 -104 -115 114 -11 -49 -8 14 69 -113 3 78 -27 78 -39 108 -51 15 40 -3 -39 -40 -74 -118 -40 67 -80 -65 -48 4 106 -5
66 57 -63 -124 -44 10 29 -35 43 81 -57 -68 42 85 93 -89 91 94 -86 -23 -70 4 -58 96 -14 50 118 39 -49 -125 104 -74 -26 116 -20 125 74 -124 -85 15 -97 78 -11 87 -48 37 -111 -42 -60 15 -34 59 2 -96 7 -53 22 -15 70 79 -97 83 -46 -2 -6 -123 -128 88 44 -117 -8 111 106 85 -30 -108 -65 21 59 49 110 90 -106 55 -104 -60 -108 36 -61 105 108 11 -52 118 -29 93 -52 -12 -3 90 -98 55 -124 100 52 45 -117 -92 4 -90 93 95 62 12 -61 65 71 125 19 21 -67 -51 105 -79 110 -36 -79 87
-88 -72 -117 -117 -56 -4 18 -117 -104 103 121 100 1 -51 -96 -83 -27 7 -22 94 23 84 12 125 100 -56 -32 35 92 67 -112 -12 -122 116 -109 -63 -109 71 22 -13 -94 -94 122 30 -15 104 -111 -8 5 76 -53 -44 -19 -42 92 100 -102 78 81 -114 16 67 -1 46 26 31 115 -98 110 96 -87 76 81 10 -15 28 -74 -13 -79 26 108 118 -1 2 -114 28 45 -6 37 -26 -22 15 56 -94 -30 -3 -5 55 61 30 -113 29 124 -9 -106 -17 5 23 122 100 -128 51 56 56 -2 22 -10 85 73 68 112 -97 95 -88 103 115 108 -51
-73 103 102 -47 -125 95 -87 -120 59 28 23 -122 -9 17 83 -104 -46 126 77 61 -107 4 58 -104 -63 -97 34 96 -91 -75 107 61 19 -13 -113 -98 113 -38 -12 51 68 65 39 -1 -50 -67 62 -64 67 68 0 -118 -60 -125 -124 23 116 -87 -1 37 -99 -99 3 61 -91 -9 -68 -115 91 31 -62 -70 -51 -65 88 -99 -37 121 115 -77 -22 -30 45 125 -71 92 60 -66 -54 11 -96 51 -106 106 62 98 -117 55 23 12 126 -6 -91 -85 -47 88 102 -34 -82 -75 -95 117 36 -17 -65 38 46 -42 -59 23 -82 -71 -110 -18 -32 69 -39 35
-29 40 -14 -1 -98 -17 4 112 -67 -24 -107 53 -63 3 -40 -98 -75 -119 26 -22 29 -49 35 -31 57 -80 91 104 123 -127 16 59 17 -89 100 88 -17 -124 100 122 54 78 26 61 61 -7 -20 -127 78 11 -53 -17 24 91 -41 15 -87 107 17 -88 -5 -109 67 -114 108 71 100 107 -89 -63 -91 34 -93 67 -118 59 -57 -122 -25 -32 -75 18 -30 74 63 41 -106 -14 -21 -104 -100 107 10 60 86 70 39 -102 41 -41 -94 36 -50 95 31 113 19 34 33 56 73 -3 95 -47 -62 -114 -38 -114 53 125 68 -33 12 -2 58 79 -48 -44
52 87 79 10 -49 -75 -87 -32 48 -121 -31 52 42 -104 39 55 57 21 -8 3 -94 4 -23 75 -91 102 -66 34 -100 2 -105 -48 15 -89 92 -110 -60 17 105 -61 -35 -42 47 -121 63 -19 -5 -25 -48 32 -29 100 -23 -50 97 -76 66 25 -6 118 -11 -91 -108 27 41 57 54 -105 125 -3 -72 92 -22 50 97 26 -71 83 1 102 -25 -96 86 19 87 -24 -110 56 -33 -38 71 73 24 -114 -37 17 23 78 -64 125 -20 9 -107 -34 111 -108 -68 -111 -95 19 -6 -56 88 78 62 29 99 -19 56 -65 -4 23 -90 -83 7 121 118 -33
-121 90 34 -112 -19 13 -80 -38 120 5 -30 78 64 25 -114 22 -117 -36 -59 52 -50 -111 -41 118 65 -75 107 -49 118 -18 -38 -53 -81 -23 -85 72 24 -104 124 -15 -47 -50 6 -37 -89 83 -93 68 117 -68 -19 -119 59 -123 113 -104 -43 -19 49 -120 -43 -81 -107 -5 -31 121 108 -76 79 49 43 30 94 -78 -54 -9 -9 -23 -105 93 -106 -97 30 -77 -83 -64 30 -78 -5 77 -34 118 3 113 -110 -16 95 39 -123 19 99 -38 37 102 -31 -103 89 -37 112 -21 -114 -25 82 -123 -47 43 -46 -10 8 -81 -24 -12 -127 45 -9 -21 103 -37
-24 -115 -28 122 -65 11 94 34 18 126 -39 89 -111 35 -63 47 -27 106 -71 56 121 10 19 44 -13 -83 -37 -75 51 -46 -82 -104 88 92 34 -38 95 -52 -6 36 110 -7 -43 84 -62 -51 75 -116 0 -91 -97 -25 -24 -37 12 77 -49 0 106 88 37 117 -29 8 -107 102 -76 -59 -66 96 -63 76 -18 -122 98 -57 120 37 -126 -22 -61 -7 -16 86 -121 -94 -61 111 -4 -80 -55 72 -121 12 109 -24 -125 -81 -43 67 -32 -19 23 80 -60 -61 60 124 3 36 73 17 82 64 -61 -121 25 61 55 25 -63 -71 -17 4 -78 -35 -105 107
-56 -81 84 105 -119 -72 116 -20 83 67 57 -64 -8 -75 109 -19 -52 -33 -10 102 -58 34 108 28 -42 -90 -60 -61 84 -79 -29 115 -17 10 -121 -114 52 77 10 -108 100 13 -87 110 -81 -91 106 -19 -73 45 -43 98 -79 -2 -121 -53 -108 -44 99 82 -73 108 -110 87 83 125 82 26 -3 72 -9 90 99 58 34 36 -87 -19 100 -120 -101 59 -62 5 34 -123 -106 -62 57 34 -99 -95 -69 107 64 -110 -88 44 -49 -23 32 71 -7 41 93 74 -7 100 0 122 99 92 70 -126 -62 80 -76 44 -15 -45 -18 -79 -80 91 -117 2 41 -54
32 38 29 76 -91 -85 54 -96 107 100 126 -45 99 -110 -100 -15 123 24 16 -105 -106 -108 -59 0 111 -90 101 -28 -79 86 36 29 -110 -105 1 -2 71 -127 111 27 124 -71 114 -80 71 58 -42 60 124 49 7 -102 89 79 -66 125 -20 82 91 -128 -30 -107 -42 37 -122 -62 -57 48 79 73 -20 -112 -68 -78 -61 123 -62 -65 -38 -12 122 -123 -125 -65 15 126 -46 -79 105 83 4 75 83 21 -42 -48 25 125 87 12 -9 95 -44 125 25 -92 32 109 17 -99 -127 12 63 21 80 -52 18 4 10 47 -32 24 -29 63 114 121 32 111
61 94 111 -108 105 -68 -65 -128 -40 -31 82 -9 -21 47 -22 91 74 -101 60 59 51 25 73 99 -104 24 79 -16 116 -61 -12 107 61 76 -62 78 51 9 -57 -76 54 -90 45 20 -60 -98 -29 -8 114 47 1 -47 5 -125 18 12 32 20 -95 66 45 73 -71 -69 44 -38 -14 -79 10 -13 125 13 92 121 -108 -20 -123 89 61 -57 110 122 -2 -128 81 41 35 -34 -122 40 103 -37 32 -75 -106 72 96 25 -35 -17 -37 -62 -32 89 3 -47 88 -59 -128 10 -71 61 -101 -69 -65 -38 77 65 25 -18 -69 -27 80 -26 -76 32 72 -111
-67 -51 93 41 80 -72 -22 47 -72 -54 -113 -22 39 122 24 -35 116 -93 50 -82 -15 -105 104 -67 62 119 -34 79 112 -103 -117 56 119 82 -84 -11 -1 85 -47 -82 61 -7 47 69 4 50 96 94 -121 39 -89 59 -55 -90 -81 117 -52 65 72 76 -111 -38 61 110 -98 80 -18 -52 119 -42 81 72 -60 -110 91 75 -121 -126 53 -106 78 18 -80 -11 -70 -97 42 -3 19 45 35 -100 -127 118 52 -34 -9 16 7 19 -74 8 59 -115 -97 2 -106 -36 10 -55 -99 -112 117 -71 46 54 37 106 -75 46 41 -30 66 -8 -60 96 -84 64
109 96 -32 -75 -31 111 -109 75 76 -74 10 114 72 110 -54 -8 121 104 -74 63 -87 49 -8 -95 2 53 -30 -110 -84 -23 9 -67 -101 67 48 12 61 -69 38 -88 -23 -21 -27 -65 106 -36 -80 127 13 41 6 115 -81 51 -86 110 -108 28 36 91 49 -113 103 -121 -85 -111 -106 46 -28 23 19 -15 98 -50 -38 12 9 7 104 94 -60 -118 -29 33 43 50 72 -69 -90 42 -9 -98 -115 -20 80 -79 -83 -88 7 -11 85 -12 74 -31 -32 -29 -67 62 -107 -81 -94 -122 101 -121 -2 -107 44 -34 120 -24 110 65 45 -58 30 -11 47 86
-75 79 -110 -23 -8 108 31 -69 -91 -94 26 -55 3 -27 -57 -12 83 -56 71 98 5 -97 99 -113 -45 -107 -11 -11 14 -9 -97 -84 -43 7 38 -122 99 -79 -35 -69 -32 33 115 -45 88 86 -44 109 -45 -122 -51 -81 12 86 61 46 49 86 -115 101 -16 35 -77 124 -106 46 35 0 -16 105 -65 -114 67 -121 -99 -31 -98 -61 80 -111 -102 -116 -41 19 -27 75 -111 -48 -71 -74 -111 45 21 52 -9 119 124 37 29 -39 112 -42 13 -116 89 97 -33 -75 -57 -65 72 21 -49 88 -4 115 63 23 11 37 124 10 83 51 16 -66 110 -119
-23 15 -124 -90 -25 26 100 -67 104 79 60 -34 -32 -125 -84 -8 122 -79 101 -20 -79 91 74 87 64 108 -47 19 -120 -116 26 -41 -116 -47 65 -71 -83 62 57 43 34 -127 27 46 -122 56 77 46 104 7 -128 95 57 -48 75 6 -77 -108 -102 -80 -104 33 -125 -104 107 95 109 36 125 -60 -88 87 -88 56 -73 -92 20 -104 49 -41 55 -30 -120 -14 -26 -6 -51 -119 -36 -123 -115 0 78 30 -27 81 -47 101 51 26 9 -9 73 -82 -91 114 -18 -40 -121 61 -118 -63 -1 -45 38 -111 -96 114 -47 106 -48 -115 -102 -40 -3 47 93 67
-77 -46 7 102 -16 56 -68 52 -75 -58 88 -21 106 3 28 -4 -10 70 120 -11 26 31 93 89 -36 -107 -97 -105 36 -39 103 -55 -32 -2 -91 15 95 -69 123 -60 76 -105 106 117 -31 54 118 8 0 73 49 70 117 -78 -96 19 -44 112 32 0 124 63 59 22 -43 24 121 -18 111 125 57 -84 -73 37 78 49 -83 -41 33 17 73 2 -117 -120 77 69 -43 127 -14 37 9 33 10 -63 55 -26 66 85 -48 30 -74 104 35 112 74 -126 -74 64 114 19 80 74 -67 -62 -27 105 100 -19 -35 100 94 60 41 -5 82 3 -49 -26
105 98 -104 0 78 9 -5 88 20 104 41 109 -116 77 113 -60 5 -97 -26 -86 -57 96 -8 107 83 107 113 -120 9 -80 96 74 37 99 81 -111 117 9 -116 121 7 123 -66 -73 -119 -70 55 42 -62 -115 2 122 87 92 -107 22 -66 -27 -55 -2 16 118 -128 -57 60 -25 -14 -81 89 34 47 119 38 -102 92 -115 55 -60 36 86 75 -39 -90 -103 -39 -115 -100 -22 -31 86 44 35 -36 -89 -30 -13 79 100 14 65 12 80 76 115 -87 -120 -61 -55 71 45 38 -47 -22 -112 65 -100 34 125 11 -14 -98 49 36 -73 -72 -7 23 72
-47 85 -25 -82 -127 -96 -103 -110 -57 124 -97 -110 90 -14 -92 27 -48 -45 69 -17 -128 -106 -1 72 52 62 -17 -74 107 -9 -83 19 -89 26 85 106 4 110 106 -74 10 19 15 110 4 108 -121 -87 108 -26 73 93 -27 58 -7 22 -25 25 75 -17 77 -32 66 -39 -23 42 16 17 -37 60 -100 -77 -73 71 30 105 -9 37 -53 -21 -26 -110 42 -99 40 51 -59 58 -1 -99 13 -77 22 -74 -2 -19 -34 23 113 -12 -66 -72 110 64 88 55 -119 23 -24 122 -10 47 75 -81 116 64 -103 -98 -67 89 4 33 -19 -10 81 -17 -67 109
37 22 21 1 -128 -52 -85 -60 38 -15 -6 74 -53 -73 -42 -55 -87 -79 -56 -24 -37 -82 111 66 -128 105 -28 -108 43 123 4 -89 98 -85 -100 -99 118 -15 -49 43 76 -22 -85 -100 118 -104 64 -28 -111 51 -50 104 -10 38 127 64 87 -123 50 -117 -76 38 102 79 -35 93 67 1 107 -15 86 -109 -49 5 -5 -26 -75 47 -98 -4 -118 -83 -104 2 -35 112 -26 78 -76 -18 -72 112 51 -100 -97 45 -8 70 18 -6 126 -22 -116 -99 41 -89 -97 -125 -82 -64 82 -101 -93 21 -17 69 -38 -28 54 1 37 6 105 -121 20 80 -113 15
71 34 7 -51 33 -90 -3 39 -6 -51 109 -44 -99 -35 -27 -31 -103 -9 -94 92 -42 33 22 117 96 -28 121 26 124 -54 -70 -13 -128 -121 1 -30 -90 53 -84 -85 116 122 -9 58 70 100 -29 -41 -87 34 114 64 -102 54 -56 109 122 -115 91 -55 51 39 -22 -72 -77 -87 -114 -24 -50 9 64 -81 -21 -112 -99 52 -43 -94 37 112 50 38 -36 93 71 25 -82 89 -90 -113 93 -110 55 94 -48 -99 94 -109 -26 -22 -110 -42 -125 -97 18 -61 -51 -92 42 53 -56 97 123 -124 -62 -19 93 41 -9 127 67 14 70 56 -6 107 35 56
-110 110 -60 -53 54 47 -54 108 120 -113 34 62 51 86 51 -95 -41 -44 -69 29 -65 0 65 -14 23 -117 21 -91 113 -31 -37 49 92 -5 17 -17 -87 -67 47 74 4 -27 -79 -54 -52 108 -62 -16 102 0 30 -60 -26 -76 93 -65 47 -121 -128 -118 -117 -54 -18 -99 5 -60 -75 -62 -24 -92 123 34 -39 12 -90 -19 79 -22 -78 26 16 -55 -94 -69 -65 -65 -16 37 88 -102 48 26 -65 -47 87 -43 103 97 -95 42 -64 116 -126 120 -113 -80 114 29 19 61 97 88 40 18 -16 17 69 73 56 -29 53 91 11 -28 -23 -95 -34 86
79 -61 28 -25 -101 -9 -75 -13 -64 -86 122 -114 4 83 74 -65 -6 110 41 -29 -89 -47 -128 49 -71 17 69 117 -67 16 -125 -32 -128 -50 2 24 -22 96 -23 -20 -114 60 106 -42 -15 83 -120 -19 -42 -86 -39 124 67 -93 27 -77 -53 -44 34 18 -94 -78 -104 39 -44 86 -122 19 -57 55 -18 -71 -71 4 31 24 127 -4 65 64 86 5 -96 6 -34 38 -27 17 -83 114 -20 22 -120 10 115 11 -106 7 -99 117 -67 28 116 -124 -124 26 -66 120 -27 -92 -82 81 -10 -47 -80 1 -110 91 -47 124 -18 84 123 8 -36 -102 17 -39
-122 -72 118 -48 -59 -111 16 -28 59 79 11 -11 29 -103 106 95 69 -89 0 -36 -102 43 26 -50 32 11 110 -75 -86 -59 39 76 -55 -81 -27 -33 54 -24 -81 70 80 3 -122 72 125 -125 6 126 -32 82 62 103 -10 121 -37 126 124 25 108 54 53 -81 2 119 61 -89 -80 16 -39 -50 111 -83 -63 26 -78 75 -6 -57 -15 57 -102 49 -5 8 77 96 -13 72 60 93 -70 14 34 100 58 -53 -44 -18 -95 -42 2 -85 -28 -22 98 -126 2 41 57 29 -104 -14 -35 105 -9 95 103 85 -7 -31 121 79 10 121 -38 -100 80 14
65 13 104 -62 -68 22 -16 -117 -30 47 67 45 42 -5 -41 33 -109 67 15 50 123 -123 -54 3 -38 127 53 107 97 -118 62 68 -48 -97 -5 17 -2 -103 99 -16 113 -24 -60 -85 62 -102 -74 88 86 -119 97 106 -54 -28 56 -19 77 64 100 -18 -79 -66 32 27 23 -74 112 125 58 -9 22 66 116 121 113 -35 79 98 84 -85 -79 -111 -80 36 -23 11 13 97 100 39 -13 -79 100 -97 -87 48 75 -116 53 79 -17 -38 -13 101 -34 73 -74 21 40 104 49 -8 -81 -1 -61 -40 -96 -82 -98 22 -76 -108 33 48 -73 23 86 29
-90 41 -128 -68 12 -86 -67 52 5 49 57 -49 49 -30 27 -63 -54 -34 -103 18 -23 5 27 125 -91 80 10 -96 8 -80 -99 81 121 72 26 48 -34 41 -126 86 -4 -14 39 42 -97 -54 -63 84 25 -126 -44 -43 28 -23 -127 -116 122 -35 -56 61 123 -40 31 -120 18 -32 -38 1 26 -51 -28 -41 81 -79 97 -40 127 73 -80 -106 -65 -55 32 125 -83 79 115 -91 57 9 85 -112 -113 -80 -121 10 53 52 -82 -102 -124 52 -127 103 77 -20 -105 -59 -96 78 -126 53 110 -3 116 100 99 97 25 119 65 -54 -91 29 45 118 -100 64
20 -7 125 86 122 -42 -98 -20 -120 -72 61 -53 111 -42 66 85 -43 122 95 -71 -75 57 118 -29 -19 22 68 -59 -47 -66 58 32 16 118 85 99 -37 19 57 66 -115 115 -48 27 108 -23 91 87 58 77 2 -39 51 26 28 -57 -114 36 -114 -81 35 -5 20 -102 37 97 49 -88 46 71 92 23 -87 -84 -18 -54 111 -110 -13 44 -100 -52 28 -120 -93 118 8 64 10 -64 -40 -68 110 96 -17 33 82 19 84 71 109 35 -40 64 119 -126 3 -48 107 13 -18 -109 41 -23 -95 -30 8 -84 50 -21 -35 -14 17 -78 -42 -21 50 -114
71 -22 -54 -82 107 99 -61 -127 -13 -65 47 -17 -126 21 -128 -71 95 102 66 71 -106 -85 76 109 -67 2 -79 86 62 -56 93 15 93 -123 -35 -125 46 -66 87 81 -37 21 -8 74 -27 117 104 -59 45 -57 -18 -42 69 -96 -95 -114 23 49 11 84 107 -87 52 110 80 -99 -120 -89 -49 88 34 70 -63 26 -75 98 33 8 111 -9 -122 -41 96 -110 121 80 59 18 -62 -78 -32 5 -36 -59 97 37 78 78 -34 -98 -107 5 -64 52 68 71 -77 113 116 37 118 -78 -92 38 -110 -10 58 -29 45 49 -73 17 78 45 31 42 -86 -43
27 7 17 108 41 -41 99 94 -41 57 104 4 -34 -73 -33 46 -36 -118 46 111 -33 4 -92 -28 -5 -21 -112 -77 -105 116 -49 67 -123 52 -35 -50 35 -67 120 6 59 91 -127 74 -91 -36 -45 -2 -90 93 127 -105 -58 74 92 -52 -30 44 91 -127 -38 19 -6 -44 48 3 -15 3 67 107 -91 -18 15 -92 -20 -47 100 28 -96 121 49 58 44 30 49 -98 -73 39 -98 -43 124 -52 87 74 12 -76 20 -120 -25 -127 95 8 -64 -108 95 49 100 -122 -69 109 -68 -37 64 32 27 67 -23 102 56 -69 14 -37 112 21 0 -77 69 83
42 85 -39 -42 -76 -82 88 -115 -55 64 -111 73 93 -3 -121 -104 93 17 97 -8 55 88 -30 -123 93 38 36 -18 -50 -93 -63 -48 -91 -11 -95 -84 18 112 -10 19 -66 -54 -61 -46 -29 97 105 64 -16 99 100 -6 116 -75 53 -19 -90 16 19 -15 -9 49 13 -78 11 69 -11 11 16 16 -21 65 24 29 -101 -20 51 98 38 104 -54 43 -69 -23 109 91 92 55 5 60 107 -27 1 -122 -82 -15 51 -46 119 -35 -25 -9 60 125 -85 -37 -44 63 113 -112 -39 79 -122 -105 -38 79 52 -28 -29 28 68 -45 28 -42 -63 125 122 -54
-104 92 -107 90 63 104 66 -68 -2 -88 -109 53 -101 81 18 42 -1 100 -39 -84 15 78 -58 -93 -121 82 -9 -117 -74 26 99 99 -6 60 -116 110 21 -128 58 -5 -25 118 58 60 -12 -16 21 40 -30 -86 17 75 65 -28 75 52 23 89 92 -88 45 59 122 102 109 -84 106 2 1 54 -109 -65 111 116 8 -8 -78 109 -85 -69 -41 72 50 -27 47 74 -22 84 88 17 -112 49 98 -59 -109 -119 -33 -86 -112 -85 -101 73 -98 104 -110 75 79 -112 -3 -112 45 61 -43 97 1 -80 -116 0 109 126 -103 91 -114 97 -47 -58 51 63
-13 70 -94 38 119 55 -8 -105 120 23 -42 -73 35 31 -113 -100 19 15 -78 121 21 -97 -65 -84 100 -41 -38 90 71 81 69 -1 -71 -41 -105 74 -81 24 102 -3 118 -43 -113 -128 111 -3 5 -12 -121 40 113 -96 -3 54 -56 -42 -60 -4 -53 19 -55 34 -113 75 -57 -83 103 125 -91 -22 -28 -106 -98 55 -114 35 68 -115 -84 -7 -68 37 100 101 -3 -63 124 23 -36 114 21 54 23 30 -53 19 -3 60 -103 -100 -39 -61 -62 86 -93 -119 121 -35 102 75 72 56 63 -64 -40 -7 111 -127 -32 -48 46 -93 -63 -53 -88 -127 82 74
37 -102 -15 89 -45 77 48 68 50 69 19 -82 -107 1 120 -99 65 -124 -90 100 -100 -78 79 69 -89 46 -86 -79 -59 -64 75 -109 -46 -114 -45 35 -1 -116 67 106 -84 -27 -34 75 -22 -31 -23 64 -39 22 94 12 29 70 49 64 97 121 61 44 -12 -22 114 127 -106 -105 11 78 -35 -112 89 -46 -93 108 50 -1 -75 -1 33 43 84 -28 79 -40 51 123 54 -104 14 -38 26 -28 42 61 98 -70 19 90 55 -104 -36 -82 74 -73 10 35 115 86 -97 11 27 -27 -81 -35 -53 -103 -116 20 74 -9 71 45 124 115 43 -5 25 89
102 -76 -16 38 -87 126 47 19 -4 -77 56 -93 -72 -28 68 39 58 -99 -105 -52 -120 -35 121 -2 -61 19 -78 54 -62 86 -72 -49 -77 -46 -65 116 -73 -40 -105 49 75 -115 125 -17 -110 -97 25 90 93 -86 20 70 88 -5 -47 30 -65 -96 -112 4 107 -114 -126 81 -2 101 38 92 98 -38 -84 115 -58 86 48 -70 46 40 7 95 41 -5 74 35 1 -88 -46 -27 12 -36 -25 1 30 -48 -91 16 29 85 -45 50 26 -37 -126 118 -98 -99 -4 -69 -114 28 15 80 -11 -124 -34 117 -28 -82 -33 -103 -31 -110 20 24 -9 81 -35 -121
-91 62 65 66 125 -127 -76 -20 -58 80 36 -95 52 -6 -30 86 -25 -59 -81 84 89 -98 95 -114 -65 67 -33 95 -11 26 -64 -55 -48 120 -103 -111 -125 64 -113 50 -86 -1 5 67 -97 -35 56 82 110 -73 112 -25 40 -69 -48 -127 16 69 -44 -42 92 -109 84 112 35 -98 -125 -117 -44 -71 114 -102 -97 -88 77 27 10 123 45 -26 -68 123 -79 100 -18 124 25 -24 48 124 -93 -32 -112 107 0 10 97 -64 -43 -47 -19 -29 -120 -106 -98 44 -85 -98 60 -120 58 -118 12 -71 90 -50 53 -7 -86 48 45 -13 112 120 -18 66 -60 -35
10 70 98 -56 -64 -62 70 84 -9 34 50 -8 -72 24 90 -7 121 -99 25 88 30 -37 84 30 -2 -45 -97 -72 69 66 115 14 86 -92 48 61 -94 -21 -7 1 -20 4 -7 68 4 84 -125 -29 -67 -108 118 -17 121 -5 82 117 71 -89 35 1 -89 99 -39 30 -36 -11 -118 54 -28 34 52 -73 4 105 4 -70 91 77 4 97 -92 103 -100 99 23 77 21 31 18 121 27 -16 -93 -27 5 25 49 83 70 -29 19 -76 14 -36 -63 89 -49 113 46 -43 69 65 -4 69 42 -27 -77 -17 -78 -29 68 -110 -65 -39 -96 82 -76 -40
-67 122 -112 63 110 5 -116 121 -123 -124 -47 -6 -53 122 -97 21 -6 -70 -69 52 -19 66 77 -108 -105 79 -80 98 67 104 83 16 23 26 123 -70 -31 -78 -63 -85 20 -11 -20 -74 107 108 97 10 -41 119 -101 -29 -50 -60 89 67 73 70 64 59 99 15 -52 -106 45 32 -48 -17 58 118 13 -65 -12 110 -55 94 64 47 69 117 -34 112 42 105 -75 -79 89 -105 52 -12 -2 -24 93 -29 -104 -128 -47 -32 17 81 -41 -60 -14 52 71 125 49 -2 52 -1 -9 18 -16 -121 -107 -103 -66 12 -111 124 -57 83 116 79 14 -43 -87 98
103 105 -83 -9 118 38 104 12 -61 -4 -94 30 12 -56 -60 -65 26 45 -39 1 -42 -84 -102 -31 12 108 39 35 -50 -128 -126 -13 -58 74 -1 20 13 16 -123 -116 41 -126 120 26 19 107 -7 -62 -94 -12 -42 35 46 -113 73 -62 90 -33 52 -70 114 -89 -69 82 30 -58 -16 -31 -109 88 -73 104 -76 101 -59 57 -61 3 -36 -61 27 -70 95 -62 121 82 38 87 70 -92 -83 -36 -59 15 -83 104 60 -113 100 114 126 101 48 -20 27 -102 -65 3 104 13 -23 89 97 6 -125 -111 -37 -42 -58 40 -91 -37 32 -125 34 -56 11 94
17 -79 45 -88 113 -74 -121 110 -79 -44 -25 118 -27 -24 -23 -96 -18 -54 -8 18 16 32 81 37 14 84 75 -63 53 41 10 -67 12 -106 86 94 44 -17 -99 -51 -89 40 -11 64 -12 -57 42 -26 -12 -87 45 93 96 114 106 94 83 97 -121 45 5 -38 -21 125 -32 103 124 -81 50 14 -3 -65 34 -62 -102 66 127 104 -64 40 17 -47 105 -107 -127 112 -17 127 94 -102 76 123 12 111 -52 -35 -70 15 -88 -100 89 3 11 29 -121 -46 6 -38 -52 -109 -62 -77 120 96 -118 68 -2 -118 59 -72 94 -78 95 -100 -59 82 -91 -103
-118 124 -84 30 16 11 8 -56 50 77 67 62 108 -121 -73 15 40 -54 32 -60 -43 19 13 106 -107 69 90 -10 -70 -127 11 -110 -75 -18 -6 33 113 -9 -40 -67 89 -48 112 48 -65 90 117 109 21 -43 80 28 -102 -76 66 67 34 118 34 15 7 -57 -103 1 -14 -108 -22 95 -31 -17 -122 -119 -13 123 -113 -43 94 123 113 -51 96 123 53 -103 36 113 35 103 -3 127 -56 -119 7 1 39 -107 -62 116 -70 122 74 -77 84 41 -43 -70 -10 -27 10 -99 23 28 25 32 -51 -4 -127 42 109 100 54 105 56 20 87 -70 65 89
-84 -50 -61 -40 81 -84 -75 44 -109 -124 -39 -71 -86 99 82 84 -57 79 -12 -33 17 32 -38 36 1 -15 -49 7 -126 -124 -75 73 -18 -29 -20 99 -39 -18 -28 -3 -104 25 24 -65 75 125 94 32 -104 -102 92 -103 -32 30 113 2 24 78 -113 53 123 -92 21 -117 63 -20 -37 -28 -53 111 100 -52 -55 -10 115 76 -37 -42 15 -98 118 51 78 53 -69 -19 122 -13 -98 27 -38 -69 -35 -78 63 -87 -49 -58 -38 -79 -100 -117 -112 47 31 116 80 -116 77 63 79 44 -87 111 38 -74 101 27 105 -38 -24 -56 89 110 83 -64 -106 118
-57 101 50 -82 -109 -31 -87 65 35 -99 101 -75 7 113 119 34 -83 39 86 73 -108 -113 -51 -15 -112 -90 92 89 18 47 47 123 -73 -50 67 -113 111 -75 102 93 14 124 -67 36 4 94 52 99 87 -24 26 84 42 -66 -73 -31 98 -26 -21 -17 13 30 76 -112 -86 67 -43 104 -128 -91 91 -110 -26 23 -57 119 43 53 112 -123 75 97 21 15 88 2 126 80 99 -39 21 109 48 35 37 -95 -37 97 41 73 -66 59 119 20 18 66 -93 56 95 44 42 -66 -16 -71 68 -64 7 38 -107 71 28 13 -73 65 105 76 90 -36
112 -16 89 -31 16 -84 -127 -108 89 -7 30 -97 -33 87 64 -71 33 -8 61 -16 60 -77 -21 3 22 95 81 0 -95 -54 99 88 -124 -48 -95 43 -122 -22 109 -73 -37 -23 49 -93 -39 -94 13 -68 110 -46 -61 -124 -101 82 -46 16 113 -122 -40 107 13 -119 -30 81 -64 25 -2 121 85 10 -62 27 50 -63 57 -126 89 33 -120 2 36 119 -52 125 -101 -81 -75 24 11 -63 -123 46 50 -81 107 124 -43 -22 101 -35 95 6 55 119 -99 -49 109 -60 111 115 -97 117 -81 -121 5 2 -57 123 -1 -27 -7 124 115 90 -121 7 55 -40
36 85 -92 -125 -95 115 35 -48 -82 -40 -117 -25 -97 52 -115 54 -17 -8 -114 -122 -126 61 -87 -80 23 11 -49 -89 84 69 39 -61 38 67 -41 -40 -73 -10 -89 -97 32 116 -60 -103 87 -122 -103 83 -125 19 100 -39 -111 33 -113 -6 41 -105 -105 22 -62 77 -6 -98 80 -67 -10 21 68 44 5 77 108 98 -83 -66 82 83 -49 14 112 -45 -56 -10 -64 89 28 77 120 -92 110 26 -58 -110 -36 -13 92 -73 -124 118 -32 -84 52 44 -117 -103 -56 80 117 -52 -127 -103 51 -67 32 92 -58 59 59 -94 -47 -86 40 -18 -58 31 -47 -1
-37 33 -90 -110 34 49 -53 -29 50 -83 43 48 -104 120 -44 -87 -120 -25 -44 -24 34 -30 -80 54 -110 -117 64 -111 26 67 19 -116 -92 -5 -40 46 -40 53 125 96 79 -67 -70 99 -3 53 -1 50 -70 -115 103 -11 77 125 8 3 29 -39 107 100 16 4 59 -105 94 74 8 -67 -68 98 73 -76 -89 13 -119 117 77 115 121 113 -33 -104 -96 -43 -100 4 -80 83 -81 120 59 -11 -77 109 -128 64 100 12 98 41 -58 79 -88 7 -74 -99 -115 -63 80 85 -15 -10 87 98 25 5 -11 107 60 12 -4 126 -68 58 -98 39 -121 0
-5 -54 -121 -51 12 -74 -39 -114 -103 126 -4 1 -49 114 -70 50 62 -41 115 24 -48 13 67 111 73 103 -4 48 -16 -39 -100 -81 -43 2 52 59 -47 112 24 -16 -124 -24 38 114 34 33 103 -90 -119 -119 -95 -62 -86 73 -43 94 -86 59 -118 116 -78 86 -125 23 -107 52 -109 108 -42 63 116 110 66 -105 -125 78 48 75 -38 -40 21 -63 -126 -70 64 -65 71 -3 25 103 92 -7 -19 91 -9 33 66 -55 -83 56 9 -69 108 125 91 41 54 120 -78 115 79 59 -83 111 -2 66 -97 -10 -26 16 -107 -14 109 -96 -4 -52 11 98
3 -48 17 0 -37 -65 49 67 -113 -36 57 -25 -108 -97 -62 70 79 47 12 8 116 -120 84 -73 -24 -78 57 2 -76 -100 -63 19 107 10 -34 -14 93 85 -105 -51 -96 -2 -8 105 74 -46 79 19 -122 -81 47 -51 -90 -62 45 -33 -10 -113 -64 -93 -37 -19 122 -101 104 -54 -9 104 71 -124 3 -14 52 -57 -95 94 54 88 -8 -52 1 6 82 72 89 -102 -66 -23 -2 100 -38 -42 10 19 -63 -116 -111 104 95 52 -105 97 29 -62 -35 -104 13 53 -81 126 6 69 119 -20 113 -74 85 104 -103 -28 -30 -122 -69 -9 124 -46 112 97
-126 -72 101 113 87 -58 71 -101 -41 6 78 -125 58 -16 -88 -98 -8 38 -24 116 -117 -13 -40 94 -53 23 78 17 6 -9 -41 -105 -122 -42 110 -19 53 86 -26 96 82 -121 96 62 -109 -62 77 -107 80 94 32 45 -114 125 79 0 -49 -1 41 123 25 123 72 -46 59 98 32 -35 -42 -28 -43 13 13 -17 107 32 -126 -113 98 -53 90 -71 35 -79 66 90 100 -100 -13 43 70 -125 86 -79 -78 49 13 84 -98 68 -106 39 117 119 -64 -3 -126 106 56 -82 -10 -82 115 -67 -124 -112 -56 -127 66 -98 5 -79 63 12 68 -23 -69 49
23 -47 104 26 14 -5 -53 41 -59 3 -18 -77 -91 34 93 39 -18 105 -111 -69 47 23 -13 15 41 83 14 -64 27 -17 38 79 -86 65 -88 117 -66 8 71 11 -7 -51 85 -65 -120 -38 101 94 -42 -119 -22 -48 -109 -101 21 -6 99 -48 39 -65 123 -100 14 -106 -38 51 61 -52 76 -71 -11 -113 7 125 -63 -113 -30 -99 -36 9 -31 70 -40 39 109 78 122 -32 -77 -109 48 67 77 126 -76 42 16 17 -24 -25 2 -59 110 106 -78 -100 119 -22 -60 51 -100 -7 -109 -89 -107 -20 102 -55 84 -1 -61 -99 103 41 -82 -49 -47 -17
91 94 48 -42 -65 -97 -82 -117 -50 102 -78 -37 -49 -85 21 23 23 -37 62 62 -98 -87 61 -31 5 -26 112 -82 -46 42 65 34 -71 94 80 -112 -76 78 -87 94 -9 54 30 -19 -31 92 109 -69 -94 -53 65 -4 92 7 115 82 -17 55 -107 112 112 -39 -108 -2 -48 -64 -18 -10 -25 -63 86 -123 -92 83 93 -103 -98 -125 96 115 81 27 84 17 33 5 -101 54 100 -66 7 46 -91 -50 118 -5 27 57 112 6 75 -91 -55 104 -66 -68 -66 72 -82 -68 -118 12 -23 108 -113 71 123 12 -83 -86 -102 3 -82 82 -27 -14 95 -121
-104 -46 44 -82 -30 -87 -74 42 -111 -9 104 30 -75 -62 86 -126 -103 111 103 -47 -1 15 -120 -74 -78 -110 59 20 18 -6 19 -82 55 119 -118 -113 -37 -78 -58 -29 114 -112 -66 27 -16 -96 41 -42 33 -75 82 -113 88 -115 -126 40 -62 -94 113 -71 12 51 -17 -5 -3 68 19 39 111 -43 -77 111 -65 -43 -34 -107 119 30 43 123 -57 88 10 68 -24 48 -5 90 -68 -66 81 4 110 -47 0 17 102 13 83 -108 110 50 -119 54 -73 -97 -76 -67 6 57 2 116 16 19 2 -73 -17 89 -37 -112 89 119 -127 -89 -20 0 -37 -22
