66 61 55 58 47 32 46 52 66 55 36 63 61 41 35 48 20 46 33 41 53 71 45 41 66 60 17 61 88 51 51 67 64 50 45 59 52 48 22 24 52 72 30 70 26 49 52 60 41 51 64 53 39 37 40 67 58 58 37 32 21 52 36 46 41 48 87 26 42 57 72 72 27 55 5 42 71 74 67 38 58 33 31 31 57 42 36 47 57 45 36 77 58 45 42 55 70 52 45 38 71 32 40 20 12 50 59 64 71 63 38 40 80 51 65 46 44 34 60 41 29 53 19 66 78 71 56 50 61 34 13 81 58 50 52 77 56 49 40 30 43 45 52 1 42 42 67 41 49 23 36 43 82 62 22 23 24 16 57 37 60 55 50 43 28 51 65 58 64 40 61 87 63 43 74 29 44 72 41 45 27 49 57 36 33 33 41 31 36 66 72 54 35 53 53 29 56 46 32 59 65 52 42 46 26 67 48 42 47 29 63 43 51 61 45 43 48 70 59 27 40 46 23 49 16 29 46 32 39 42 58 54 30 41 32 43 66 49 40 43 30 58 19 17 43 46 32 7 62 41 41 33 40 62 52 44
39 74 58 43 53 33 67 54 50 28 35 35 57 29 41 73 47 46 48 28 44 19 44 58 9 38 27 34 65 50 31 69 49 53 57 25 30 44 50 14 29 42 62 46 37 29 49 40 30 62 64 62 25 49 86 59 36 38 52 71 40 72 33 31 39 27 57 42 25 64 68 68 38 21 41 50 49 42 84 24 41 55 51 62 22 46 57 48 82 40 23 63 59 81 26 63 76 36 49 32 85 28 38 16 24 47 43 45 53 32 75 57 43 35 73 29 27 38 62 65 26 23 46 38 36 33 51 40 51 43 52 49 38 48 40 73 37 53 30 50 37 54 37 16 49 33 73 25 52 68 28 43 77 53 34 65 32 6 63 60 30 79 42 53 44 22 62 56 65 31 52 43 34 40 56 51 32 74 65 41 26 54 50 42 59 36 71 32 12 84 68 51 40 44 47 -9 61 26 50 26 48 34 41 19 59 55 33 35 41 33 52 51 56 53 51 51 19 63 56 47 38 24 48 33 47 42 75 52 48 64 37 55 32 51 50 47 58 78 29 33 18 37 10 29 58 52 24 57 15 49 37 67 41 41 68 31
41 67 33 3 46 56 54 51 35 59 62 57 52 47 51 69 21 76 25 44 60 49 38 77 78 64 31 52 54 42 45 100 67 62 27 40 60 53 79 14 48 63 52 57 83 69 52 20 76 79 25 73 45 55 21 47 80 64 74 66 74 45 36 67 74 50 81 60 24 41 52 51 82 42 87 31 18 48 68 58 44 69 62 65 59 52 39 28 50 12 37 50 32 56 43 65 73 57 83 37 20 40 56 43 21 36 48 43 34 32 63 56 43 53 20 18 39 35 43 28 40 44 35 57 45 46 77 39 86 38 60 69 32 37 52 93 41 51 46 49 67 45 55 47 36 39 83 33 49 73 31 61 72 69 25 71 48 59 60 76 10 49 66 35 40 41 56 34 78 49 52 52 32 44 42 36 57 70 65 31 40 38 64 51 67 41 67 -3 40 67 53 46 47 46 42 44 63 68 78 71 71 52 45 71 79 71 49 59 48 50 48 79 56 43 58 39 36 74 81 71 47 50 46 18 36 44 30 32 54 36 32 50 55 52 56 51 65 77 47 42 58 71 33 62 82 45 34 77 23 40 64 52 45 62 64 69
34 26 51 70 58 27 61 28 23 43 26 46 67 45 41 71 19 34 3 18 35 49 49 61 58 34 60 69 71 52 26 38 30 33 53 35 35 67 30 32 9 40 7 50 47 44 44 57 38 49 56 95 47 40 48 26 46 58 49 26 16 71 28 44 42 29 40 42 40 21 58 55 40 47 18 41 37 31 51 23 35 50 44 50 19 15 54 44 53 29 41 43 59 38 51 38 43 43 42 58 59 44 50 20 55 52 33 31 50 42 27 14 68 34 50 44 45 55 60 50 57 38 31 54 42 27 51 32 42 36 27 73 29 31 58 61 63 49 13 52 44 24 35 5 53 43 62 30 49 34 47 40 68 46 30 26 43 23 66 49 24 46 63 24 30 40 42 64 53 53 73 76 27 27 43 46 16 45 15 31 21 62 40 52 56 63 27 32 28 52 48 58 53 35 44 44 58 33 50 70 35 54 37 40 45 58 41 42 23 34 65 64 36 26 30 52 45 60 47 33 44 58 45 69 19 12 38 33 43 49 65 30 15 33 56 52 48 38 23 48 42 59 48 22 34 61 19 28 36 71 26 37 28 46 38 33
46 38 39 64 46 43 49 66 44 31 35 40 39 31 41 62 26 76 46 36 17 40 57 52 56 43 33 59 61 52 54 52 43 49 57 16 45 43 61 28 38 33 47 15 20 55 63 51 36 78 61 30 55 52 34 70 65 74 49 69 51 60 44 31 38 49 48 58 27 36 58 68 37 54 45 44 48 66 83 67 73 46 50 57 51 38 30 54 48 49 22 59 42 62 43 56 66 69 50 53 71 29 48 31 37 37 80 42 36 43 44 41 30 46 62 31 31 43 59 59 34 32 51 23 33 65 70 19 43 44 50 43 52 29 67 66 56 45 60 55 58 37 54 63 56 30 64 56 62 36 28 43 79 41 35 40 27 17 37 42 40 38 42 58 48 45 49 43 31 65 66 67 28 39 46 27 50 43 24 38 34 40 53 34 69 57 61 37 34 18 44 74 61 47 36 31 39 49 43 48 42 33 35 68 49 67 61 41 64 36 26 58 13 66 65 46 26 52 49 67 41 33 75 42 57 48 56 49 37 64 47 52 34 48 57 70 51 29 58 63 74 53 25 15 54 47 29 71 43 56 50 36 44 63 50 40
56 53 44 36 53 20 39 51 43 5 31 75 53 24 58 31 20 63 57 44 35 44 61 54 78 13 42 22 81 37 66 66 43 24 49 50 46 62 52 11 43 47 40 55 18 53 49 30 42 44 29 64 38 17 73 58 55 40 49 35 24 34 25 59 60 45 44 14 60 66 45 66 43 29 42 23 44 34 84 45 37 42 38 54 34 42 14 59 50 51 31 70 31 60 39 70 77 57 53 47 78 35 39 34 44 38 46 60 40 54 61 30 26 64 37 42 58 30 73 40 31 32 48 47 54 61 61 38 70 52 33 59 29 35 67 54 40 63 50 44 30 56 45 39 32 29 44 35 53 47 65 32 52 61 42 41 57 41 51 36 41 53 44 39 38 25 57 27 40 85 51 41 61 25 32 46 29 46 30 52 39 43 36 48 66 46 71 32 8 46 55 34 46 45 66 73 13 42 31 48 44 44 45 64 27 50 75 77 40 34 52 70 58 38 29 47 18 88 40 37 9 57 57 26 47 31 37 59 71 45 28 46 47 39 42 73 71 34 39 36 39 52 33 14 95 51 44 45 32 52 25 73 32 54 46 79
55 62 51 36 45 5 54 46 22 51 52 73 45 44 34 59 18 46 9 62 73 67 59 73 37 67 47 61 69 52 31 70 44 53 45 37 35 71 49 23 39 47 41 53 27 55 25 72 54 48 45 52 62 23 73 62 60 76 35 52 19 53 48 29 62 60 63 45 61 75 59 64 52 51 48 -1 56 59 75 35 50 45 49 49 56 53 48 44 42 16 24 52 43 52 31 89 66 58 28 74 62 24 56 40 32 49 54 52 46 64 64 54 76 43 87 30 42 54 38 39 29 52 57 65 76 47 21 41 43 64 46 55 62 67 54 61 49 42 59 37 20 38 43 38 34 44 69 21 66 43 46 61 49 53 56 42 49 31 66 58 23 62 55 52 54 44 65 53 49 71 65 52 55 30 29 52 27 69 44 41 23 50 64 40 48 55 79 46 53 66 50 55 34 50 33 21 72 67 21 54 55 43 51 79 58 79 60 30 25 28 62 39 56 61 13 48 27 62 47 57 54 54 48 40 49 60 67 29 36 53 27 59 29 40 53 24 47 79 44 56 38 68 59 43 30 26 31 52 46 34 46 61 23 43 61 61
62 57 62 80 63 42 26 50 46 59 69 59 64 49 36 57 57 57 56 49 57 46 70 69 55 25 26 50 56 81 54 64 60 56 82 24 74 68 39 12 62 100 46 46 43 50 64 82 10 70 55 56 30 31 57 46 46 65 26 60 35 57 60 35 62 68 58 82 57 35 49 65 20 44 61 46 61 71 55 27 49 30 50 58 35 73 52 43 33 52 44 61 32 77 45 36 92 68 70 62 51 53 54 50 38 41 57 57 84 74 73 59 49 52 50 33 51 59 47 58 34 55 76 61 49 33 70 43 72 42 22 50 47 51 64 84 67 44 47 54 37 29 76 48 72 23 52 49 81 40 23 34 74 39 46 44 43 30 60 82 45 41 38 48 30 39 57 51 52 38 43 90 34 36 40 61 32 53 46 49 62 49 46 39 67 69 50 51 29 47 50 49 60 50 36 17 52 51 63 42 45 27 69 72 69 56 65 35 56 47 38 69 63 54 54 20 38 55 89 92 49 74 75 23 64 40 49 38 33 63 56 69 34 52 63 78 49 42 73 57 48 30 53 32 47 44 24 58 40 48 36 28 28 47 49 49
23 44 83 39 63 30 48 39 -1 36 65 44 57 55 59 48 24 56 46 58 34 62 33 49 45 44 35 54 78 45 37 72 67 47 63 34 68 68 74 37 35 54 53 37 29 62 65 55 67 54 40 66 64 29 43 73 56 56 69 48 47 41 35 57 41 49 68 54 54 61 52 52 55 48 49 54 35 68 82 40 56 56 44 72 42 47 40 51 50 33 40 57 61 59 30 76 66 70 39 57 81 16 32 33 68 52 86 28 54 47 77 33 35 66 61 40 53 44 56 36 46 57 34 52 37 53 50 35 66 46 57 68 42 29 47 93 68 45 54 28 47 43 47 42 45 25 55 40 46 59 55 41 64 70 52 44 28 68 55 37 42 66 72 66 52 28 71 46 69 76 57 70 54 63 62 34 50 68 55 16 41 62 49 39 67 46 61 28 33 61 79 53 29 38 81 47 42 49 62 44 29 57 47 61 74 45 59 44 46 46 39 69 46 40 42 25 39 71 50 54 59 88 65 55 63 59 41 38 40 40 34 14 56 36 32 57 72 70 47 40 48 52 62 43 93 54 38 54 44 44 46 58 35 53 79 74
33 75 55 64 61 22 64 36 48 29 49 68 35 46 31 79 41 61 48 29 20 42 67 71 69 9 43 79 62 47 59 57 52 53 61 47 69 54 55 31 49 45 47 62 36 63 66 50 29 71 66 57 33 58 63 35 52 38 54 40 9 63 24 38 71 62 51 50 24 27 39 79 57 72 45 33 86 40 87 48 68 19 61 30 56 60 26 61 20 48 45 91 47 54 55 52 67 46 64 47 59 46 45 65 22 41 58 71 36 46 48 39 40 78 51 36 34 83 72 73 49 31 34 53 71 73 57 44 63 29 76 66 50 72 79 65 49 35 38 78 61 32 34 38 61 25 76 47 98 45 44 50 60 56 26 38 28 29 47 30 40 46 35 32 34 38 50 46 38 54 63 78 54 36 42 61 63 76 33 47 23 49 43 27 66 33 42 6 44 26 39 55 64 41 60 53 73 53 46 48 50 29 25 68 49 78 60 51 72 31 61 87 52 36 49 52 8 50 53 71 48 85 60 32 63 37 48 55 70 34 74 71 47 72 34 47 68 43 45 55 45 56 43 35 49 43 26 81 53 61 14 53 12 63 29 82
30 63 53 62 47 26 53 63 30 48 69 60 50 55 46 67 38 30 56 36 41 24 60 37 33 66 26 38 98 56 80 60 19 56 41 40 50 53 70 31 12 35 42 44 25 54 25 34 52 63 41 77 27 40 68 36 61 63 61 51 28 52 34 52 88 48 38 52 47 29 87 54 41 46 18 39 34 55 63 30 46 65 50 40 49 50 67 39 63 29 55 48 42 54 32 58 83 58 63 39 70 44 56 45 35 32 38 66 54 49 67 51 38 91 48 30 40 32 38 57 72 50 53 56 34 56 40 27 78 41 40 53 21 40 51 72 48 53 49 56 19 42 60 20 55 43 66 46 59 43 45 51 61 51 42 43 46 40 71 35 51 61 59 35 15 45 73 74 49 49 65 57 29 40 24 54 55 54 61 25 47 46 46 45 70 54 86 8 46 47 48 67 49 48 60 66 43 35 43 38 39 44 68 42 28 16 52 39 31 39 52 86 46 38 58 67 36 42 50 35 40 71 77 45 67 66 32 29 65 74 61 56 44 38 37 67 91 60 31 52 33 27 32 17 61 68 48 53 23 58 45 58 14 57 46 37
39 45 63 32 56 7 33 25 48 58 35 26 54 58 34 43 30 45 45 38 54 52 48 47 43 18 44 37 78 71 50 49 63 45 57 29 32 74 48 34 39 65 75 39 26 40 22 50 42 64 25 36 33 27 65 34 76 50 52 76 27 30 22 42 41 52 60 39 54 46 47 45 43 23 35 58 39 58 61 54 48 19 24 47 32 46 53 21 57 27 36 72 32 46 16 55 58 36 89 68 78 47 48 51 20 47 43 43 50 31 66 45 34 50 27 55 36 47 16 45 37 26 32 20 42 55 55 43 44 67 71 48 46 83 33 55 72 45 53 54 32 29 40 64 44 45 51 65 47 32 45 30 42 57 46 53 37 56 35 42 43 39 48 70 56 19 59 33 23 58 37 34 19 47 31 34 37 50 21 27 25 54 31 40 52 31 70 25 61 46 67 73 36 49 43 43 40 34 47 58 53 15 39 53 53 53 60 69 59 52 42 64 52 44 47 49 14 72 56 41 32 65 64 32 48 47 36 27 75 56 31 22 51 20 63 46 27 48 57 56 49 45 19 47 50 34 35 59 37 19 66 43 36 65 37 73
72 31 42 23 52 24 59 72 46 57 66 68 32 40 42 41 32 51 73 28 67 36 35 55 24 61 47 58 55 46 62 39 65 30 62 9 45 76 35 25 23 73 57 27 3 46 48 45 45 59 46 69 31 35 68 31 49 62 38 55 29 86 47 53 49 49 57 56 24 46 47 63 29 29 31 34 72 68 65 14 56 53 46 44 42 56 65 42 54 18 7 55 58 52 22 60 89 8 79 42 52 19 32 53 7 24 53 58 65 45 67 53 33 76 45 31 53 27 40 51 20 44 19 53 47 66 24 28 51 33 53 36 18 22 30 77 46 69 57 37 61 28 45 37 46 16 54 63 65 52 38 29 68 59 37 41 59 9 52 31 22 80 23 38 49 21 52 66 61 45 59 74 47 39 33 42 35 56 47 36 67 49 37 32 80 48 45 35 45 20 57 61 63 44 36 15 61 31 63 52 22 41 40 22 39 49 31 32 24 48 48 65 61 54 45 51 29 53 53 48 36 49 59 19 52 43 83 50 51 73 33 51 29 48 49 68 71 46 42 32 36 32 52 48 88 50 36 71 28 44 45 72 36 61 30 34
26 67 44 58 75 30 53 36 26 61 44 37 56 42 53 65 58 53 48 64 38 51 44 82 44 22 42 57 75 60 50 61 22 40 56 75 46 35 34 32 38 27 58 45 55 44 63 51 39 65 48 43 60 70 73 37 63 36 49 23 27 93 30 44 38 60 70 71 37 73 85 62 38 37 18 22 54 45 68 35 46 39 48 34 55 32 42 49 20 39 63 30 56 49 47 90 53 47 36 72 86 39 69 22 48 57 55 37 31 56 35 50 47 59 60 54 28 46 50 44 68 33 53 64 53 61 55 57 34 28 56 71 72 43 36 51 74 42 37 24 52 32 43 38 71 32 47 41 71 26 54 55 77 41 60 50 26 56 33 39 72 46 38 61 20 17 75 46 48 60 41 71 69 62 45 16 37 46 48 48 28 54 67 16 37 30 57 40 55 79 70 79 35 49 84 59 55 60 45 43 53 48 53 71 49 47 37 52 46 21 48 79 44 54 30 49 36 64 40 38 36 89 34 62 71 50 58 46 44 34 57 30 28 32 35 38 61 64 46 48 56 78 53 15 50 61 46 51 68 67 38 55 31 51 46 28
52 78 34 46 35 17 65 40 46 57 50 68 79 19 47 46 57 59 23 42 29 46 64 70 54 22 72 40 89 39 83 46 10 84 55 62 23 48 53 20 43 56 42 42 11 42 50 28 45 72 10 35 20 27 48 40 61 39 47 62 28 46 59 24 41 31 42 41 57 27 71 70 55 21 35 33 69 74 65 56 62 37 58 45 54 62 52 24 51 31 56 38 41 59 34 36 47 53 80 47 63 52 49 64 31 44 28 46 42 42 18 53 22 54 35 20 36 24 56 48 43 33 65 49 37 49 65 46 64 69 84 41 56 46 67 42 46 57 54 71 35 35 48 46 32 53 40 61 62 65 53 53 57 39 44 42 27 61 75 33 32 74 44 43 28 31 36 31 30 77 69 67 50 35 12 43 68 47 69 66 40 48 74 50 60 30 50 51 2 69 43 72 17 52 43 49 38 33 46 65 51 71 53 35 49 37 63 44 50 39 35 75 35 30 47 46 11 64 62 42 56 52 55 42 55 60 67 52 53 45 14 69 32 38 60 60 51 64 39 39 24 54 52 52 48 45 40 45 49 33 37 31 40 58 54 53
29 74 22 53 72 33 48 47 52 65 46 52 79 76 41 77 34 62 36 37 20 34 53 55 57 21 38 46 52 56 51 75 44 31 52 37 54 84 62 27 12 44 29 51 53 62 53 29 32 64 66 78 24 42 45 49 45 35 86 78 43 43 22 44 38 30 46 43 40 27 65 74 45 32 35 29 54 34 70 32 54 21 27 61 63 45 46 70 47 57 46 83 58 57 24 55 72 42 61 52 66 71 52 47 32 28 45 61 81 46 61 44 40 68 39 62 27 60 71 21 43 47 37 16 44 53 64 39 44 53 72 75 24 66 62 70 45 19 32 32 53 50 19 21 64 46 60 42 29 25 44 45 63 50 25 33 61 41 67 65 34 29 55 44 29 52 40 61 59 41 69 30 45 50 53 70 31 26 33 30 15 58 43 35 69 41 64 0 22 77 69 71 63 50 46 55 49 51 38 66 47 28 38 47 40 53 63 44 36 40 29 72 40 42 44 26 37 47 83 62 61 62 39 6 52 57 61 38 19 50 25 45 51 63 52 63 54 39 48 66 56 30 27 42 55 86 32 66 58 75 41 33 23 59 57 61
53 25 73 25 47 50 57 62 35 42 74 65 68 42 51 68 22 44 22 65 47 37 36 59 65 45 44 48 48 48 49 58 60 59 55 41 55 55 64 24 43 37 42 27 57 68 79 11 64 70 62 67 34 66 69 22 63 66 67 53 36 37 54 48 48 68 54 46 35 35 32 57 38 58 46 32 63 33 64 70 54 77 53 49 49 48 64 30 43 19 11 48 38 52 44 38 60 64 68 57 40 33 46 34 46 46 33 33 42 39 72 63 40 36 58 35 29 60 69 58 52 6 37 55 63 72 32 32 83 34 65 42 34 32 50 72 63 54 22 49 64 25 54 47 17 45 46 27 50 51 38 63 30 59 24 54 51 51 58 67 7 72 59 52 51 28 30 28 53 31 65 49 21 46 36 47 56 50 71 57 55 24 49 46 57 66 67 13 17 44 25 57 31 32 43 55 63 74 62 61 55 68 32 73 43 51 87 57 41 44 52 62 44 6 77 58 30 78 52 66 37 50 59 46 54 29 63 55 63 62 26 51 48 50 72 48 48 54 27 65 57 40 54 27 55 51 24 32 32 72 36 85 16 66 45 80
64 41 41 74 58 23 41 72 17 78 59 32 59 62 54 53 56 63 62 47 54 37 45 41 64 48 27 51 81 64 45 64 36 41 77 41 39 59 47 3 32 75 72 23 39 61 65 36 36 48 54 50 8 42 62 36 30 56 47 45 34 57 37 63 66 35 66 49 33 51 71 73 16 6 48 47 61 71 67 26 56 37 51 47 59 32 30 45 63 67 42 62 72 48 40 54 74 49 67 35 49 62 53 38 22 45 54 39 55 56 46 17 41 49 34 42 65 33 34 44 21 65 59 42 41 58 81 46 61 50 43 50 31 11 55 50 66 59 65 31 60 46 65 56 42 27 65 64 54 36 32 31 92 48 35 46 54 52 71 60 50 69 26 35 28 60 35 48 70 48 55 68 47 65 49 50 51 38 56 39 18 65 37 38 43 74 53 31 28 48 51 54 31 60 53 43 31 25 64 54 27 81 37 49 37 35 51 30 54 43 54 72 30 83 43 58 37 62 52 38 41 54 45 -10 66 49 36 52 13 59 24 57 56 49 31 56 51 58 51 42 37 46 40 35 79 59 28 41 53 80 51 39 66 87 49 30
56 46 59 55 39 37 37 35 46 40 80 41 74 54 36 47 41 54 56 53 58 40 27 67 53 17 43 41 78 75 62 45 45 35 49 34 32 80 64 33 41 62 45 43 51 46 35 64 38 52 55 70 39 27 58 41 57 68 49 66 49 36 50 62 65 77 68 5 43 47 88 38 58 27 34 74 54 38 64 51 62 67 22 76 39 54 79 53 57 11 70 60 44 65 20 58 64 46 59 55 48 44 37 60 49 31 65 37 55 74 63 69 58 41 42 51 40 35 19 66 25 31 43 61 36 57 28 24 82 40 40 31 61 39 33 66 63 32 54 69 39 43 44 57 33 22 17 38 60 39 54 39 39 78 30 36 44 51 63 26 38 39 68 41 66 26 47 68 71 68 65 78 55 56 48 51 23 66 31 37 40 45 38 53 62 68 66 23 23 47 56 75 47 32 73 58 52 46 65 43 29 52 61 45 23 65 42 51 33 58 64 79 80 34 59 50 36 63 39 37 24 83 67 43 52 69 33 35 80 44 48 39 52 19 61 75 47 73 61 77 27 65 34 18 71 54 32 22 14 56 30 49 37 70 36 64
56 89 51 50 77 38 66 57 45 44 48 60 46 53 20 65 53 53 62 38 36 46 56 71 49 22 51 44 95 36 51 60 18 39 48 57 21 14 55 44 49 24 23 33 45 69 52 22 36 42 54 48 31 45 58 39 82 58 58 50 36 55 40 44 34 52 36 71 58 52 89 62 44 47 43 30 59 45 68 40 87 56 47 60 24 57 51 58 52 46 59 48 74 57 49 80 74 67 34 57 65 54 41 41 41 39 50 39 46 38 12 45 30 86 42 32 57 49 66 57 80 30 85 63 35 70 70 80 53 40 79 43 49 38 76 63 34 11 41 44 40 19 31 36 56 45 62 45 57 38 62 62 69 29 49 51 37 42 65 36 25 49 42 50 18 65 54 37 59 70 73 68 51 44 40 44 42 46 44 56 24 49 54 51 56 43 63 34 41 61 55 70 60 34 54 47 23 48 36 43 62 56 49 58 42 54 38 56 69 47 40 69 32 52 38 47 20 53 43 54 75 67 46 46 72 57 61 57 42 48 32 70 62 74 61 60 78 79 54 69 71 32 24 15 76 63 13 65 42 81 42 53 4 69 38 24
32 58 81 62 58 28 84 59 26 31 84 77 53 58 36 76 59 56 28 37 75 35 49 67 47 38 70 65 83 46 48 74 39 41 47 59 33 35 48 17 28 48 35 43 66 83 64 42 34 69 38 72 22 78 50 46 71 67 58 62 37 57 29 48 35 45 76 56 39 28 58 53 54 33 55 35 45 61 72 38 45 68 67 62 60 59 45 53 48 19 52 54 48 65 75 58 90 64 50 64 43 58 41 17 41 42 56 55 45 37 34 39 45 40 65 39 42 64 54 68 43 27 64 26 71 65 81 71 48 47 62 48 58 56 56 78 45 39 44 44 41 38 71 39 50 44 69 21 42 69 40 54 78 44 43 26 34 40 68 49 14 44 81 41 24 35 58 34 76 52 32 61 16 22 44 57 74 61 65 30 41 26 72 38 70 58 65 22 52 60 47 46 57 37 28 42 33 53 64 29 52 58 54 47 63 47 51 50 44 41 63 69 67 28 48 53 27 63 45 73 62 37 48 5 44 30 58 19 54 54 43 32 55 64 58 89 79 89 12 47 54 48 37 51 54 33 13 64 35 64 53 34 22 49 37 71
36 57 64 32 41 34 57 43 15 5 35 47 51 37 41 58 56 48 55 31 24 10 46 52 59 17 22 42 44 56 41 59 54 44 54 39 51 50 59 3 29 49 66 43 45 32 38 46 45 52 46 58 9 41 61 23 37 58 50 35 51 67 41 29 67 46 65 42 27 26 36 65 29 21 31 41 32 48 71 48 37 20 42 40 36 27 15 50 33 45 26 52 56 69 18 59 28 47 59 52 69 64 53 32 47 37 32 18 50 27 37 37 32 50 38 34 17 42 43 28 29 50 55 26 44 29 64 32 51 38 54 47 47 34 63 62 55 43 43 48 49 21 59 36 40 24 39 40 73 48 50 41 76 59 39 77 41 29 27 57 28 35 34 37 34 27 60 33 45 50 31 51 44 57 36 31 51 54 27 32 17 42 32 30 74 42 25 39 11 59 48 62 37 58 53 12 58 28 74 38 35 28 46 49 70 72 53 49 76 31 41 65 41 26 46 8 30 72 64 52 24 72 34 33 21 56 36 57 60 48 27 48 19 38 42 53 27 48 29 63 25 59 39 28 70 39 26 74 39 49 43 28 41 60 67 44
49 44 37 33 36 42 68 32 38 44 49 73 48 9 40 54 36 52 59 61 42 42 47 63 49 52 54 29 64 56 68 64 21 62 61 54 49 57 65 20 46 35 31 46 26 52 38 22 78 52 45 50 34 30 19 31 26 71 19 38 53 67 51 46 45 59 55 35 24 19 55 47 67 31 28 9 45 52 41 39 41 32 35 59 37 45 48 45 46 25 38 55 46 61 42 36 23 43 64 55 54 46 70 30 39 32 48 36 42 72 39 54 58 52 35 26 42 -3 58 32 27 35 56 55 18 50 16 39 66 62 55 58 59 28 48 67 50 51 49 66 29 25 50 25 40 17 42 41 76 45 51 37 68 47 38 26 53 68 42 41 31 59 42 13 31 56 42 45 42 43 67 82 44 45 33 39 62 50 14 33 26 29 63 28 60 40 37 37 34 33 47 65 42 41 52 41 44 52 33 44 55 57 49 50 47 62 70 56 49 32 49 75 43 41 55 35 13 55 67 48 42 67 36 30 41 37 52 43 8 47 27 58 37 61 36 56 50 65 39 47 32 79 88 47 52 56 16 62 47 38 28 49 55 68 76 35
64 54 33 51 15 27 63 67 28 50 56 57 40 60 46 56 16 58 14 51 51 52 38 63 43 31 58 87 59 24 27 64 26 31 46 37 13 60 54 28 21 51 49 34 45 68 45 31 57 47 48 89 53 32 32 49 56 73 43 60 32 42 42 70 45 47 73 42 36 52 55 26 59 33 36 47 29 29 85 44 47 55 39 55 34 45 40 53 61 21 12 53 63 56 43 78 70 38 46 39 39 43 39 16 39 48 40 25 16 34 56 38 21 52 42 27 51 17 25 42 23 46 33 40 72 66 43 23 62 27 43 19 24 35 66 53 57 53 42 38 45 34 47 52 37 34 61 24 52 55 41 34 68 70 44 35 51 33 59 36 19 60 51 45 61 33 19 43 63 67 60 53 41 34 30 46 34 43 42 47 30 53 27 34 79 67 54 36 52 40 18 34 48 24 36 61 39 30 45 33 6 53 34 53 49 60 70 55 20 59 37 70 24 53 17 67 32 51 58 53 25 24 45 12 48 38 37 41 44 54 31 54 31 57 48 59 63 38 41 59 66 69 49 43 76 61 39 61 17 72 61 60 26 56 51 69
44 58 46 45 55 45 48 42 30 72 63 52 57 36 34 54 36 60 61 42 53 60 38 64 84 53 36 71 69 60 43 59 56 33 67 41 42 53 29 14 48 53 20 67 55 59 66 36 34 46 50 30 21 42 52 18 68 42 54 59 25 44 17 37 54 46 51 69 48 29 56 75 25 47 41 13 65 66 52 40 36 45 47 48 67 50 61 49 26 10 50 53 46 35 29 57 68 47 49 42 58 24 41 20 26 46 41 60 52 47 61 45 49 59 54 25 60 55 79 36 19 25 45 55 70 59 61 30 39 58 63 60 44 60 47 69 36 48 40 48 68 21 40 46 27 43 51 39 52 48 32 40 45 39 34 30 28 26 65 52 43 64 34 50 38 51 44 49 61 76 62 67 35 38 39 61 29 68 45 43 24 53 68 29 44 38 68 28 57 65 60 52 34 22 20 46 59 64 44 50 69 47 24 52 35 64 38 18 31 16 62 71 55 48 9 64 18 57 50 46 60 59 57 48 41 32 80 25 29 38 53 50 38 51 55 32 73 67 60 42 56 49 35 56 49 40 37 63 48 71 34 63 28 53 11 42
50 76 45 39 45 28 61 72 22 78 40 52 39 47 66 40 29 73 62 42 60 55 37 68 64 55 50 38 62 50 55 61 70 51 53 9 48 62 50 26 45 57 45 50 47 47 67 22 67 73 54 40 35 59 68 31 49 46 66 44 61 70 51 36 50 34 67 54 39 62 63 62 48 15 39 48 57 54 56 34 25 39 32 84 34 32 50 49 51 44 26 36 57 40 54 54 72 38 80 55 72 50 56 51 16 43 66 61 32 55 77 43 32 60 52 31 46 27 38 35 32 40 51 56 23 62 45 46 75 41 59 41 47 33 52 68 51 65 79 54 46 31 44 41 40 15 63 55 59 58 61 56 82 62 42 56 17 46 65 49 59 48 26 72 33 41 60 33 62 62 55 64 36 42 68 37 48 54 52 27 46 69 59 59 75 53 76 42 30 62 88 69 40 64 43 39 24 42 62 44 59 58 50 62 66 33 30 61 74 21 50 93 38 47 56 47 19 65 55 32 50 62 52 38 38 31 47 58 71 70 60 59 24 17 24 55 64 58 34 22 45 48 24 29 94 74 50 53 9 47 49 68 32 69 49 36
60 86 36 51 51 23 71 44 31 61 42 40 43 20 49 70 67 64 50 41 79 47 52 60 25 53 16 33 78 61 37 62 51 55 34 73 47 58 59 44 53 49 72 66 34 62 70 35 35 72 50 43 46 57 75 82 31 34 62 63 8 68 23 34 55 42 59 43 27 54 73 69 24 33 42 46 38 41 60 16 60 38 65 52 72 49 35 52 44 69 33 63 77 65 27 78 61 60 40 33 53 52 36 41 20 38 71 53 57 62 64 40 65 60 64 51 33 53 64 72 55 23 59 53 59 76 53 55 70 23 50 56 42 54 68 57 76 44 54 34 28 49 73 24 57 47 60 36 66 31 26 29 77 78 25 45 40 50 59 65 75 50 52 38 33 41 50 35 41 79 57 57 54 41 57 49 27 64 55 38 0 47 41 39 32 50 59 22 27 69 49 72 65 62 55 37 62 32 55 63 49 35 49 65 76 56 59 46 72 33 29 60 43 71 16 54 46 75 40 63 36 62 61 31 54 52 27 42 65 30 59 58 33 56 37 60 81 44 39 24 23 59 31 28 58 33 37 60 35 58 43 52 31 45 56 43
52 30 46 90 32 33 69 84 25 47 51 39 42 25 18 55 53 66 25 53 33 38 65 52 82 67 64 35 89 37 29 45 60 56 49 37 65 62 53 46 24 42 31 44 34 61 38 20 51 38 43 49 47 52 62 26 76 52 48 67 45 48 51 36 52 35 58 81 34 18 69 53 51 47 42 46 45 38 70 60 85 58 52 28 35 28 44 43 59 48 32 38 37 48 35 64 80 29 72 33 78 43 46 22 38 66 71 44 46 26 43 17 27 43 25 37 32 41 40 51 30 34 49 41 38 76 77 50 71 28 47 45 38 19 65 76 73 47 83 78 68 43 63 49 68 25 57 51 75 25 25 60 71 72 50 51 44 28 63 35 17 66 46 43 50 45 43 22 67 54 75 69 48 51 38 36 64 48 44 44 25 42 20 40 43 57 34 7 18 54 59 65 42 56 64 37 64 14 49 41 57 81 25 30 64 46 47 62 43 58 66 77 59 43 47 68 24 64 74 37 37 60 54 37 61 39 22 29 53 35 46 42 40 48 52 72 58 48 38 43 49 68 40 59 77 37 23 42 38 78 34 40 49 71 35 50
63 70 65 46 47 0 75 45 22 52 60 30 42 51 38 33 28 39 35 50 59 50 44 51 45 24 36 67 60 48 38 64 55 68 67 12 16 48 63 42 23 58 21 33 47 62 60 42 37 23 43 61 31 36 45 45 53 76 67 66 26 28 58 29 36 60 67 43 56 60 47 54 60 56 49 48 66 41 61 51 41 45 60 94 41 61 46 53 49 42 31 90 61 53 53 51 79 70 53 64 58 44 50 37 40 23 28 63 65 66 60 60 67 23 59 38 59 50 49 44 22 46 39 68 45 79 49 36 50 39 59 33 13 61 54 55 83 47 50 61 45 35 40 54 26 35 52 26 36 31 20 73 46 71 42 30 44 27 88 78 39 57 33 64 78 71 53 25 72 45 72 72 58 33 54 43 36 71 20 43 33 75 49 49 53 75 71 40 29 61 54 64 46 47 34 18 53 43 33 26 74 50 36 36 43 44 55 57 44 24 39 64 38 61 42 52 3 32 78 76 56 51 57 30 60 41 51 43 39 45 24 49 50 29 50 80 39 51 29 53 48 47 56 6 58 46 21 41 42 70 42 52 31 74 37 41
41 40 60 39 47 55 49 45 40 61 45 44 31 48 44 74 9 71 49 49 36 59 42 51 66 32 59 55 59 50 59 59 48 60 73 31 32 56 48 31 49 57 31 44 38 31 63 26 73 63 61 64 51 23 47 29 48 77 44 42 40 52 35 60 54 66 63 44 51 54 38 61 62 34 31 42 53 34 59 58 57 63 40 50 56 40 48 60 38 27 27 84 70 62 41 51 49 52 61 53 41 17 39 34 53 37 36 46 49 39 73 26 21 34 26 51 53 36 42 44 25 14 31 35 52 62 56 33 95 17 45 57 53 15 53 72 69 49 31 39 54 41 64 37 42 26 63 28 66 34 43 47 65 74 31 52 55 39 53 41 30 61 41 28 38 25 24 27 58 49 37 52 31 61 64 53 39 48 28 35 51 11 46 37 68 36 57 26 18 33 50 42 21 38 35 46 58 46 69 40 45 44 28 60 55 62 51 61 60 40 40 40 37 39 42 38 59 76 56 39 42 45 59 27 28 29 37 51 33 59 55 37 37 64 45 34 54 61 35 55 53 59 28 14 70 58 12 18 21 59 28 38 31 85 37 65
40 72 41 29 53 15 53 65 25 55 54 67 31 73 49 84 29 38 13 45 66 30 58 67 41 63 13 91 55 55 18 82 59 40 55 8 44 59 49 42 29 49 47 56 66 80 50 62 45 68 75 48 51 64 61 37 42 64 62 59 40 54 27 27 58 34 47 44 47 33 52 68 66 71 44 2 33 68 61 9 45 29 53 65 71 45 40 53 58 37 43 74 48 53 37 55 62 50 54 63 62 35 53 17 27 31 46 51 52 30 64 42 45 62 78 23 25 45 37 42 30 49 45 40 71 44 45 58 35 32 86 80 41 67 69 73 60 53 40 69 51 27 49 23 40 35 81 65 81 51 53 49 54 36 33 45 34 36 64 67 41 44 61 48 40 56 47 37 41 57 64 34 66 41 62 50 55 64 24 51 38 57 64 40 55 50 86 39 42 61 51 67 40 53 23 9 54 78 52 58 60 19 30 70 66 69 47 31 39 33 17 37 46 36 39 -12 34 41 69 94 48 69 23 21 34 68 51 34 40 32 39 43 36 54 42 40 47 73 12 53 49 67 70 42 32 36 18 97 45 42 73 57 20 41 72 62
54 77 68 59 35 25 67 61 34 62 64 47 36 29 33 50 46 34 62 74 58 60 39 74 26 28 61 28 82 58 38 63 43 68 82 33 37 60 54 31 30 52 49 37 35 57 49 47 46 51 50 62 36 35 69 31 45 58 26 59 13 55 53 50 41 70 58 52 57 64 68 27 25 75 16 54 63 62 78 54 52 60 32 60 36 65 49 46 61 44 29 59 61 54 39 61 77 34 70 60 59 37 41 42 55 52 25 40 54 60 48 55 56 74 59 49 50 33 48 40 57 22 67 69 53 59 39 48 97 40 49 10 35 52 29 52 62 67 70 40 23 23 58 44 45 51 20 18 63 43 52 33 35 91 65 45 41 37 40 52 31 61 49 46 59 34 57 47 64 44 58 65 45 24 35 52 24 58 44 31 41 62 42 38 61 58 35 37 25 47 51 66 54 34 64 46 68 34 72 31 54 65 32 71 38 57 72 68 56 56 50 52 60 26 44 38 50 62 78 59 44 78 67 48 52 26 51 41 75 41 49 43 8 65 42 36 61 55 42 60 39 30 48 22 52 74 12 27 15 68 18 60 21 60 56 37
41 50 50 81 99 49 43 54 30 45 39 62 38 66 36 72 31 63 31 48 54 60 63 52 81 26 41 58 77 38 54 71 43 35 82 45 42 57 42 39 60 55 52 56 43 57 63 38 57 44 58 40 69 37 87 42 55 60 39 36 34 68 34 42 54 54 55 50 37 62 60 70 63 52 58 34 38 49 64 64 37 39 49 43 39 67 20 75 84 58 52 45 77 55 34 65 69 43 39 52 104 27 43 27 62 68 67 37 53 35 71 33 17 58 68 38 36 56 56 75 69 33 67 54 50 57 74 51 68 33 62 69 34 37 82 58 57 42 36 73 44 44 44 66 70 29 84 46 68 73 56 45 52 32 54 83 47 49 75 49 46 52 48 50 39 25 58 52 49 71 69 57 65 64 73 40 49 42 49 52 53 31 55 57 43 54 68 22 36 53 61 39 48 39 75 32 42 54 23 26 35 46 18 66 46 62 43 61 57 45 66 66 59 56 37 46 34 70 59 65 50 63 76 44 87 36 23 58 43 40 65 44 64 65 29 58 49 54 70 38 48 59 35 36 71 49 31 68 54 36 27 82 50 42 63 71
59 58 40 56 40 44 36 39 63 78 48 59 63 51 33 80 28 65 47 66 57 31 75 59 64 51 41 45 48 68 52 65 43 22 56 49 61 48 34 33 16 36 20 45 43 51 40 77 49 58 52 70 21 40 61 38 54 71 31 37 45 65 59 58 69 56 65 68 38 47 73 68 44 68 26 10 60 40 72 43 52 25 56 46 42 56 68 55 49 40 63 36 27 48 59 46 51 48 38 59 67 48 77 60 37 12 56 61 24 60 64 53 56 63 60 33 44 45 43 50 49 36 45 60 66 58 36 62 60 53 32 61 63 61 49 52 60 38 35 47 59 0 61 20 40 37 43 43 66 56 33 72 82 30 46 52 60 19 56 47 51 20 45 58 34 38 59 69 51 55 72 76 61 26 32 39 52 74 92 55 50 50 69 64 37 52 75 31 31 30 51 71 29 35 62 43 67 47 40 55 51 43 63 58 36 80 55 49 38 27 52 85 64 37 48 39 18 60 60 38 53 71 55 22 51 42 46 22 53 48 66 45 40 54 46 72 60 56 41 61 29 47 72 37 61 45 40 37 39 22 43 52 9 40 19 43
50 59 53 36 45 48 53 51 60 41 55 43 68 81 65 60 34 51 36 46 39 37 48 62 42 27 31 61 72 67 45 66 47 5 54 29 26 42 28 30 16 76 28 34 44 77 48 51 49 60 52 59 40 43 60 42 57 63 71 36 45 53 18 39 47 39 48 22 40 36 62 63 60 44 39 19 37 44 70 41 47 56 54 51 37 54 60 63 60 33 60 72 33 55 53 61 74 49 36 55 45 27 43 16 64 9 71 47 54 58 55 51 30 29 66 52 34 51 41 58 35 32 39 36 48 54 34 68 38 38 63 85 47 48 45 63 48 10 22 45 30 45 54 23 50 24 63 46 38 50 51 49 58 14 48 51 43 39 62 20 26 64 61 43 47 22 39 66 73 53 41 41 38 44 50 70 63 72 30 39 18 42 54 34 52 24 82 35 17 61 44 29 49 38 43 37 45 57 47 47 39 35 65 30 48 57 31 36 43 32 57 50 52 38 36 32 35 64 54 35 47 48 34 10 41 47 60 32 38 36 47 35 50 44 54 43 60 65 37 68 37 64 35 38 49 63 20 39 32 33 66 55 17 45 42 70
57 78 27 40 50 30 52 45 41 72 51 32 67 25 59 63 53 64 51 69 30 52 39 66 44 41 65 15 52 40 72 68 34 38 42 42 39 43 55 21 53 31 35 38 33 45 54 35 25 54 46 79 39 29 51 57 42 29 61 55 43 54 73 41 59 24 30 64 50 39 42 67 27 42 35 34 55 44 89 44 49 48 57 43 53 34 50 41 53 65 19 63 37 54 21 59 53 67 71 65 47 48 42 28 41 26 49 55 53 54 64 64 30 64 53 35 45 40 55 34 32 34 61 57 22 48 68 29 61 47 62 45 44 28 53 51 58 41 49 37 55 45 57 30 63 42 46 37 57 52 29 63 69 58 42 34 36 35 68 64 34 48 35 49 46 32 36 23 31 46 56 43 31 49 55 54 67 39 31 59 13 55 41 38 71 52 77 40 -5 74 58 69 23 38 33 43 51 38 56 69 26 72 40 77 58 47 87 67 37 26 21 68 36 42 29 28 33 66 60 42 48 47 36 31 58 42 37 55 12 52 18 50 11 58 64 70 59 50 33 32 53 53 52 48 68 61 16 41 35 80 27 30 42 62 52 49
55 52 39 83 59 30 48 41 34 49 41 51 59 32 44 64 32 87 53 72 54 57 61 83 48 25 57 60 79 41 47 71 43 38 36 45 28 66 46 29 38 47 42 22 41 73 45 50 17 70 39 60 72 38 46 49 93 74 39 48 22 58 50 7 26 30 57 64 34 52 80 50 67 33 46 25 45 36 69 30 42 50 57 38 64 43 35 53 60 38 42 49 69 58 43 71 77 54 34 85 76 29 56 41 38 55 44 54 7 63 66 31 37 60 23 29 75 19 58 45 28 46 48 59 35 63 43 28 48 70 27 47 61 50 56 45 74 46 45 41 36 40 63 38 64 42 57 46 58 51 62 35 83 43 50 58 66 20 68 39 59 45 41 63 59 59 34 59 47 63 69 99 43 34 30 60 40 43 47 43 40 42 76 38 62 57 49 56 57 59 42 42 70 10 48 47 46 52 41 33 40 44 52 35 38 66 40 68 32 48 58 64 41 51 43 47 51 58 67 50 56 33 50 22 63 18 56 38 35 35 60 49 35 56 56 100 79 30 56 33 71 63 43 53 49 44 45 65 36 39 53 65 53 32 31 54
30 40 63 43 51 22 59 23 -1 28 64 46 55 54 35 53 31 48 31 64 54 59 50 68 57 29 44 61 64 44 39 67 53 50 29 51 56 59 64 30 44 48 56 59 57 48 38 34 22 31 35 57 33 23 51 11 46 29 46 42 7 39 55 59 54 61 55 43 38 46 55 54 39 51 27 54 58 49 39 40 45 30 30 47 65 59 34 33 41 26 44 52 53 40 35 64 54 41 40 46 77 34 26 27 50 25 33 56 49 41 37 50 32 76 52 51 64 57 54 43 32 41 48 66 59 45 68 40 58 28 67 48 23 57 60 73 36 58 53 60 45 45 27 53 62 47 68 11 44 55 64 55 54 78 34 30 17 59 58 19 37 52 52 45 46 28 53 45 52 35 43 74 33 31 23 41 34 57 20 17 34 47 60 36 56 34 28 14 27 41 49 41 31 13 57 48 53 57 42 46 32 56 29 60 51 41 52 37 48 39 55 74 49 33 47 65 10 53 58 30 55 50 43 51 50 31 43 45 40 47 48 35 50 69 44 42 50 58 20 44 33 42 49 15 66 51 14 52 43 70 20 82 34 42 58 46
55 57 65 53 32 37 43 39 30 38 57 50 52 79 40 67 51 54 57 46 45 46 54 54 62 67 43 68 65 57 35 55 44 32 80 29 50 77 20 34 28 78 27 9 25 69 47 43 38 90 44 32 13 60 51 27 64 57 61 73 37 36 43 29 35 60 69 75 66 64 75 28 41 59 47 34 48 96 65 42 63 34 61 48 47 63 46 63 70 35 23 39 63 37 45 41 89 59 53 38 84 56 59 53 5 25 34 23 44 38 50 23 50 75 37 23 51 23 36 52 18 57 47 35 25 53 38 34 40 43 70 56 50 45 56 67 51 33 45 41 56 20 62 37 58 25 34 69 47 43 55 57 61 43 52 77 32 35 56 48 40 66 31 60 46 55 69 42 66 40 54 94 47 64 32 59 33 80 61 21 36 87 77 20 46 13 50 50 37 75 58 55 55 56 55 18 31 36 59 61 74 33 25 50 63 42 35 40 58 33 75 61 28 67 55 45 23 34 80 73 60 58 83 24 36 53 74 27 45 46 44 63 42 61 50 46 62 52 45 46 48 22 23 66 64 57 31 57 27 58 48 61 15 71 46 35
52 41 66 61 55 13 49 48 27 52 61 75 50 57 32 38 18 61 26 46 66 58 58 38 42 30 37 73 77 54 57 42 43 62 54 15 27 53 55 28 45 48 49 45 26 52 59 45 64 59 51 31 49 43 51 51 54 79 55 58 21 50 52 39 44 58 80 54 39 41 46 49 69 28 26 26 59 58 51 31 69 59 53 35 39 64 62 19 55 38 39 52 40 45 49 67 63 35 42 52 39 23 28 47 55 65 60 38 54 48 24 47 42 44 43 33 36 47 26 56 53 19 40 42 61 70 26 48 47 60 37 41 49 55 49 71 74 38 49 50 24 38 49 50 25 49 67 57 63 16 48 46 43 46 33 39 27 53 59 22 57 47 51 51 34 24 33 36 54 47 38 64 23 34 41 30 30 38 27 36 56 55 47 33 54 29 62 28 32 43 26 59 43 -5 26 34 61 49 58 39 29 38 56 43 51 56 28 29 50 27 50 43 43 46 39 32 35 45 47 26 33 70 50 33 33 15 35 61 47 50 45 48 36 37 57 48 54 51 65 34 53 53 38 26 43 37 32 42 44 22 40 33 22 41 36 27
36 54 44 30 65 38 40 29 16 50 45 33 42 54 51 69 42 71 52 24 33 62 60 58 78 38 15 82 54 62 69 50 55 28 76 54 47 47 35 36 50 72 48 13 29 39 44 32 36 73 42 68 20 35 68 11 82 45 41 26 19 67 42 38 50 34 44 35 47 30 31 58 62 43 43 53 59 60 50 27 48 41 43 21 37 38 54 45 58 22 49 44 53 52 27 50 51 38 68 41 52 17 38 44 31 41 47 72 27 44 75 22 46 75 33 14 60 34 51 34 50 27 23 46 36 61 31 30 73 32 31 68 42 30 31 57 73 34 50 58 47 20 69 38 44 42 76 54 61 52 37 37 38 36 11 67 56 45 41 36 43 48 41 29 46 32 29 56 54 68 65 60 46 63 33 49 30 39 37 37 29 45 58 44 45 33 49 33 46 48 35 43 47 14 55 29 50 46 50 61 17 59 36 43 35 68 43 61 50 31 36 61 44 43 28 41 28 56 67 32 41 49 52 21 58 41 44 67 39 42 50 53 35 69 52 33 60 61 50 37 59 37 43 45 51 68 53 48 38 62 36 42 40 58 30 83
55 39 42 42 50 15 52 55 48 47 18 65 64 20 39 63 33 36 26 47 39 50 51 56 39 38 42 38 51 59 51 70 25 30 66 65 45 46 42 25 32 29 25 40 52 63 61 71 43 69 34 31 46 60 53 57 51 58 56 23 28 44 56 72 15 43 62 33 45 44 70 44 40 38 22 5 57 67 73 58 57 32 48 26 59 26 29 50 50 29 43 14 60 68 34 50 49 56 40 61 74 35 54 34 29 46 51 28 47 60 31 42 62 34 45 47 29 52 24 56 38 2 58 58 60 42 44 39 63 54 33 69 60 41 55 57 49 56 19 11 46 15 57 34 19 44 8 35 58 34 27 59 59 33 21 46 37 31 27 52 51 36 61 34 52 47 53 59 44 55 63 58 46 39 28 13 52 72 51 55 18 49 39 25 53 66 60 33 29 45 58 63 50 58 84 42 52 44 38 66 56 31 45 59 42 43 49 59 27 46 62 47 62 28 33 53 43 67 33 55 21 52 31 30 41 42 64 36 56 21 48 50 23 24 45 52 36 50 19 46 50 86 42 39 38 38 31 50 57 21 51 34 59 52 32 29
74 56 72 36 52 29 42 48 49 89 42 83 72 69 52 70 23 39 28 41 68 70 37 49 61 40 35 85 35 50 42 29 76 61 42 50 39 61 42 41 49 61 33 47 32 60 76 38 45 44 64 71 66 57 33 35 58 45 45 45 33 33 58 52 49 50 57 49 58 27 61 75 35 48 45 48 56 35 37 26 46 51 42 59 67 58 53 74 47 29 36 53 73 49 64 59 63 48 39 59 44 51 44 37 46 67 51 37 53 68 44 27 48 37 60 44 55 73 74 51 26 41 49 70 76 54 43 42 83 33 45 54 31 47 42 82 72 46 46 44 50 28 50 29 46 46 69 44 73 43 56 33 48 54 21 50 24 36 71 50 49 61 73 48 43 42 29 52 64 50 68 78 36 20 76 32 42 59 33 47 56 49 64 32 66 76 37 58 30 62 45 36 60 25 40 21 58 63 50 56 63 39 22 58 61 47 78 59 22 63 29 43 35 16 64 50 69 54 33 65 39 40 42 53 51 25 57 32 47 43 37 55 39 64 29 59 87 68 28 27 47 50 64 45 42 62 12 43 45 58 30 37 12 63 80 54
43 58 61 67 39 47 61 39 41 61 63 90 43 59 37 76 31 42 42 48 73 65 27 54 45 39 42 70 77 85 78 72 47 56 62 60 57 76 42 41 61 76 61 22 43 77 59 33 38 64 37 59 37 77 57 23 62 54 57 56 42 56 57 81 56 54 74 58 58 33 77 70 67 48 65 33 56 39 53 69 46 49 42 43 58 44 57 56 46 40 60 37 87 68 7 46 81 73 59 74 82 36 27 32 57 58 41 54 73 81 51 32 33 74 32 46 58 72 54 36 27 24 57 69 61 32 67 32 65 38 81 99 40 46 59 62 66 68 50 56 27 42 58 45 92 17 51 54 65 44 27 57 52 51 44 69 46 53 48 40 40 49 65 62 49 58 62 75 66 78 36 86 62 62 43 45 48 43 50 28 48 42 71 36 83 67 73 42 23 97 41 72 55 56 54 68 42 39 60 77 29 48 48 62 40 26 30 50 28 64 40 61 93 50 37 64 31 70 52 68 53 91 71 36 92 50 63 38 45 39 62 49 44 76 36 55 73 83 37 41 65 64 62 43 57 65 24 52 52 45 31 57 60 73 59 73
63 49 53 54 59 39 67 55 49 55 64 76 56 65 64 71 23 65 49 50 51 29 69 76 76 53 37 71 79 31 47 52 57 34 41 67 50 70 61 22 47 62 39 77 45 101 58 53 65 83 47 41 61 53 30 52 79 61 78 47 52 54 68 61 58 30 67 49 53 39 81 62 89 35 31 53 46 61 73 38 36 45 79 38 55 34 69 73 64 29 49 50 41 62 62 71 63 51 32 46 55 61 60 30 57 19 46 54 25 40 43 21 45 52 55 40 63 66 59 64 31 35 42 38 64 75 55 62 56 42 51 50 40 51 78 71 56 61 43 65 22 35 65 34 52 57 52 81 51 50 24 45 80 57 35 56 16 39 60 33 42 55 77 34 62 45 54 46 43 79 69 78 55 32 49 55 47 61 43 54 59 40 63 22 63 71 62 29 32 44 43 38 50 35 57 33 60 44 39 38 42 59 71 52 42 51 71 58 38 36 58 67 92 12 39 54 31 36 76 70 16 55 45 25 56 13 63 33 87 48 65 52 56 42 49 96 75 48 38 47 34 62 69 53 72 76 51 37 57 49 70 46 42 43 62 63
38 63 34 57 74 28 56 23 48 33 52 51 57 10 50 58 43 65 30 33 51 60 67 62 53 36 48 47 76 45 61 59 51 41 63 59 37 82 53 27 36 64 19 39 33 60 35 43 29 68 33 58 56 37 75 36 83 57 58 46 20 57 32 43 34 48 43 44 55 66 50 69 74 29 34 50 42 32 53 50 59 56 35 43 59 55 48 42 62 55 46 74 67 48 13 47 74 55 74 66 77 36 42 40 21 39 57 68 26 49 93 44 66 53 41 49 62 29 50 59 37 35 63 57 37 71 38 32 77 71 37 79 47 31 30 49 75 61 44 69 74 56 73 40 56 39 59 37 36 60 55 39 71 53 39 44 57 41 68 62 55 64 55 48 38 46 67 48 68 64 82 66 85 23 35 66 28 37 44 65 40 61 39 38 50 63 76 38 39 52 68 46 60 59 81 57 47 52 48 56 54 84 61 26 35 63 41 90 41 45 76 69 55 71 40 71 30 72 74 40 23 37 53 39 49 42 51 22 70 23 33 42 62 41 62 56 51 63 34 52 66 46 35 40 80 51 55 38 52 53 34 46 53 64 54 73
66 60 38 48 65 34 36 50 29 43 62 49 55 54 38 55 22 49 23 49 39 68 62 40 72 45 28 77 67 30 71 50 22 28 52 48 42 41 59 30 58 52 10 54 33 49 22 33 32 47 24 51 47 17 38 41 82 70 51 59 32 47 42 57 50 57 33 46 59 33 62 56 60 59 51 41 45 47 37 45 63 38 61 37 37 68 46 27 44 33 23 73 48 52 29 51 83 76 77 55 56 82 38 20 11 29 38 42 44 48 64 47 50 47 47 26 47 15 59 72 29 51 54 48 36 59 59 26 32 37 80 51 39 16 68 55 63 38 29 76 49 39 38 42 49 38 62 45 33 37 36 37 55 26 34 40 29 37 94 46 16 66 63 49 31 58 24 25 36 57 65 58 37 27 46 42 73 48 31 33 25 42 72 34 52 46 57 47 45 48 57 42 31 51 50 32 59 31 29 45 58 51 25 53 21 35 56 59 32 36 53 41 54 66 48 60 3 29 42 74 73 49 38 26 46 47 57 27 26 37 42 58 29 42 35 58 35 69 49 50 45 57 45 52 57 44 32 44 22 63 62 52 31 68 65 63
67 39 41 75 65 61 47 44 31 84 73 59 57 51 53 43 33 87 52 102 52 81 64 65 71 72 29 77 58 38 55 58 61 62 61 45 63 44 50 31 46 67 41 15 32 67 41 11 64 55 23 50 51 58 37 35 55 46 75 56 31 50 96 42 54 37 80 91 38 34 68 63 69 44 58 68 36 63 48 61 52 66 60 50 39 41 31 35 50 48 38 30 56 23 37 43 62 68 78 34 70 62 22 33 45 57 51 39 24 41 83 33 30 62 37 41 60 26 46 54 36 38 48 67 39 54 58 18 80 45 44 63 32 38 45 79 65 54 45 31 83 52 57 26 60 46 52 68 38 49 20 57 76 59 41 69 42 55 81 64 57 66 56 76 58 46 77 41 63 64 49 69 28 53 48 53 37 46 79 43 42 69 45 38 61 54 79 37 47 65 37 48 30 26 48 34 72 36 65 66 50 63 27 35 42 41 33 83 38 35 58 86 40 80 45 55 28 65 68 22 25 50 49 25 58 44 39 28 45 30 46 47 29 50 28 53 68 38 61 24 55 57 23 61 76 70 40 47 33 78 72 56 60 61 46 44
41 47 39 55 63 52 38 44 34 64 39 48 49 39 63 60 36 62 46 56 51 57 33 40 72 52 25 48 63 69 65 55 47 39 55 71 46 56 32 27 29 69 46 38 33 35 56 48 49 77 44 29 63 50 48 33 55 37 43 41 58 61 57 57 54 50 53 55 49 70 45 87 42 41 56 40 62 71 60 50 37 37 54 41 64 62 70 49 30 22 47 48 56 65 44 61 50 42 68 55 73 56 26 36 34 52 70 57 58 46 62 51 50 50 47 43 29 50 50 44 39 29 54 55 52 37 65 18 52 38 57 59 51 36 42 55 72 61 44 69 64 46 51 39 57 43 83 33 67 68 40 41 73 40 25 57 48 51 62 41 56 68 43 34 60 28 62 73 36 40 68 50 57 48 41 52 65 56 49 39 23 61 42 65 48 56 52 32 23 66 59 61 29 52 52 17 81 34 39 61 49 59 44 34 52 55 52 64 36 49 45 81 43 64 44 60 24 60 50 60 50 21 59 44 59 49 53 46 51 58 32 49 48 50 52 60 43 61 35 45 21 43 61 48 66 55 22 51 64 60 46 54 36 64 53 41
38 26 45 64 50 35 54 11 33 39 33 51 81 38 50 60 33 42 47 0 57 43 56 57 52 46 32 43 76 39 51 37 30 52 71 27 45 43 67 42 64 72 58 52 40 32 44 59 58 37 27 78 18 30 66 22 36 69 67 50 38 45 26 66 75 30 51 46 45 23 64 52 37 48 44 37 47 38 53 33 41 38 61 28 20 22 53 40 30 47 54 23 24 50 29 40 49 61 40 26 73 44 11 52 50 33 69 43 43 50 43 52 51 54 41 32 48 32 58 45 44 21 13 67 41 36 54 62 50 35 38 77 55 49 58 37 55 78 55 74 37 25 58 47 50 32 52 53 71 62 24 51 72 68 40 65 19 34 59 59 28 44 57 51 45 38 40 35 57 73 44 71 23 26 49 34 20 53 37 40 38 46 47 56 45 61 69 16 18 48 41 71 11 37 37 41 63 36 49 79 37 52 43 40 58 43 40 43 48 43 60 78 71 46 60 47 25 64 40 59 29 71 73 46 64 16 49 42 56 26 68 39 33 37 21 38 67 35 47 17 36 53 46 21 61 27 29 26 23 24 37 65 37 35 42 42
38 60 42 47 32 27 37 50 28 58 42 41 50 42 32 51 46 31 17 43 26 34 51 66 50 21 17 24 31 64 42 32 40 46 50 42 28 31 49 42 24 42 27 41 56 44 36 42 11 52 39 55 10 36 60 2 47 29 52 42 17 50 54 27 47 19 53 54 31 8 60 63 14 62 31 38 58 38 58 20 42 36 66 46 45 45 34 34 46 41 53 37 51 52 48 39 45 62 61 21 59 19 44 42 36 35 37 27 38 60 10 37 29 51 57 19 49 48 70 34 47 20 56 45 38 33 56 48 53 12 47 6 17 36 46 57 55 36 49 49 29 0 62 38 37 29 62 42 60 48 8 31 48 63 9 55 21 32 48 61 30 53 52 43 35 65 52 42 25 66 83 53 42 25 44 23 46 37 31 41 41 55 58 52 61 62 33 27 15 53 27 71 50 33 49 44 64 15 58 68 48 49 19 50 40 58 64 30 29 27 19 62 21 -1 65 26 47 49 42 16 60 76 43 61 54 30 43 47 54 28 53 51 14 36 46 46 49 35 13 50 53 10 28 26 26 67 20 40 48 70 20 27 19 40 31 50
34 45 61 57 59 26 45 44 22 35 36 42 39 62 39 41 26 44 29 36 40 47 42 31 67 36 20 52 85 72 46 76 54 18 41 61 44 56 43 7 35 37 29 37 36 64 23 33 43 59 51 52 61 47 81 47 64 51 46 45 18 59 6 48 60 47 68 55 53 61 55 57 41 46 45 16 60 57 39 28 44 49 9 8 70 39 56 56 61 33 37 58 55 18 32 69 77 27 41 88 78 50 55 50 21 68 35 43 42 32 69 42 52 45 67 46 23 68 57 48 52 8 54 46 32 45 55 12 49 27 34 48 22 44 48 55 84 47 45 59 43 11 52 39 59 37 48 49 34 37 44 37 33 15 54 48 36 43 37 25 30 56 73 26 35 37 60 60 34 58 66 34 29 55 39 42 52 64 43 32 47 68 40 36 46 59 61 6 21 50 82 66 67 32 50 35 55 20 49 41 48 21 53 54 47 38 39 55 39 52 50 42 57 59 55 40 30 65 22 40 41 64 55 54 40 50 34 22 62 35 51 24 42 24 46 57 61 60 57 44 40 27 38 28 56 36 39 19 24 41 47 44 23 50 35 49
43 72 44 36 33 42 69 40 36 46 34 72 31 32 50 71 36 52 45 18 32 31 40 66 50 36 27 44 42 45 49 35 59 55 56 44 31 52 47 31 5 25 17 14 43 60 59 12 11 36 53 57 22 40 56 33 55 46 58 60 31 41 33 31 3 10 54 44 47 20 71 64 48 32 34 22 59 26 69 43 39 37 33 33 61 43 31 76 39 61 33 74 75 59 28 45 59 53 16 52 80 25 31 35 42 28 30 43 47 46 49 24 39 39 34 23 62 45 62 42 8 19 17 28 43 62 51 1 30 18 62 47 37 39 34 42 47 53 52 39 56 38 65 25 45 19 25 29 53 40 16 40 76 71 43 31 18 -1 43 45 33 33 42 63 60 64 40 47 50 67 39 59 54 37 48 41 36 28 35 44 28 57 70 25 49 57 29 32 10 56 55 60 46 31 38 32 44 17 64 42 47 51 45 31 59 51 47 48 25 41 31 52 45 35 25 55 36 37 41 24 43 34 28 15 52 32 44 40 19 27 26 41 36 41 29 56 63 66 22 49 54 32 18 25 58 63 24 27 30 56 20 42 25 43 49 47
29 63 38 55 33 51 35 53 51 31 46 40 58 59 47 50 15 61 37 30 46 55 76 52 67 59 18 64 74 61 61 59 48 38 56 23 54 69 40 25 49 66 46 32 16 58 47 51 40 80 49 57 22 39 58 31 63 45 59 72 24 33 57 34 69 15 59 49 62 15 60 49 41 38 53 62 62 71 84 39 66 67 43 22 49 37 60 47 49 44 45 46 38 67 23 51 95 64 55 23 78 23 35 43 24 30 35 72 47 55 68 31 25 82 35 38 43 59 58 55 22 42 41 78 45 62 73 10 76 46 42 66 49 54 79 73 65 52 36 43 38 29 67 7 59 23 38 63 60 47 39 61 76 65 42 43 39 13 59 34 45 50 55 66 53 48 49 64 52 52 57 70 19 57 20 51 25 52 57 35 27 57 43 37 60 50 72 34 9 70 29 74 36 28 39 53 62 16 61 71 55 36 69 55 46 28 41 42 45 27 35 65 67 52 61 34 21 72 69 36 41 67 69 13 40 49 69 36 47 43 43 63 23 45 59 62 60 51 59 40 45 47 10 28 48 40 64 41 21 51 64 59 34 67 31 45
36 71 61 54 68 39 62 34 25 55 38 46 59 56 52 58 63 80 61 41 54 60 41 64 42 31 48 49 83 48 53 72 42 57 60 52 55 45 57 28 28 56 30 47 50 44 62 48 51 58 52 69 38 49 29 16 46 50 49 49 49 56 37 56 59 29 64 42 46 51 77 43 68 52 47 53 63 45 70 51 56 63 43 41 41 43 45 62 56 51 57 54 44 47 40 57 82 53 76 61 47 29 36 41 42 34 48 55 43 46 44 41 41 50 17 45 68 30 27 44 36 29 27 60 53 62 56 42 70 40 62 46 62 35 29 59 55 35 46 53 48 37 59 46 45 40 59 33 49 50 51 46 52 57 45 37 58 64 81 36 21 46 26 32 56 31 50 31 67 50 44 58 26 56 47 53 37 52 37 33 21 52 50 45 44 46 59 4 15 41 57 73 54 34 63 41 27 54 46 60 41 87 34 45 53 47 50 67 72 50 55 53 50 62 13 61 34 59 79 50 56 62 22 -3 56 37 45 38 35 41 34 51 40 51 30 62 64 73 38 48 51 51 36 18 60 55 31 40 2 51 34 62 49 63 49 41
40 65 20 47 29 28 52 49 35 42 55 57 54 39 44 37 31 51 33 55 75 61 57 60 53 55 21 44 47 39 44 45 37 -4 34 37 36 47 65 34 34 33 34 81 41 58 39 58 32 38 33 48 26 39 30 41 49 46 52 36 17 55 60 42 75 28 52 33 29 19 55 56 35 34 36 52 34 64 58 21 39 33 55 23 56 58 19 30 35 35 15 68 29 55 33 45 57 61 53 59 56 46 11 20 19 26 23 41 43 50 28 53 25 47 48 29 48 48 32 44 25 53 63 63 51 63 66 31 65 66 42 36 31 44 57 62 49 41 51 69 50 28 68 55 21 53 59 49 50 30 38 33 54 50 19 28 5 46 92 52 46 81 69 66 48 55 39 31 53 62 37 53 48 41 38 44 70 25 31 31 11 63 66 48 70 56 62 53 33 50 48 29 27 28 26 56 36 31 30 46 34 72 27 56 39 27 43 37 32 15 63 35 49 49 43 53 16 36 57 50 24 38 36 27 54 15 39 39 23 58 51 54 17 55 40 82 24 43 48 59 42 62 17 38 34 38 29 59 66 63 71 30 27 54 42 64
37 61 78 67 85 32 38 39 1 66 51 63 46 63 25 69 56 45 41 40 61 61 35 45 45 43 29 80 43 34 45 60 57 53 33 23 62 48 65 49 36 52 54 62 48 40 61 63 40 49 57 33 58 57 45 38 76 45 77 53 60 47 27 35 52 26 32 70 47 39 82 50 60 64 34 44 32 53 52 34 59 30 48 56 38 51 43 40 39 41 58 38 55 57 54 70 70 55 33 55 66 43 46 42 50 56 44 60 37 46 53 38 41 46 58 38 62 75 43 52 63 51 52 63 48 35 66 56 30 53 73 69 39 54 52 79 56 54 34 67 28 18 66 48 51 59 79 47 24 48 64 40 56 45 30 60 20 44 76 51 50 44 79 60 31 29 58 48 35 56 56 49 39 31 37 8 64 65 66 26 39 34 78 38 30 38 37 29 47 58 60 41 28 40 48 28 55 72 60 65 41 48 28 60 33 38 77 34 26 34 30 44 44 15 10 46 42 45 36 81 61 64 71 53 82 20 47 41 65 30 64 17 42 44 2 59 44 74 33 32 42 38 58 44 56 68 54 52 44 23 55 57 19 51 82 83
27 64 50 42 47 45 50 53 27 59 62 44 69 72 57 72 52 56 31 57 56 45 68 55 46 46 43 56 55 76 35 68 70 45 75 40 60 40 15 28 40 62 20 28 64 42 56 22 50 80 43 36 57 53 52 33 43 63 54 64 24 59 51 27 63 70 70 76 54 68 57 59 48 47 61 36 38 81 86 56 39 47 52 38 46 34 61 44 57 50 44 58 61 67 51 44 80 54 32 50 58 36 50 34 46 36 36 31 47 40 47 33 46 67 46 66 29 59 27 54 39 34 77 46 42 48 64 42 56 20 64 67 47 55 66 70 64 23 21 33 53 44 73 36 83 29 47 37 50 25 28 83 88 41 50 61 57 42 52 52 22 40 53 41 44 37 62 46 53 42 50 61 26 59 31 54 43 40 40 21 30 56 52 54 26 45 62 15 47 67 53 56 20 26 20 24 72 44 57 45 58 45 31 74 44 57 30 40 67 26 28 63 39 47 50 32 28 39 85 42 66 74 55 23 29 29 42 17 50 39 68 35 58 55 69 49 55 72 38 57 43 60 48 8 60 55 11 38 20 43 54 48 24 54 60 36
33 80 50 43 42 20 68 61 16 35 36 51 53 25 29 69 35 34 35 29 43 32 58 64 53 40 36 40 51 52 37 60 54 56 52 32 46 84 77 27 28 47 62 58 55 46 31 43 50 58 43 55 22 28 71 38 72 47 63 47 23 52 48 16 41 39 46 64 40 44 61 52 43 51 27 41 66 63 84 17 46 43 55 38 65 47 51 41 53 28 30 65 40 75 34 79 50 10 49 54 69 21 55 51 34 49 41 45 48 43 40 51 59 55 80 15 28 34 60 15 27 59 48 36 52 39 56 40 83 63 35 32 14 54 54 66 48 63 65 56 18 52 45 28 28 45 44 42 68 32 41 51 60 64 55 45 17 10 50 57 39 75 45 46 64 17 45 45 62 52 67 64 39 44 37 29 43 51 36 24 17 64 34 41 78 44 50 25 37 70 38 58 45 39 29 32 93 41 34 26 38 40 46 30 60 56 61 29 33 22 48 65 42 17 51 36 31 40 90 56 36 58 62 69 45 22 65 47 48 36 46 70 14 32 52 16 62 52 44 47 34 25 47 23 40 40 39 39 29 53 37 41 28 32 54 62
49 78 46 53 61 28 71 28 50 56 58 48 59 60 43 55 59 54 62 52 30 38 41 64 50 41 38 64 65 35 64 52 60 66 39 53 48 62 58 13 24 45 32 41 44 84 90 23 41 66 26 43 39 42 36 24 54 57 69 48 31 44 50 28 44 41 62 67 44 34 60 63 70 55 45 26 50 61 75 32 33 25 78 35 43 37 60 77 23 57 31 28 67 61 31 45 70 46 53 47 47 28 50 67 47 51 46 48 47 49 52 44 49 69 51 43 62 41 59 47 45 43 29 51 61 67 36 14 71 29 78 32 77 25 68 66 63 21 17 44 36 22 37 19 42 45 47 37 78 73 39 60 44 62 35 49 67 34 61 33 40 52 11 43 51 74 70 79 64 72 62 83 44 52 49 59 55 60 62 32 28 38 61 31 68 65 47 18 59 44 47 71 41 56 46 32 52 63 57 46 54 69 72 41 49 51 67 28 46 47 52 67 37 45 33 61 61 48 81 49 64 69 30 34 53 32 90 42 34 55 40 81 27 23 45 72 73 19 56 77 57 68 43 53 55 75 30 72 37 71 20 55 51 46 56 46
70 50 52 39 60 30 64 38 40 47 77 56 37 40 45 51 56 51 55 47 40 38 54 60 50 34 63 49 52 32 34 66 59 73 76 21 45 56 60 -1 56 59 25 49 54 47 62 28 51 68 38 69 22 28 71 26 63 58 55 55 16 68 34 38 33 55 60 41 41 32 44 37 46 33 43 38 65 56 62 41 69 28 36 82 46 37 59 43 46 20 37 69 59 40 50 45 46 57 64 59 43 56 53 58 44 9 27 44 20 35 43 52 63 44 61 63 83 5 57 70 42 40 48 53 29 63 40 34 65 50 47 42 40 66 66 81 61 48 29 53 53 24 73 28 39 37 31 53 27 38 56 25 92 52 46 23 18 49 49 53 37 41 48 21 51 25 63 32 42 71 49 75 57 51 31 52 19 61 53 54 42 41 46 22 64 45 38 23 31 30 55 64 30 29 15 57 41 51 66 53 73 54 47 68 39 58 72 58 55 33 38 73 28 45 55 58 41 55 44 55 25 61 71 48 9 34 43 40 76 38 18 63 43 59 70 55 67 62 52 43 33 38 41 26 79 57 38 30 39 46 15 33 8 67 45 60
49 69 55 47 58 22 33 49 60 50 62 65 58 54 36 68 35 58 52 46 58 37 52 66 69 17 43 68 62 59 74 72 52 39 50 38 48 77 42 29 49 64 55 36 49 47 54 57 11 74 54 39 43 60 61 16 73 68 69 58 35 66 44 65 74 69 48 64 39 30 57 70 67 60 66 38 63 55 45 46 56 44 61 43 60 66 47 42 33 41 35 66 32 47 40 52 66 67 64 49 41 24 51 33 28 25 31 75 32 74 57 36 64 69 45 16 54 53 42 52 20 41 52 40 67 65 56 32 59 48 26 52 55 57 74 72 63 36 46 52 50 37 71 26 56 41 57 46 67 39 53 41 73 60 19 53 31 30 66 53 54 45 46 50 24 55 59 38 35 53 42 79 29 26 51 49 31 48 53 28 52 36 83 40 73 47 85 69 46 60 27 49 65 44 38 36 44 53 43 51 61 37 65 57 35 57 40 39 32 -2 65 59 74 41 48 49 38 45 58 61 45 62 76 18 53 38 56 35 43 41 72 73 19 57 44 61 74 54 46 40 34 36 31 62 50 48 42 59 56 43 22 34 36 73 40 66
50 51 33 45 56 36 38 84 32 62 56 49 63 48 45 51 33 47 31 68 60 44 64 44 52 49 25 47 74 41 54 36 59 51 41 36 42 47 46 29 45 61 44 54 45 54 31 29 39 44 56 47 50 37 32 22 84 61 51 63 46 36 54 38 46 47 59 85 42 22 56 58 27 39 43 41 41 53 43 38 90 36 40 44 45 49 75 19 49 45 48 56 40 49 41 35 73 45 88 41 45 41 45 15 28 45 40 30 33 27 39 40 28 65 27 36 65 21 41 52 31 39 64 45 73 62 63 58 45 62 55 35 47 46 59 55 74 49 60 29 49 49 60 23 37 57 79 82 38 46 50 14 76 45 53 40 40 34 79 43 21 30 47 62 44 55 41 30 36 68 56 42 14 18 57 55 48 25 29 52 58 51 44 45 50 73 51 53 37 69 43 83 38 24 32 27 60 46 54 75 64 59 46 51 35 60 55 57 61 44 16 46 33 41 43 26 50 69 75 65 50 54 19 33 60 56 75 11 41 45 20 38 37 58 58 58 89 64 41 38 65 34 31 41 52 34 38 58 47 58 65 38 42 49 39 35
55 42 65 26 56 49 33 43 38 79 26 47 70 72 38 66 20 44 26 50 53 56 40 47 64 44 24 38 28 43 26 37 65 8 51 44 50 36 39 28 57 62 34 69 37 37 37 42 48 46 71 49 49 57 24 18 67 70 46 41 59 38 34 58 49 52 72 33 32 51 43 50 50 45 55 15 33 56 49 62 42 46 69 17 48 37 59 41 50 33 41 53 58 36 33 52 40 54 57 62 51 42 43 46 33 42 36 40 65 47 28 31 51 29 44 32 35 55 22 44 24 28 39 44 54 77 33 29 38 22 45 78 45 25 37 58 49 29 12 28 53 13 44 32 8 40 60 70 56 23 35 46 46 48 25 61 40 40 48 44 35 54 70 25 33 33 14 52 56 23 34 41 32 49 69 37 72 41 21 50 52 24 50 39 38 36 27 25 17 47 49 44 38 35 44 32 46 30 48 66 51 26 3 65 43 40 41 35 40 36 69 40 33 38 64 37 25 37 35 36 59 55 -9 7 34 20 33 48 28 48 39 38 37 37 27 48 26 48 52 59 47 64 43 42 50 45 44 50 75 43 46 40 22 49 53 34
