-94 42 -25 123 29 -21 101 -86 53 -99 -60 -56 -105 -35 90 107 118 -65 -47 -100 80 -90 91 -1 -11 104 54 -4 73 -105 -13 -96 -83 63 89 123 103 -8 -43 -41 -32 65 94 -16 -19 -111 73 -106 -127 53 61 -14 -99 -53 79 -117 -70 -54 -72 -32 1 94 64 107 -26 -40 76 58 -126 -77 6 109 72 -85 -63 -48 60 -10 24 113 67 58 50 -117 31 -78 88 114 87 7 -88 -29 44 42 -82 -4 56 -100 36 104 66 14 126 -74 111 85 -45 -23 26 -18 46 127 -51 -36 118 61 -7 37 -127 88 -10 -68 -76 118 -116 -16 -82 -7
9 -73 71 -114 -113 -110 -15 -76 -87 -39 -47 27 73 64 41 46 -76 51 114 95 -117 73 -43 96 -47 102 -25 -65 -18 -72 -91 -78 76 -5 92 -31 43 -23 46 99 -97 -103 114 41 41 10 19 -104 30 -85 27 -111 2 -59 6 85 -79 13 83 -2 -104 -24 -91 20 32 -55 116 -122 97 123 -12 -32 16 111 115 0 22 1 -28 -84 -60 -31 61 -56 86 -110 114 -44 91 -71 -77 38 124 -37 8 121 -72 89 110 -63 100 -80 104 17 -116 3 64 102 108 -96 12 37 -74 -30 -108 27 -78 56 -111 -128 -31 -117 -60 -114 16 -100 -1 -51
81 107 -99 -121 82 10 95 95 28 6 106 73 28 55 101 -54 9 73 -108 -128 -92 112 -51 4 82 32 -47 -93 -90 -29 -63 126 -3 89 -86 -59 63 -55 -118 118 123 67 -53 -43 29 34 83 59 -25 85 -67 -115 70 -11 1 -56 47 -13 38 -70 58 -4 -76 74 64 -57 -75 -49 -51 91 59 125 -43 92 59 111 -83 -23 -101 -108 82 -67 24 2 -69 12 -91 73 3 -128 108 30 31 -13 109 48 -113 -113 23 114 38 98 -100 -34 25 -105 121 -45 9 -105 -66 -73 -117 -56 -101 95 115 -88 -102 117 -17 -28 118 -38 48 73 -108 -35
56 115 115 -73 85 88 -101 42 68 -34 113 -93 -110 25 -39 55 -14 -123 23 -26 -14 -112 95 -71 -54 -79 -108 70 -119 -86 -108 -120 113 24 59 2 113 86 -18 -62 54 -43 -1 -23 4 37 120 -97 125 -15 6 110 119 -28 -57 102 -84 26 99 -120 75 -33 53 127 89 -123 -70 -72 63 -105 -5 22 -54 116 -39 109 31 91 -95 104 -66 -55 50 27 -91 -106 -2 5 -31 54 -97 -57 80 -41 13 -80 -32 -44 -98 3 -10 56 -103 -81 -26 94 -109 7 -24 27 -33 -99 -73 49 -121 71 -72 -101 61 -43 122 15 15 91 51 -103 -55 -51
-27 2 118 -79 -31 44 123 -12 102 -36 -67 -6 -34 -107 -117 -89 -87 109 72 77 -111 68 -18 93 -102 49 -71 15 104 -41 47 -81 42 90 -53 -13 105 -9 -77 53 -109 26 88 127 38 -102 15 -13 -40 33 76 -116 109 -29 -4 -54 -27 -51 13 36 -15 125 80 -66 -93 80 -77 101 114 -114 89 29 123 112 120 105 -88 -20 14 -96 10 108 -32 -68 -94 -26 -51 99 95 12 -43 81 21 21 90 121 81 -82 57 72 -42 -89 54 -98 74 -69 -124 -108 16 31 82 110 122 -58 -37 19 38 99 102 -1 -71 -26 101 -75 10 -25 0 -17
-94 99 -15 26 -102 51 -40 17 90 -65 -54 -62 112 -89 61 -81 71 112 -100 38 -21 -45 96 -108 34 -13 -113 14 77 -81 -62 -41 43 53 -1 -6 104 -78 92 82 -28 -69 -48 -30 114 -90 -67 102 20 76 54 -119 -115 -40 -96 -59 -29 109 117 -124 -24 -127 33 126 -73 107 -59 1 103 -41 33 -16 -68 -42 125 -30 45 5 -52 -77 -25 -58 53 25 -116 37 -7 -67 -1 -90 -79 -39 121 12 -93 121 63 112 -66 -22 -28 11 -36 28 -16 -101 -28 110 -45 -95 11 18 -91 5 75 -51 41 -49 10 -71 20 3 -25 46 61 35 79 -104
-55 104 -50 -3 96 100 116 55 -100 51 72 -107 32 -89 100 14 -108 -38 63 -51 87 109 -57 -31 -37 15 -100 15 -12 -38 -115 68 85 89 67 -18 -113 83 107 72 -95 0 -84 -84 -60 -42 -12 124 70 11 -83 45 71 -126 1 56 37 -81 14 -49 -35 -77 25 24 -107 32 40 -70 -96 0 113 18 3 -12 -60 30 73 -101 -17 91 -68 -116 126 86 46 -70 -117 53 -65 53 -11 28 -80 -20 54 -64 60 -80 71 -114 -90 28 68 -48 9 -46 -47 -118 -41 77 3 -23 -84 -108 -64 -122 -20 24 -77 28 -103 -22 123 32 -73 -68 -19 -103
37 37 35 -113 44 5 100 13 -83 5 -33 -36 82 83 -40 93 86 48 -59 123 71 111 -61 -6 -6 45 -120 20 -115 62 -43 -63 -86 6 113 -9 -45 -19 -63 -7 34 122 -35 -10 89 -51 -34 65 112 -124 21 17 65 -78 -78 5 -22 91 96 -103 67 -82 13 -56 119 50 -124 -66 101 99 -120 62 44 50 -89 109 -51 -4 110 -110 8 39 -61 102 119 88 -104 -99 -116 -107 98 -36 -106 111 32 -9 26 36 103 10 -84 -50 -29 -57 29 -9 55 -121 -34 -1 102 -117 -88 -14 -89 107 104 4 -28 -67 83 51 -7 -62 36 48 17 -96
-80 -84 96 76 -113 108 -120 -90 123 -57 38 38 -33 69 51 30 57 -17 87 61 59 -55 -38 -101 -81 30 95 -17 -17 11 53 121 116 13 -36 -6 101 111 -93 -56 -19 -115 -93 -103 36 -71 87 80 122 3 14 -18 -112 -81 -108 -6 -95 -126 -83 58 25 122 29 -79 53 -42 75 0 -54 22 -46 113 91 -33 58 -127 0 94 -42 -56 -57 -68 -107 -97 76 -83 89 -54 -97 -36 24 116 34 -3 86 -8 2 30 -96 77 37 -60 7 -87 -43 37 -44 -78 71 -90 127 42 -79 100 106 52 113 -19 -77 -64 26 -30 116 75 -11 -121 105 91
-111 85 -112 116 15 -39 70 53 -114 -98 -125 61 17 -12 28 35 82 -25 88 -124 30 -12 -74 113 -43 12 84 127 23 42 -117 -72 -46 66 -61 34 -57 104 39 -3 -3 -94 -94 1 34 -48 -17 119 -36 -107 28 54 53 -4 8 -106 32 -52 16 10 -61 26 -24 -63 -85 -112 -43 13 14 10 54 -104 119 82 -77 87 44 -103 -56 36 2 -121 -108 72 -83 -91 64 -87 96 -69 117 76 -50 114 -66 -123 -4 14 43 -41 -43 -74 3 -18 64 -99 94 -65 21 -120 -11 55 -74 -12 -99 -115 91 28 33 -41 -29 -96 104 -89 -57 -49 -98 18
-33 -47 45 71 91 57 -92 -18 103 -85 30 64 -53 57 -18 118 -68 12 115 -79 -1 14 -100 -85 1 76 -59 -21 -100 25 37 -18 115 -43 36 13 67 -60 -78 -127 -81 -5 -15 -51 94 -49 -45 40 97 -36 34 94 9 -92 -7 -41 68 -112 -53 -11 31 68 70 -25 117 -81 3 78 6 72 83 -80 89 16 -86 51 54 36 -71 -84 111 -19 34 -12 -3 48 -121 95 67 -35 -90 -83 -15 9 -44 -123 113 -89 -34 39 -16 127 21 -84 34 -65 73 -56 72 36 38 -10 -79 -80 53 56 86 60 0 49 -8 74 63 120 -74 -108 84 55
-104 -109 118 87 -48 121 -5 38 76 92 99 84 -100 -37 34 55 10 93 76 85 60 -30 63 -1 -56 -107 26 10 -76 -76 41 40 -76 49 -93 52 1 -12 124 -9 35 -14 43 -68 19 49 38 -36 79 -119 -37 -10 -117 99 81 -48 -33 104 -11 91 -16 55 -2 -70 -5 126 94 -122 -121 -94 69 -13 91 -27 103 108 119 80 105 102 -45 -100 -24 23 6 99 118 -42 8 -43 -114 33 -52 56 59 41 -34 -118 -85 -79 53 81 38 101 -27 49 -53 18 121 -88 34 -19 124 19 -40 77 116 -1 -99 0 -12 69 70 83 76 -67 -119 -84
13 69 -114 0 124 123 -47 -31 19 -65 83 -15 -90 122 90 -124 -71 117 94 44 -68 -82 19 119 -96 39 123 30 -82 -11 -31 34 -60 102 -117 61 -40 -74 -63 -10 -75 -89 -113 -69 -67 23 22 88 60 28 77 -28 -110 -57 -76 -121 106 -8 24 9 -17 -90 -94 -86 40 -37 18 -45 -16 -119 87 81 -116 -128 -127 -24 73 -14 -103 26 -90 9 114 -121 -110 114 -57 -103 -61 77 53 -60 127 -31 36 -58 -37 -108 -79 66 110 66 -107 20 84 -45 58 -117 30 43 124 -75 57 34 85 -42 123 -16 102 -94 95 -94 91 95 -59 75 -19 104
-119 92 -28 70 46 -111 -66 -19 -20 -94 51 -112 61 -63 -68 21 -32 -128 -118 101 53 -121 116 -34 -19 -70 22 37 29 110 -124 81 -4 -76 110 18 17 -48 124 6 -58 -44 -10 78 -76 -57 18 121 -76 -7 -20 0 -18 -50 36 111 -126 107 25 38 86 -58 -86 -30 -125 -90 104 88 106 20 85 1 -19 -47 9 -10 -22 91 112 -94 -2 -12 27 -107 -16 -44 29 -16 -98 25 79 79 115 19 -17 -116 99 -122 -105 -10 -123 92 103 -63 -119 -53 12 9 47 -51 -1 9 126 87 31 40 126 62 72 -19 -89 86 63 43 -1 92 -121 73
-106 108 -121 -81 85 38 34 -98 -33 0 -68 108 43 -53 51 111 67 -80 -80 49 104 -109 -45 -19 124 -92 29 92 109 -19 -94 41 22 -24 -64 -58 -84 -120 -17 -1 127 -63 -77 -87 92 -47 20 -112 48 92 89 -128 -89 96 50 124 -54 -117 -4 -125 -82 87 35 16 0 -122 99 79 -45 -51 28 -97 26 125 -73 35 -69 74 -28 -101 47 9 -41 -78 14 -78 91 98 24 4 48 -7 68 93 23 45 25 -71 122 -104 -61 -99 122 -101 -43 -40 108 69 17 -60 -118 -111 -81 -93 66 -28 84 -54 -34 120 -35 -54 101 64 -64 43 -25 -88
-8 86 -103 9 -18 -106 -1 -28 36 103 43 32 -31 -56 -77 -111 -101 -55 31 68 -60 112 108 -80 81 -27 109 39 40 76 -106 -110 -56 -7 -65 -126 89 -35 122 -50 -125 -2 -121 -70 95 117 -99 -1 -17 -26 -13 75 -87 -13 -85 -4 -80 -52 18 15 -17 61 97 -102 112 -54 23 -104 -3 -28 -58 25 107 71 66 19 -115 -105 -124 -29 68 -103 -126 14 46 76 -48 63 32 65 -43 90 -72 -63 57 -69 -29 -107 -14 -14 -91 -93 54 -118 108 37 -74 -7 -98 62 -73 -50 -107 111 -83 -9 50 55 114 -89 -64 -87 75 88 95 56 36 112
22 97 71 9 -52 -121 -49 -124 -81 36 92 1 119 22 -94 97 -20 80 98 -104 81 -21 -38 38 -115 -38 -80 10 93 -117 -61 22 -81 9 12 59 37 -1 -107 -71 -38 -37 -72 8 26 -38 26 -101 114 -58 -49 82 75 -34 -111 60 69 -29 90 -91 9 6 -47 52 25 -66 -105 -72 127 -10 87 -58 -42 -109 36 -87 92 -40 43 -99 65 117 -124 16 -30 -89 42 -63 77 -59 53 9 45 107 -107 60 -88 104 -35 -56 109 -70 -23 93 93 67 -29 -48 -12 -80 65 3 110 -36 -96 -95 -99 124 45 -1 -12 45 -15 43 -101 -101 29 66
-29 30 12 22 -107 -84 -62 -101 24 -24 81 -40 -21 60 31 -68 -116 27 -128 70 87 -64 6 -49 76 -2 69 -45 -61 68 45 48 107 16 -87 39 5 -66 -2 -22 88 46 -19 -86 69 -121 -48 20 54 -103 27 -52 75 32 97 -37 -94 -54 58 110 103 43 -117 18 38 69 55 -76 117 108 -89 123 47 121 -111 -53 43 16 -102 88 -93 126 69 -69 40 -22 -89 -70 -67 -47 -83 57 108 70 -93 -118 -80 -31 110 70 6 -127 -62 56 -95 -87 -119 55 -74 -21 115 -121 85 -74 122 -55 -112 -88 -5 119 96 45 -91 119 -77 81 -71 46
-17 -122 126 -37 -16 -20 109 41 50 58 -120 -70 -98 -35 -99 -124 -24 -25 79 -51 29 -31 10 -97 73 -11 14 -25 73 -53 98 68 96 -73 -12 -84 1 -109 35 -17 38 14 -1 -127 -95 -74 108 37 114 -57 -19 -59 -39 -6 57 -38 65 107 -80 44 5 -20 83 80 -42 64 -90 -105 -95 61 98 -98 -128 -6 44 -22 -47 -110 94 54 82 -46 114 114 -110 -98 -17 121 -62 95 -67 122 -29 -37 59 127 -113 -25 14 55 -39 -118 8 -10 80 13 44 32 -48 -32 -26 127 -2 -7 -14 6 94 106 -42 -35 12 66 -62 -77 -92 -21 -86 17
-94 103 58 -12 8 116 -62 34 10 104 59 38 -96 111 13 -81 97 -91 32 112 -91 -35 -76 20 -70 33 94 37 12 107 -23 126 -53 -65 -107 122 99 17 63 63 -100 53 -15 -25 47 -126 -8 -79 -91 -44 -70 99 96 118 76 46 -90 56 -34 53 44 86 -18 106 120 -21 -118 -36 15 -71 50 111 38 -127 8 30 70 20 -119 -99 -128 -74 -29 34 -57 54 -114 -126 8 80 -42 26 -77 73 -40 -50 36 6 105 63 -19 -96 -43 -127 -128 -64 108 -72 103 99 -23 -109 -62 125 1 -12 48 -93 118 -21 82 -45 -65 99 20 -32 -35 -37
118 -27 8 -19 -95 -86 102 73 83 41 -118 -37 -83 101 -128 -105 110 38 -43 -64 25 -83 -6 -44 4 5 -126 55 -88 -30 125 103 73 74 32 -25 82 111 0 -75 -117 -111 57 -61 14 -16 62 23 121 -24 110 -93 34 -4 5 -84 108 -37 -74 38 58 67 -82 -37 121 -106 -93 -32 -16 64 -31 -17 68 -25 112 37 62 104 -79 52 87 95 -63 58 84 -67 63 -105 -79 15 -66 -117 -2 85 87 -28 -17 72 -110 110 106 -53 -61 86 -98 -92 32 -115 -98 -23 46 -27 60 -100 110 -119 -3 -67 -13 -61 -115 -29 83 -86 48 100 -69 -15
95 -88 -59 -128 51 -80 85 63 60 -7 9 98 97 117 -97 65 54 -83 53 30 -94 -125 80 69 -26 -25 12 79 -9 70 120 65 -109 -26 -128 -56 99 -123 24 14 -21 85 -86 3 -76 14 119 -97 -44 -53 -55 -103 -4 -119 -125 -85 43 28 76 -14 -70 62 1 -20 64 -85 -20 -88 -13 51 121 112 26 99 -9 64 -74 46 -95 20 8 -9 -110 110 -109 60 82 83 -4 -44 -96 92 107 118 -75 -94 56 45 103 -85 90 53 -122 59 108 69 5 38 -29 24 -61 113 -12 38 -62 10 -19 -118 47 31 97 -65 2 31 112 55 -100 115
30 -1 92 58 96 24 -78 115 -53 -12 -12 -2 -118 -109 -17 37 -90 -22 -15 36 98 59 -90 48 104 69 71 37 127 -37 -114 44 -77 40 8 -63 60 -126 38 -111 -110 -96 106 -18 -113 -100 -53 -120 -67 20 23 -51 -99 2 90 -76 25 -62 -27 -76 107 -9 -120 -56 -79 -1 73 -107 75 -17 60 113 70 38 -17 86 67 112 92 -27 72 -79 37 33 -12 47 119 34 19 -24 -58 -120 -4 47 -4 -122 -115 112 62 49 -109 -31 -30 -18 -123 99 73 19 82 55 -32 116 -29 -94 -7 -81 -69 -44 -4 -75 -89 57 -73 -121 -10 -24 42 45
67 21 -47 17 -26 -38 102 0 -83 64 77 14 -104 31 -27 84 -47 112 -92 70 1 73 -78 101 -21 -24 -103 56 47 -64 72 32 17 72 -29 -60 18 -86 -59 -49 -24 55 -77 -35 106 81 -7 -111 -104 -128 41 -52 -94 57 -82 17 11 -2 -77 -74 63 -2 -123 84 -45 53 -91 -30 -83 14 -126 -60 -47 21 -97 7 -110 -68 64 31 -41 -13 -86 58 58 23 -85 60 -41 -20 99 12 -2 91 -14 77 45 36 12 97 11 -45 -91 15 107 126 123 -122 -46 58 -38 81 -115 0 -99 -73 -22 -87 123 -5 94 -99 112 94 -86 -20 -55 -53
-114 -53 -82 -34 -106 -97 -78 26 20 40 -24 81 52 30 10 -73 4 -96 -67 111 50 -52 50 -19 -41 -39 -119 9 -64 -37 90 81 45 88 -22 14 44 -107 -5 -52 -127 54 113 57 -95 -79 45 -88 76 124 -55 -13 12 -26 33 124 62 -92 -63 -103 -118 32 121 -99 22 58 -23 18 107 62 22 -21 86 50 -82 14 7 110 -116 -101 86 -17 54 19 -114 126 67 71 -35 -68 108 -45 49 110 84 56 -68 -103 -27 -24 104 -11 47 -126 -128 -15 -62 62 118 37 86 -36 -69 -26 71 21 -128 52 -85 -111 88 71 -88 -67 -35 -24 -75 63
65 57 -100 -27 -10 120 81 57 -19 84 101 11 19 64 121 51 -10 -57 109 77 35 -108 -117 -13 4 -110 1 -65 -58 72 -52 7 95 -65 -103 122 42 94 -33 47 123 90 -31 -23 -93 11 68 -122 -25 92 13 -19 120 -88 -94 73 -2 -119 123 40 -103 2 -60 96 61 -21 5 -63 -54 33 36 37 -128 -73 -106 -108 37 114 -74 110 70 99 -97 -93 5 -101 -26 79 28 -50 -47 15 19 32 -62 65 34 -48 72 65 -109 123 90 37 -105 115 -1 -23 -32 104 -77 127 -107 -108 -19 -52 -63 118 51 93 14 -93 0 126 -27 83 40 48
-126 7 -112 112 96 117 -107 -35 -118 -16 -121 115 2 -101 -21 -119 -76 31 -75 -100 -107 -16 72 48 83 85 101 85 -112 -113 -74 19 -1 -91 -113 56 -47 121 -25 -94 103 -57 -15 76 90 -71 -97 118 -121 -75 115 -65 24 -92 81 30 80 120 -107 3 54 125 120 17 72 -111 -37 -53 117 121 -84 -26 -43 -69 52 -22 23 -93 121 2 -16 -2 71 -26 -39 84 -6 45 -11 124 0 87 56 115 -56 -22 -109 -42 127 106 79 -68 105 -49 25 96 124 -128 -29 70 124 -3 -1 -93 118 74 -61 117 -18 -33 46 -123 104 92 -8 67 98 16
22 48 -105 126 78 48 108 -56 -107 33 62 12 71 -2 -35 22 18 -4 23 30 -71 105 61 112 58 -16 15 -10 28 5 -65 59 -63 92 -108 -85 -58 -63 117 -83 97 -87 -103 -30 -81 57 -102 93 103 -94 25 69 8 -48 -78 37 94 -98 -98 39 67 78 -111 -66 -17 -5 24 71 121 48 -46 -75 105 74 -23 -18 -106 7 19 73 97 3 20 105 -53 -93 -1 -5 -67 -124 55 -97 -52 -87 91 65 8 -11 -86 11 77 -100 -124 71 10 -85 39 66 39 -114 -44 60 74 -41 -80 127 43 15 -15 126 -88 -39 74 26 -58 -66 -2 -78
-117 50 -57 -118 -25 93 -67 -43 49 36 -67 -29 -14 -75 -65 29 -73 -34 97 120 118 -92 -29 80 -23 111 69 80 -83 -85 36 -116 51 12 93 -90 -44 -21 11 57 66 -122 -107 71 67 59 115 -46 28 -114 50 -90 -126 119 -32 -100 18 17 -41 -99 -85 127 85 58 -31 99 -94 3 -117 -127 31 33 -42 -24 -62 46 -98 -27 -73 6 -112 95 88 -127 14 115 -66 -53 17 58 -113 -28 -14 13 109 63 -62 -104 -6 127 -117 36 -22 -111 -84 39 125 -113 -37 -18 81 125 18 -13 -121 -76 127 -1 26 -117 -5 49 41 2 95 59 -124 107
65 85 83 -50 -53 88 -60 -39 -112 83 -43 -80 -70 -103 -49 -123 64 -58 109 37 -92 22 -118 -117 70 33 -17 96 99 42 44 88 113 45 -94 35 20 -47 -122 34 88 -33 89 -125 -39 -121 105 15 -32 -108 79 -100 8 -22 -110 35 13 52 35 115 29 -29 37 -21 -56 -50 -124 -110 -52 -60 -64 47 119 48 94 -42 55 92 -2 -92 91 67 119 -125 44 113 30 -109 114 -85 -76 102 3 -68 78 68 -76 86 50 -68 -123 68 53 69 16 93 121 -4 53 66 -61 -87 53 -76 -113 47 5 -103 -123 20 10 -101 86 82 -68 2 84 -27
-88 -79 -75 -49 -112 -113 -105 -127 -98 89 112 66 -18 109 -60 89 -108 -34 -117 -89 -106 9 74 12 -16 101 76 -101 -36 -64 47 87 44 -6 0 27 64 -13 47 -102 -93 -91 -40 -15 33 -16 82 -15 46 -38 57 -124 73 -22 18 2 111 -21 -124 89 64 101 99 -15 75 -43 -55 -109 22 122 -76 -48 -29 34 -71 -117 -59 78 110 -113 118 -104 19 108 -76 44 23 -38 35 84 -92 53 80 -127 -3 -93 100 -24 15 -53 -33 93 -64 -3 -107 123 -16 7 -74 4 75 -54 78 -117 -18 3 -113 -40 -58 17 -112 -15 -109 39 -103 -6 -38 -27
-22 28 -27 -76 -64 -73 96 -89 103 -59 19 -115 -122 51 -66 14 54 77 -6 -75 71 105 78 -46 40 108 14 -23 -121 -102 25 97 -112 56 -76 -26 -47 113 -79 -5 -28 9 78 17 -75 -128 -116 52 26 35 73 -127 -65 -97 -110 -96 11 114 10 8 -87 20 107 73 127 34 -81 41 116 87 -59 78 -105 -88 -47 30 26 -98 54 -72 -82 22 54 34 -55 4 -8 -6 -117 -82 -116 -6 5 13 117 -43 -116 20 6 7 -120 115 52 -117 68 44 -72 -91 -79 58 -46 -77 -48 35 -111 -40 117 108 19 73 23 106 44 -121 20 -115 6 8
116 54 -25 60 -117 -92 -42 112 -99 73 -127 -28 -120 58 -71 -92 106 -118 73 104 15 33 -27 -73 -49 -5 -33 -54 43 -2 13 53 -111 80 -90 57 109 100 -111 -1 108 -47 -59 83 121 -58 65 78 82 16 -52 -67 3 117 0 -106 -26 -121 -60 -24 -38 38 46 -22 82 -83 -104 87 -78 -110 17 22 -104 54 -98 65 -51 -109 -21 70 -93 80 33 -90 66 -112 119 30 -81 -47 119 -34 62 42 -31 -17 -7 -100 58 77 -7 -51 -49 9 -14 95 22 -101 107 86 99 96 -41 119 111 -31 22 -37 -9 30 57 -108 5 114 -81 29 107 78
-116 -2 -26 -5 11 -29 84 96 -23 78 -1 40 9 39 -29 48 -98 -93 -98 -6 69 -12 112 75 -7 110 122 122 -76 47 99 -121 101 9 15 -26 -6 -37 72 -7 -47 16 72 -22 12 -70 -19 46 -91 13 -62 110 113 11 50 5 -8 88 102 34 62 -37 -14 96 -50 98 5 16 14 82 76 121 -12 28 88 21 -31 100 96 3 89 -95 -93 -85 39 36 -102 -52 -123 88 42 24 -10 49 67 103 -8 73 14 -80 -35 -66 -45 -48 85 10 -89 63 127 37 -43 -109 -123 -28 52 -52 -35 -23 -20 69 40 118 -13 -11 -114 -126 -54 -35
85 31 -29 62 17 -72 -120 7 -2 37 111 -26 -14 -47 119 75 82 77 93 118 -120 -112 108 -70 94 -126 -34 69 25 72 18 21 74 -62 71 -91 21 -48 -10 -84 110 -65 91 17 -101 -4 124 -18 -99 -43 -1 1 88 41 -122 -115 -83 -122 -41 56 94 16 105 123 126 -109 -110 58 -25 85 -10 0 83 6 -43 -30 -26 24 58 82 -30 -92 59 106 118 -52 122 -22 52 116 68 -105 -49 -79 -68 -15 -47 -127 -28 61 56 -52 -51 89 83 105 119 -9 109 -3 -106 5 81 -74 33 107 73 37 80 78 113 14 -4 21 16 -127 -63 -83
-82 59 -5 9 29 -110 -26 -11 22 123 -84 112 -83 44 121 -27 57 -2 56 -36 -125 -125 -31 61 95 114 -37 -65 24 -114 -116 -33 -87 44 -70 82 -82 -94 4 48 -51 4 -45 20 7 -70 -85 49 77 -36 34 -78 26 -43 8 -34 -56 -83 58 97 -74 93 -19 -20 -22 -1 -6 74 87 -34 1 57 -89 -126 -8 -114 71 -91 16 59 -2 -8 30 -84 -29 114 119 -20 -11 81 73 92 -46 69 -110 37 16 -114 43 -76 -59 -3 -103 117 119 46 -123 -75 -74 26 -78 -109 -93 67 -14 -99 104 -27 -98 52 88 -76 -112 -48 59 -99 27 -64
-8 -50 100 -59 91 82 57 86 -120 -50 -86 108 100 125 -4 110 -4 -53 108 -66 68 45 -76 -104 97 21 73 -29 -112 -86 95 101 101 -20 -9 94 -49 95 -13 -70 11 88 62 94 -32 -119 -52 -55 123 -52 -43 82 -28 109 7 -1 18 120 -40 -18 -127 71 125 -57 -72 39 123 40 -2 34 -37 103 14 -72 -114 -99 2 -39 47 -93 108 81 66 -72 77 -21 -52 102 -113 47 60 -25 -64 105 -112 -65 33 75 113 -93 -120 51 117 74 -68 -84 46 -113 -6 117 -100 87 102 -83 -115 87 125 -55 -60 64 -100 75 -52 127 -44 69 -43 109
-92 85 -79 -1 61 -121 -48 -106 85 -29 67 68 -7 75 97 4 -83 -107 -41 57 71 -75 36 -20 113 -102 -40 -127 69 -100 -30 -25 -88 4 91 -104 38 -8 -53 -109 -39 -73 16 22 -50 105 61 83 20 97 75 46 -97 80 -17 58 -107 -94 87 -78 -60 80 -65 26 -98 59 125 52 50 102 61 102 93 13 -100 62 27 -2 85 68 -81 -70 -36 -14 84 21 -114 -67 106 -92 77 -71 102 84 -34 48 49 -114 -33 5 -32 56 41 -22 80 -103 61 -53 -88 -68 95 -112 96 -54 -90 -114 -92 -117 -99 -109 -13 44 36 -15 -30 3 -69 -119
60 112 106 -3 81 -95 50 -30 -42 110 63 62 -34 108 -19 57 -107 23 -45 30 121 108 -85 44 -65 73 -89 -15 -52 61 -57 -80 64 22 49 66 -16 66 -33 -87 119 -43 -128 74 98 18 37 -107 88 58 -47 125 46 119 125 -122 26 117 -124 18 48 -93 63 103 -17 -10 21 -30 -67 60 -89 -77 -57 -92 6 -49 67 60 -127 -89 -23 119 -114 40 -68 -123 42 84 80 -87 -23 72 60 114 -57 -45 82 -28 43 -31 -80 100 -95 -73 5 55 47 -44 76 124 68 -34 -79 67 -47 61 13 -11 122 98 -91 -89 -111 34 -69 -88 -73 54
-70 -85 117 115 115 35 119 -24 -125 95 -22 101 -20 -117 10 79 -124 -58 -19 -67 -102 -8 -76 31 -100 42 63 -25 30 32 -114 -127 45 97 72 20 27 -116 -77 92 -59 -51 -94 20 -60 102 107 -46 -20 -8 -123 11 111 -4 -1 34 -11 -22 6 65 -15 -43 -15 119 -49 24 85 101 38 -19 -101 121 -89 104 82 -72 -50 82 -47 -85 31 101 68 107 -102 116 -79 82 120 7 126 -90 -7 95 -31 0 22 31 61 -13 -45 34 -128 84 48 -9 86 -106 -71 83 101 121 48 -126 14 25 37 -43 -33 -117 38 -36 84 72 108 -60 65 101
-16 17 -117 -15 85 9 -72 -93 77 66 24 -18 -128 80 -94 70 58 20 48 -51 -56 118 25 -47 110 -28 -29 59 67 25 57 7 71 -85 120 -102 -20 38 20 80 -64 36 10 -59 101 -50 122 101 73 38 -28 -65 71 15 17 -14 -65 109 100 61 120 105 -115 44 -44 52 -52 79 -74 12 -73 116 -40 25 24 -2 -81 50 -54 -8 -15 122 -83 39 21 -13 43 -78 -13 74 -114 12 -78 110 -50 26 -19 67 49 -4 -86 -18 107 76 34 68 -28 -109 -72 -59 -126 -106 69 119 6 93 -64 -74 -6 -61 -37 -61 0 93 -75 -46 -25 -118
-113 -71 -4 28 -1 -51 29 -111 119 0 5 -57 113 38 11 -62 11 -43 24 -27 12 -77 87 -108 50 96 115 -111 27 32 75 110 -29 109 -27 -85 35 -114 -3 46 -10 124 54 -81 -9 87 -94 65 61 -34 9 102 68 -109 37 -68 -128 55 -91 -77 -90 4 -56 9 80 -5 9 -118 -19 -71 110 59 -33 -28 -125 -58 -11 -13 -118 -43 17 -112 69 -68 -28 61 24 -126 121 -31 -43 -39 109 -33 -27 70 -77 73 1 94 109 -80 72 -11 -111 100 90 -5 -103 18 37 4 17 5 71 120 126 -104 38 -94 -100 -34 -107 -18 3 -59 -99 95
15 -56 -49 -38 -27 -127 44 114 91 123 106 -8 -77 86 43 27 -10 41 66 -62 -29 3 77 -103 46 -44 -77 41 10 -109 -67 102 -37 -88 -31 -87 -6 -128 -64 -56 -39 -42 -6 -66 79 73 -91 -124 2 51 -113 -69 -75 87 121 -92 96 -81 -74 -59 -68 -46 -113 101 29 -116 104 -26 113 28 -79 25 -103 66 33 -43 -66 -120 -37 -114 52 90 -65 83 -32 -105 12 -33 -94 116 23 33 -53 -34 78 104 54 -101 -97 50 103 56 -7 -17 -2 24 20 17 83 -95 93 62 94 56 91 101 -43 -103 37 121 59 124 10 -106 -102 3 122 -95
-30 112 -9 -99 16 -119 -15 -106 61 103 105 87 46 -113 106 -30 127 -84 -44 49 42 -58 -110 -83 -114 -122 -27 -97 109 -70 48 22 -29 -92 -119 95 22 -3 126 110 -6 -20 -88 115 63 3 69 19 -3 84 2 10 -124 62 -112 12 9 -121 38 -76 -50 -105 15 -26 -41 73 -89 -125 -109 9 94 83 17 -60 -94 -24 -96 -110 104 -121 -13 118 -57 6 75 113 54 -60 71 43 98 34 -87 -9 -111 -67 -1 78 58 -69 -91 10 51 -51 115 -8 -69 30 75 -14 88 -76 51 -39 -119 -44 81 -59 -102 49 76 -80 102 -38 2 102 6 -110
-114 -100 13 80 30 33 -29 37 108 87 91 -8 -108 -19 -36 51 -100 105 124 -33 22 -96 101 -18 127 111 -126 -93 -25 -40 52 -44 -47 -91 -97 -8 27 -29 117 22 -52 47 -15 -1 62 -10 4 102 -113 -90 38 27 -59 -80 35 113 -99 16 -71 -39 55 39 -121 7 -104 16 -117 -50 -96 -25 -121 32 -88 -113 -23 -111 -24 68 -42 -66 48 22 65 -47 68 13 -128 122 -18 -52 -52 -58 -91 93 -2 -93 -125 29 -102 -79 126 90 -120 107 81 21 -27 -4 -54 -54 -98 23 -111 102 -67 13 -26 -128 -28 -55 -98 -50 40 -62 95 -87 -102 17
-108 24 -31 0 -17 -25 -78 -45 67 -116 -58 107 -78 -67 13 73 32 -94 -26 -2 49 -81 -105 49 41 -40 116 -83 -90 55 -101 92 -93 -107 -20 -53 -6 -89 -35 33 -86 -89 -33 -111 -118 -122 -59 83 14 -11 -109 57 86 32 -125 38 20 46 12 22 -47 -84 0 16 -37 23 35 -54 71 65 -99 -40 76 90 114 -109 -18 72 32 91 -21 8 -32 70 -79 49 -93 64 -36 -63 30 -29 48 68 107 84 -75 14 -119 38 -11 -96 -33 76 38 15 -31 -74 -91 -16 98 10 -89 -125 -11 2 84 -20 8 125 -115 -94 -24 1 21 -102 -93 -66
-46 64 123 -25 46 -107 -106 43 60 -13 -31 -69 -74 60 59 -31 80 -54 6 -9 -104 88 63 -98 42 43 -112 64 110 -51 108 -31 -112 3 -101 62 55 94 30 92 44 96 -15 -19 -87 69 10 58 -74 44 -35 116 -99 -62 -112 44 -111 31 -45 123 78 5 45 -105 65 17 101 34 -80 -75 -72 102 45 -9 -68 -93 -7 5 5 78 -70 40 95 -128 74 55 -88 -93 65 31 62 -16 -66 -42 97 -34 -87 -86 -49 94 -80 20 -56 -122 106 53 85 41 -5 32 -36 53 85 -104 41 90 -9 54 110 12 -74 -60 -25 -37 -25 -50 40 9
-111 0 -94 91 -85 23 -15 69 48 -1 106 -38 19 -88 -109 25 112 -75 115 2 -59 4 60 -87 -85 -114 -47 116 77 65 -2 17 18 -28 -57 126 21 -121 103 71 67 98 118 53 -58 30 -61 121 119 26 -52 18 112 -12 -105 -76 118 -57 101 -74 -8 40 29 -66 69 120 -102 106 17 54 -19 45 67 117 24 -64 -41 -94 89 23 114 115 -37 106 -32 -44 67 -120 53 73 24 54 -96 30 53 -117 115 86 107 57 28 32 -88 120 37 26 54 38 109 -124 101 -1 105 103 -30 69 16 -62 103 43 69 85 -84 113 33 107 -91 90
14 73 -60 -84 -124 45 59 -39 -3 96 -45 -13 -23 -117 -39 -105 58 -37 127 -23 8 67 -69 -125 12 83 -9 -78 -109 28 -81 -56 15 28 -121 91 41 -107 109 48 42 -4 124 -110 -119 81 -59 -28 -44 -2 65 -95 41 50 21 39 93 -103 103 76 -43 52 86 78 -80 100 64 -60 72 -112 82 81 116 29 116 -120 -110 2 44 118 93 64 6 -3 -40 87 35 -10 -110 86 -7 -96 -4 47 92 37 119 31 -127 116 83 -32 93 -111 112 -109 -29 75 8 18 -121 -38 89 -47 -28 -47 -93 -98 61 -68 -11 58 -12 40 -28 28 -28 103
-126 62 87 -18 -37 124 -84 -124 38 -74 -5 108 -67 116 20 -109 5 17 119 52 -59 95 32 57 -94 48 -95 91 112 95 -50 88 -5 15 115 -80 -114 97 -65 4 6 -76 126 35 -17 -58 -87 109 29 87 70 -78 66 81 -65 77 -41 -40 79 48 68 63 28 102 65 -120 67 -128 -126 -72 46 108 -14 -95 -13 -20 118 16 45 38 -118 7 127 -18 -1 88 79 16 -46 41 -105 76 -71 -55 88 -14 -70 14 -98 -45 -55 -74 110 -48 80 88 52 45 40 107 82 76 -39 -99 -104 14 91 101 30 63 45 -59 1 102 -106 42 -65 1
-71 -70 -20 38 41 -104 84 -44 -16 -114 111 10 88 104 87 -24 -44 37 15 -91 83 -43 18 -26 36 26 78 -14 -75 43 -48 9 -107 35 113 126 112 44 105 56 -89 -96 54 124 -46 65 13 103 21 18 80 -84 -101 40 -44 53 -50 -125 100 -111 -3 30 -112 1 -107 -32 35 -123 -6 -113 35 -6 45 83 125 4 -56 59 78 48 106 43 -19 -37 82 -1 42 -103 -32 31 -81 -123 59 -14 2 -99 -36 -90 39 33 -85 -29 74 -48 -48 89 10 58 44 -124 -86 -20 49 -67 -17 72 75 89 76 102 -80 -126 122 -118 33 -104 6 25
32 1 1 -118 104 26 -97 -128 112 26 89 -62 -76 -68 -40 -109 25 123 -10 -75 24 38 33 54 124 -83 58 97 63 93 -69 -79 -122 21 85 78 77 -78 80 -95 63 46 -69 119 -89 121 -37 82 -32 -43 -56 -41 32 -94 -39 112 -119 -67 75 27 76 -21 75 125 52 -54 -48 43 -32 -114 -79 114 -90 22 -109 -36 79 -106 -112 -32 -37 70 18 -20 -10 -98 67 -123 45 36 114 -101 -74 -100 76 -73 2 1 109 116 -87 2 92 36 92 87 -87 64 107 42 -107 -42 3 -62 -114 99 22 -117 113 120 -58 -105 61 23 -53 -46 69 -74
27 67 109 50 -97 77 79 -39 -126 -47 40 40 62 -89 27 49 -101 110 -44 -117 -121 71 12 79 -126 -11 -125 -33 -9 -19 -25 -10 -120 119 -31 68 13 -97 -86 14 -97 -42 115 42 76 -21 52 22 -52 -111 122 60 18 94 24 52 -93 18 68 85 112 76 -120 -60 47 -86 52 -15 -113 -124 63 73 -80 -41 -112 62 121 74 -51 -124 62 -72 41 87 85 80 -107 88 49 95 -93 -38 -3 -107 -116 53 18 -22 -83 -31 29 -74 106 117 -114 35 13 33 -127 88 93 -65 -38 82 66 -122 122 -2 19 20 55 -57 1 88 -48 -63 -56 41
-98 103 -14 13 -3 -18 -98 -23 121 -65 -75 6 35 -17 -84 108 84 121 -38 2 -60 -55 53 -47 -97 34 -76 96 53 -113 -30 99 62 -44 76 -97 32 68 49 46 37 -108 65 -108 51 -96 -113 -2 120 -118 -44 -34 116 98 -124 -23 -113 -52 -81 98 50 -8 67 76 -66 -46 -76 -72 -103 -53 -76 -44 119 -120 39 13 125 -128 36 -23 57 -68 -83 55 91 -22 -102 78 -86 -1 61 -26 -45 -101 -7 -126 -70 102 23 52 -74 10 81 25 -20 92 36 -98 29 -31 9 44 -45 120 123 79 125 63 -53 124 -33 -16 32 -25 48 44 44 83
100 -65 106 83 104 32 50 18 14 0 -15 113 -40 -65 -25 -83 50 2 106 -63 86 36 64 2 35 57 72 10 29 -28 38 13 -91 -44 69 90 100 50 -123 100 -25 115 70 76 30 22 -113 -30 16 70 -85 -106 -125 66 -54 35 117 120 12 -27 -118 -121 48 102 -35 -69 -111 -91 44 -24 -99 -70 -4 -61 -109 -104 -7 -11 -38 107 -69 108 -93 -64 -106 -42 -24 26 -60 88 17 -54 110 59 -30 -6 -5 -60 120 -21 -115 85 -71 -2 -55 85 -75 14 -40 123 -77 -42 -82 -68 101 -26 -119 23 -19 -32 -34 -99 -52 122 18 80 -40 41
103 -123 63 -108 -35 22 -112 24 -28 -8 50 25 -101 97 -33 28 120 -58 106 -110 122 -119 1 -121 114 -41 13 86 -52 78 52 104 -37 -120 -13 2 -47 -52 -76 -15 -100 68 -14 39 -115 74 -57 -124 82 113 -43 19 56 -126 71 123 -26 98 -62 -11 59 43 -87 -61 63 86 -6 116 12 -50 33 34 -91 58 33 64 -25 111 16 -44 -39 4 20 -11 117 -91 -22 -54 -69 -40 9 -4 91 -123 35 -89 -121 -9 21 25 100 85 47 48 -85 -30 75 -99 103 -6 -50 69 51 -50 -2 -118 2 -76 -121 110 125 -31 5 125 -29 -33 118 -95
92 -30 -16 28 110 39 -61 -37 0 -116 112 -124 127 11 30 92 30 93 67 104 82 -119 108 -94 103 -7 -25 -25 112 61 34 -29 -106 40 51 8 108 4 -98 -17 37 -69 -103 110 -9 -89 93 83 -87 -37 -51 20 0 117 65 -36 -57 1 -91 -47 -66 -125 -48 104 5 -17 99 -121 -47 3 95 96 18 120 -73 -19 60 125 26 75 -46 -89 13 64 -105 14 33 -10 41 107 -116 89 53 -5 123 -80 95 -55 16 10 -6 -52 -59 27 -63 -93 43 14 -93 9 47 5 25 23 77 -56 -29 -104 42 -18 -87 51 -60 -63 74 -32 -97 106
87 -17 63 49 104 17 -109 23 -5 14 127 -101 -115 5 11 -96 -56 39 -113 3 -56 57 75 103 -125 -52 -100 -47 76 -76 -33 15 -86 94 -120 118 -64 126 59 99 48 34 64 -61 91 -1 67 -93 -98 -27 -110 -122 68 -4 -27 55 -127 7 2 126 109 -89 18 -23 -50 -82 77 99 75 -76 108 -31 12 -41 -15 53 -24 102 52 120 -66 -8 99 -87 11 56 15 -31 72 -109 -57 -31 22 13 77 -20 -112 49 -41 -21 61 -3 -70 65 -59 -29 -38 -17 17 115 22 53 18 -55 -42 -2 125 -41 -86 127 23 -113 -79 -66 -12 77 0 78
-28 -22 101 -97 123 9 -31 -63 103 112 39 56 -107 17 -127 107 -82 114 3 32 -112 -83 98 76 103 96 -14 -53 39 -9 -68 -75 -39 -86 -118 8 44 -13 99 119 93 105 64 -68 2 49 24 -114 -54 113 -49 -43 -68 55 15 -76 112 -49 59 -54 115 -32 -80 62 116 95 119 -119 41 -71 -33 -82 45 -54 -127 100 -2 -4 97 44 -105 -8 -108 -63 24 -93 -44 -44 -111 -85 95 -6 7 -3 86 0 27 22 -72 -110 92 111 -85 -50 60 -59 -90 -49 4 25 23 71 -95 91 51 -35 -88 -108 109 -83 -67 -109 -88 58 116 122 -86 -33
-121 99 123 -128 -69 -61 -107 17 2 -113 -67 -103 -53 -61 -13 -14 12 -128 3 -3 -33 123 -96 83 117 -93 -112 6 48 42 -122 -117 -7 61 96 82 23 -66 -110 -100 31 -14 126 -31 -60 -125 18 -61 -34 -18 -72 39 101 0 -77 41 -39 55 2 109 121 -36 -96 68 20 -40 122 63 115 22 100 -26 32 7 74 -26 47 126 -70 -4 35 -119 124 -21 -70 78 -107 -64 -92 84 64 53 -99 89 33 108 37 26 106 115 119 78 -3 -123 20 37 111 -76 23 36 -75 -11 -88 -17 -30 -19 -75 -126 80 1 121 123 -5 27 117 -13 -97 84
109 60 127 7 116 53 84 -71 -1 124 -37 75 56 117 -27 96 -22 -80 -80 -113 -28 -128 15 -84 120 2 54 8 110 58 -4 -80 -63 98 -111 -28 -120 124 -84 111 86 64 82 14 -91 -34 -112 -12 -45 -102 -7 -56 83 58 -67 68 -5 -36 80 53 -85 -119 -78 3 123 52 -19 13 -113 106 -70 -114 108 21 -120 19 -11 -40 15 79 54 100 -26 0 -3 -51 51 33 8 -64 -117 -35 8 57 -121 22 63 -93 -90 -78 94 12 36 -115 -91 58 36 -4 -75 -53 17 -119 -103 -102 94 -114 -117 -59 -105 -93 -70 73 2 118 107 85 18 -87
-71 -8 126 59 -89 -109 107 -127 -57 -112 9 -110 -77 61 -109 48 -3 -94 10 -13 -65 49 63 107 -18 16 -111 7 26 29 87 -121 60 -56 74 40 70 11 -91 62 -13 -71 95 123 -124 -78 97 35 92 116 -41 -121 30 83 13 -124 -84 -45 75 10 -85 68 78 -91 -25 -115 109 -77 42 -76 122 -4 -88 -49 100 34 -123 -106 -118 -17 -70 -22 64 -106 -91 -96 -83 65 -84 77 -94 31 46 -70 -17 -19 -94 71 -15 22 -10 123 72 -89 -116 108 -58 115 12 34 -77 -102 -102 -10 -92 -8 -59 62 25 -97 111 -127 -21 -37 79 48 -54 -40
79 -5 49 -122 26 -77 51 79 -23 -53 54 -53 91 -77 -95 75 36 -97 122 -3 49 -59 85 7 -3 -8 120 -53 25 -56 -78 88 -67 -116 -89 -103 -60 -37 2 119 74 114 5 103 -26 -62 112 97 67 -5 -69 -40 18 5 -37 -29 59 -125 -127 -34 30 -26 -24 60 -93 -99 -117 -62 -87 -35 -31 -28 90 -127 -49 -6 -87 60 11 80 28 -12 25 -50 -27 127 30 24 -6 22 -71 49 120 -102 126 -73 127 -46 -79 44 -97 111 20 -104 37 10 -90 -53 29 -11 61 72 25 27 68 -6 -49 -124 95 80 -41 -22 43 -78 62 43 88 -4
95 -79 -115 9 31 -128 95 101 75 -41 -24 -74 100 102 -42 -67 105 -122 36 -112 107 -48 71 89 38 95 24 -4 -70 42 -119 -104 -107 -90 112 17 109 -65 -91 -97 89 47 -11 -121 119 -7 -10 -70 99 -20 51 -39 19 -109 109 -99 -32 -59 -21 -115 -12 85 -20 72 -96 -73 26 92 -125 68 -46 98 118 -52 121 105 86 83 -27 73 -87 -17 67 -6 -70 -82 51 -78 63 -54 -82 69 73 37 18 -105 79 -113 -46 36 -94 59 -117 -113 -18 57 58 -101 48 -126 -100 73 -36 57 25 21 -31 -102 -74 2 -32 89 -113 124 -53 -62 -76 8
