118 -45 -80 111 40 15 111 4 -23 -38 -112 -48 5 98 -21 60
108 -45 123 -19 -99 -64 63 43 23 -42 -8 -54 -18 117 -68 66
-35 76 -81 85 103 108 57 122 -4 65 -80 37 -44 12 76 13
-115 56 -85 77 46 -91 67 40 19 108 75 95 -104 -120 -78 -112
-65 69 -33 -73 -79 28 -65 24 -78 35 -69 -27 121 -115 127 -1
-94 19 -83 -59 -125 -36 -128 75 -84 109 -34 39 -65 -119 -72 -104
-59 -68 109 86 -101 -32 -74 102 -50 -68 -9 98 -94 -53 -72 -85
116 123 -100 -66 -25 8 -10 100 -70 10 33 -19 73 -1 8 -74
-78 -120 -73 61 104 126 39 118 7 16 11 -126 -119 -122 117 114
-2 108 -114 90 -103 0 -38 -103 -51 35 -9 -17 49 -120 -19 -24
-14 -118 127 49 -34 4 -11 -80 -87 -37 0 59 -102 -70 100 123
-37 63 100 24 57 -41 -77 93 -68 101 75 36 48 -109 68 -118
35 -106 50 -33 40 54 81 37 40 -55 78 -79 111 -22 -64 92
95 -7 118 53 -17 -34 -30 -58 25 13 56 80 89 74 32 71
-88 -43 21 -99 -125 123 61 -61 64 -30 3 -5 -33 -27 -119 -69
7 -94 30 3 -69 -48 -44 -74 -123 2 40 -128 79 82 -96 4
-86 -17 -1 92 -12 -111 -73 53 4 -52 -70 -96 -121 127 -25 -114
-97 -82 -31 -124 -110 117 75 67 -103 10 -2 78 -12 -33 -43 -12
-4 59 58 -83 99 24 -99 -122 -4 76 -83 -118 52 117 44 -73
17 -25 -116 47 112 39 85 53 119 0 -76 90 83 -104 -26 118
-15 -12 -54 126 -114 29 -107 -10 30 -108 -85 -109 -69 112 92 -127
123 45 127 19 -115 115 18 72 -124 116 117 -57 26 -92 -8 26
-9 46 -7 -39 -64 -20 36 -31 75 23 5 26 -24 111 95 -128
41 88 102 38 95 -8 105 45 87 82 -91 -21 48 -61 -93 9
-64 26 -52 -115 121 -123 14 -64 51 13 -60 -5 123 -65 -65 -113
-70 -55 -35 -109 123 -12 103 -4 -122 12 115 -6 27 26 32 73
-123 61 -87 -120 69 126 -10 7 13 89 12 -23 53 -1 124 -19
114 -27 104 -116 24 59 84 114 93 109 21 56 56 -65 59 93
19 76 -73 -50 84 123 -40 37 -15 -127 -120 75 -9 -48 -52 -55
-33 -34 -110 120 -128 85 -48 -117 -64 60 17 45 115 -59 16 -40
-81 -95 -43 98 -87 -93 2 89 11 89 73 43 -52 39 102 62
-95 -45 87 119 117 80 -70 27 87 -65 52 -26 24 99 -41 88
-3 39 -76 -19 120 -20 -12 104 8 -62 -45 -12 -110 21 -28 42
115 65 23 56 60 107 19 -6 90 126 -93 69 -1 108 -121 -8
117 -109 33 -36 -20 -4 -70 -118 43 31 5 47 52 -15 -41 -26
-110 42 97 -41 33 73 -36 -15 -90 -50 -125 -124 42 -30 38 -12
-126 48 119 72 -73 125 113 61 -85 -100 42 -120 76 3 90 65
36 -5 52 -68 103 23 -22 37 48 48 21 95 -44 67 24 -49
110 65 16 -110 127 -28 -77 -111 -8 -120 -111 118 -91 1 127 15
77 -96 71 -117 61 44 -34 -125 -15 63 77 98 39 -73 65 -73
77 76 124 -101 -12 23 -81 115 -45 -61 -36 -37 -90 39 55 -119
-81 31 -44 -107 109 48 -94 120 -55 76 -66 -78 -111 -24 56 53
62 20 -105 -98 -79 -43 83 -115 53 98 -56 -26 13 -81 93 2
66 121 87 64 22 -9 25 -59 57 45 -85 -108 -83 -92 -111 -110
90 13 -58 64 101 5 -55 -7 121 94 50 -11 112 59 -40 17
-42 111 94 104 -28 -105 -126 38 67 -17 88 100 -42 80 58 -122
-57 -49 46 -17 60 -1 -10 -103 19 -8 29 68 -62 -117 59 4
-26 -9 46 -60 94 -9 93 -76 -64 37 -119 -66 -123 -48 -79 86
83 57 48 -30 72 -70 77 -30 -58 5 -6 -101 -1 -5 -27 -43
112 45 -60 -103 58 -63 -59 64 -62 -116 -31 126 11 100 3 50
-113 -87 -6 99 82 -26 116 -104 -85 -40 103 -36 -97 11 -17 -92
18 79 11 -102 -9 12 -96 -3 -128 121 -128 -6 92 -128 120 -90
25 34 -123 -117 44 -48 5 23 86 42 -78 118 78 107 77 -44
98 106 -66 -91 100 12 -80 -35 -114 87 -81 10 76 -47 -90 26
52 -5 -66 91 -10 6 -10 -40 110 45 73 -52 -28 -74 -5 89
113 -76 -114 -54 106 99 109 -128 -20 -91 -84 -52 5 -108 -76 -41
106 -14 36 -122 -64 97 44 97 118 -19 46 89 -127 67 -26 -20
-10 -23 -50 -67 -105 75 119 21 -17 107 -38 11 45 -100 75 96
5 95 -52 108 32 70 -70 57 -72 -91 4 -35 37 -19 -70 74
72 90 -124 -70 -123 -11 -22 79 33 29 -78 109 33 44 95 40
-125 -60 49 -85 71 36 122 92 -17 54 89 5 -67 -82 39 -20
74 -64 6 32 -7 62 -10 77 -8 0 -60 65 94 -92 87 -113
118 62 -100 -102 21 56 7 63 85 27 43 -95 -38 24 -87 56
26 -51 -89 81 -3 57 -35 41 -49 -25 82 44 41 65 14 84
