112 7 -15 43 -85 -102 -9 -40 -15 -15 -84 43 85 100 -120 -17
86 18 35 122 34 -36 119 -83 39 -116 -39 -92 -48 34 26 -13
-22 120 -98 81 107 55 24 -104 -68 58 46 -111 -45 -23 106 -127
-30 -114 -89 104 78 59 46 -96 29 47 -113 -46 21 90 -10 -31
80 62 -72 90 10 20 79 50 -57 74 117 110 2 12 51 -78
-84 97 91 -21 -48 -82 98 -31 -123 28 -40 -26 -80 -36 -87 -125
41 111 -100 53 79 76 -72 -82 80 19 -23 -8 -64 86 42 -115
108 -11 42 115 -126 -111 102 102 -108 -30 117 -15 -24 -68 9 -75
-12 -7 95 45 -98 114 -103 -91 79 -108 -44 -113 -7 127 -95 76
-69 -70 100 2 80 -50 -70 -38 -120 77 87 59 -120 -113 17 -74
-97 -11 112 5 -96 -49 114 71 84 -71 104 -21 111 -79 -3 -85
-11 13 107 -61 110 91 -115 32 76 121 -111 -47 -9 -42 -21 -128
-100 23 -14 73 -16 -123 86 64 -36 -80 -58 10 -4 -120 -73 41
1 126 -41 86 108 1 -109 -6 -98 -19 84 -5 66 13 -31 -123
-6 11 -13 127 7 118 -64 -8 -107 43 89 -117 -92 -101 4 -77
11 -11 -88 65 -37 -6 -41 127 27 16 40 -98 -105 108 3 -38
79 -20 81 -9 19 -58 8 -90 -51 83 -74 8 -68 36 121 -59
119 48 114 95 -122 -80 -47 -72 94 16 83 -100 93 -66 -18 39
-84 -68 -103 10 -119 27 -37 115 27 106 -33 18 -101 114 6 118
-70 69 87 -41 -61 -126 36 -44 115 3 5 30 8 22 104 -118
22 -64 3 -109 21 -126 -82 -92 100 -90 115 -89 118 -36 -10 -65
106 54 -19 12 -90 -102 95 119 26 32 -80 -97 6 -91 -116 -63
89 -58 35 -71 60 122 -110 23 28 -116 -116 -89 29 71 62 92
-100 82 87 -81 -84 28 -96 117 -108 94 -26 55 -45 -39 45 -47
85 -81 -64 29 -4 -18 104 28 77 -49 -39 -86 103 -108 95 65
-34 121 -94 -105 44 91 -112 72 54 -16 -35 -102 -79 60 -51 103
111 -100 -88 -80 7 -86 19 -119 116 -17 125 100 -96 92 110 74
-119 -17 -110 24 15 -101 -81 -36 -77 11 14 -5 -19 -41 -94 -21
-44 -56 14 47 88 -82 -38 1 -54 46 13 54 53 109 54 105
-64 -46 -66 57 121 104 37 -16 -64 -50 -124 77 52 -122 47 24
-27 36 69 -116 39 -2 77 2 56 -82 91 125 100 -47 -125 -88
99 -77 -3 9 -49 42 99 -77 -53 -26 114 50 126 -126 24 -31
63 -85 -44 -44 20 126 6 22 -99 -115 -42 -73 -5 78 -49 -105
44 59 -18 -94 77 -109 18 39 -28 62 -67 -35 23 -7 123 -42
24 92 -67 114 -121 45 -57 3 -109 -22 -13 -93 -42 -102 87 74
110 -21 96 0 -121 -57 83 124 -69 -28 -2 104 -105 22 -55 -26
14 14 -55 3 -88 -62 21 -87 100 -112 4 -86 92 43 -35 -127
4 116 -79 -4 -41 15 126 -28 36 67 -75 104 66 54 77 -18
63 -77 5 63 -123 -115 -11 -115 -72 -123 -62 66 -48 110 33 -76
-30 117 -62 -39 103 -102 120 75 -123 -24 -12 36 77 24 -27 29
-4 -13 -20 -29 -20 -74 37 -40 103 51 -32 -30 -92 50 -81 25
-105 45 37 -67 17 -71 40 62 53 -67 -5 -35 30 -45 37 -57
42 -80 -116 80 -125 83 -26 18 108 -81 -9 -66 75 -65 86 32
-107 57 -124 71 7 -109 -100 55 91 22 -60 -84 45 -68 31 94
56 43 8 24 -38 -12 -19 73 126 -52 -99 -32 -50 117 -112 37
-12 72 -123 -120 107 104 -88 44 2 -70 -89 -28 -90 89 -39 30
-13 -100 92 -73 4 -20 -101 43 98 116 109 -96 -30 81 71 -77
-61 -74 -82 63 41 -123 119 -68 10 -49 -43 -33 5 85 125 -89
-88 74 -122 -81 -87 37 101 -110 6 1 -122 37 -126 23 70 100
10 -78 -87 -57 111 17 109 38 20 90 -9 9 20 -95 96 113
-1 -7 52 62 11 126 125 -21 88 -85 -101 75 97 -115 -113 -1
119 124 112 60 72 -99 -78 -76 -12 77 73 -46 66 -118 55 -85
-104 29 38 106 -119 39 81 51 -86 55 46 74 40 106 -96 -102
17 35 -86 -84 -28 -50 84 -98 -9 34 41 -11 -12 -119 -42 117
94 -54 18 -50 -24 97 126 -75 -3 -42 50 -3 -38 -15 22 30
-47 76 90 -78 36 12 -24 77 73 -119 -75 36 -85 -128 108 -108
-82 5 -118 16 -89 56 123 98 40 -62 62 73 15 69 -31 -69
-50 13 108 -21 -67 64 4 -92 123 62 -53 67 -10 26 81 -99
96 8 82 102 -100 -48 37 65 -20 123 -120 79 14 51 40 47
-25 78 -11 -71 -111 -49 -6 110 -119 -114 47 69 -99 37 42 -51
-2 85 102 81 -126 111 44 55 51 17 -45 -39 124 -72 -37 -60
7 -106 7 75 38 78 -127 58 -118 69 -71 -103 30 88 116 -100
-117 -80 12 -6 -60 -96 -68 59 116 21 -64 40 114 -22 27 -119
45 77 27 60 -39 13 -11 71 123 -11 -19 47 -21 -69 13 -98
