-83 -66 47 -59 -109 89 11 -6 125 -56 86 82 63 -107 -63 46
75 -22 92 56 46 -47 -113 50 -13 -3 43 80 26 35 98 66
-31 -73 -32 45 0 117 -29 -53 -40 -86 97 96 100 15 -78 105
-17 24 7 -69 66 -84 -59 58 -68 41 48 -34 -127 -113 14 34
-106 -84 92 -97 -116 62 126 -111 10 36 -112 -67 -111 -123 88 -9
16 -35 82 19 55 88 -73 -73 122 -116 103 35 -55 -22 -109 113
40 -94 -13 85 -79 43 56 -59 102 121 9 60 -11 63 -48 -66
-48 -37 -78 -126 36 -58 110 11 -1 95 108 117 36 -114 -20 109
51 5 -47 -99 -35 -33 -108 52 123 104 -93 40 91 5 47 19
-11 -31 -112 11 120 -79 79 79 110 59 36 35 83 -22 94 52
15 2 96 85 -107 -98 23 3 -53 36 98 34 -50 -20 93 47
112 17 -37 -110 -66 -1 -122 -121 -38 109 13 53 -22 -28 -22 -32
-2 117 -8 -100 -73 -80 44 -85 -90 105 -25 92 47 96 69 -77
97 -102 109 106 48 14 -34 -7 -108 -23 -23 -41 117 51 61 41
-33 -90 63 -11 -58 96 106 87 -76 -71 21 57 -114 -107 19 -49
-41 -116 -75 30 84 51 -36 36 -2 89 -16 -23 -102 -74 -104 -37
87 -46 97 111 41 99 -57 122 51 -5 -74 5 -87 117 -87 115
63 -92 20 124 21 98 -30 107 127 -15 54 4 117 -119 8 -114
-6 66 -100 63 124 32 -91 -82 -103 -117 -82 -42 32 27 -54 -5
33 42 47 67 119 83 -106 -108 84 115 127 -29 -71 113 50 -108
-78 1 13 -73 -31 -110 -48 9 61 -9 13 123 -78 -51 66 -64
-89 -76 -26 29 -58 22 -2 -7 79 14 65 -79 -40 -122 39 59
-93 -51 44 -100 -90 -56 -102 97 -113 27 -94 -10 -124 117 -75 -106
105 112 115 48 82 22 -104 101 -117 -33 -4 -91 -109 -21 116 -71
35 124 124 32 -94 63 54 108 102 -62 78 -54 127 71 63 -25
-76 20 -10 1 35 31 57 -28 -125 -103 126 -55 51 75 14 -52
-111 56 127 -100 87 -61 52 43 119 106 45 -15 123 29 79 -94
60 -5 -122 -32 -88 109 38 21 -48 -6 125 -46 -8 -61 73 92
-29 16 28 -6 -89 -10 98 -36 -79 97 -55 -79 -113 91 -128 96
32 -80 -105 115 -46 84 -90 125 63 -128 57 72 105 -124 -53 -2
117 75 -66 47 -99 110 116 92 60 74 27 -44 80 -85 -15 103
-40 -80 120 -6 43 22 -49 -28 40 45 116 -21 -86 -96 75 25
93 -24 53 127 -110 -97 -26 -46 -6 22 19 10 127 57 61 54
-49 109 -90 47 27 28 62 89 -94 -101 -78 28 -80 -76 -54 -9
-14 45 -70 -41 61 -72 -8 124 98 16 97 127 -122 101 87 56
50 -58 10 -19 -45 -43 -59 18 -122 -49 -33 11 84 76 117 -2
-10 19 -49 108 -14 -86 -20 -116 28 77 -114 79 -110 -112 58 11
-108 38 -9 32 -3 -126 -116 59 -21 -81 49 -101 127 125 -42 -27
-104 95 31 43 31 108 -112 -60 33 -81 -120 -25 -127 -117 -117 -27
-51 -97 104 41 -6 11 -112 -37 -87 101 75 63 0 66 -12 -29
-59 -39 45 -113 72 -69 -72 91 37 78 6 88 98 89 -123 -25
-8 -77 52 -7 -18 22 -48 -19 26 55 56 -12 112 16 95 87
54 45 -89 3 6 -82 -90 79 -55 77 94 123 -93 82 26 88
98 36 -52 68 36 23 115 -77 -13 25 -93 -121 108 103 121 84
-89 69 3 85 -104 -22 -106 -3 28 -21 -102 101 -48 -116 -98 -72
116 -74 77 95 60 33 61 70 43 104 -75 -71 49 124 10 -55
13 58 38 100 43 10 17 71 -105 94 -24 89 94 80 114 -51
-125 -48 -29 107 98 -33 38 70 -128 -109 -35 63 4 -119 26 2
101 101 86 -42 76 112 64 58 -123 79 63 -82 101 100 -17 -109
-99 -21 -65 102 -5 -125 -50 44 -3 83 -2 16 122 78 -70 57
-81 -120 43 87 -23 36 -34 60 61 -19 -40 -17 45 77 -28 -64
-25 -4 -2 -43 63 103 -95 -15 44 -85 87 43 4 102 10 -114
-61 83 50 35 -60 31 67 -65 -121 26 -33 -83 77 89 22 7
-11 116 -82 68 -5 94 -92 35 115 -72 -108 -11 -36 -126 80 -22
-43 85 -107 70 91 74 109 -8 -127 -18 42 36 116 -7 40 -114
118 -119 -3 126 -19 -81 -86 4 -97 -1 -83 122 41 79 -41 -114
-41 30 19 -65 11 -116 -2 102 16 -67 21 122 -24 112 -109 32
70 -21 -57 59 47 38 -29 6 18 -65 -35 -78 -103 25 48 12
-63 127 -32 67 -30 78 21 34 4 27 -12 -72 82 86 -1 119
-61 4 -27 -1 85 -53 -119 -86 -51 -107 -108 55 -111 114 38 -47
95 -84 -122 19 -26 100 8 -62 31 -95 68 -20 -34 -55 -103 -54
-124 17 -56 -11 -17 95 94 39 105 87 4 2 121 65 -25 -62
-2 8 110 -75 30 41 -81 -114 -4 65 -79 -59 -101 106 98 -3
-59 126 11 -20 -76 81 -54 84 39 -34 112 2 51 14 -65 18
