-14 82 35 90 77 -102 91 7 76 12 -57 -112 -106 62 52 -5
19 57 99 -88 -112 48 -10 -86 79 -58 -2 -28 120 -45 112 -19
-17 51 -126 31 -42 -53 31 126 -14 69 4 -70 107 -73 59 47
-127 83 35 -16 51 -93 -74 81 97 -127 -43 -35 98 113 47 -3
-32 93 55 70 124 20 -32 -38 -85 -2 -104 48 85 31 38 -120
-26 -73 70 29 -120 76 44 -2 -117 51 -66 36 65 -54 -123 117
-43 65 64 -55 -46 -95 -35 102 12 -29 83 -64 36 -128 55 109
-126 75 92 110 -102 87 -41 -41 -118 108 -14 -86 -101 -70 -9 -71
-77 -65 93 39 22 119 120 -76 68 -107 86 -22 -51 91 41 113
-14 68 -92 122 -97 -37 69 -7 -77 -73 -75 90 76 38 62 16
-25 59 121 -94 -94 18 -38 -94 14 49 -107 -41 -71 -65 -1 61
-32 114 -34 -25 -116 118 -19 -28 120 99 -96 -9 -33 62 -59 17
-104 -32 65 -50 -62 37 -59 93 -83 70 -8 -15 -91 -29 7 -11
123 16 126 -10 121 -93 59 -85 -89 -3 -63 112 -121 119 6 -54
95 26 111 126 7 60 -111 54 -9 3 -31 -59 24 11 113 -50
24 111 -112 -97 14 27 -31 12 -70 -21 -34 58 39 71 -103 101
95 -48 -33 115 -97 6 47 79 20 58 -31 -56 97 -4 54 -23
-120 -16 48 -32 99 -108 52 114 77 15 -88 -74 -32 36 87 -127
-35 97 3 83 60 18 41 125 -59 -83 -68 102 111 62 -9 110
-120 9 -120 -37 43 -83 -103 -6 33 52 -53 -2 21 -70 -30 2
-116 122 9 -104 -64 28 -45 60 -9 -92 95 101 93 -115 108 56
61 10 127 -39 -32 117 46 92 -106 124 -87 -80 -108 -96 114 -116
-128 125 -74 -123 -23 -65 39 2 16 32 -108 -86 125 -16 -5 -43
-88 -17 37 94 -78 90 15 -82 90 53 -66 32 -124 103 -89 -33
22 125 8 108 -103 115 -4 9 28 108 -49 56 93 75 126 106
104 40 -77 49 -36 -14 60 79 -120 -104 127 -66 15 -19 12 116
-37 118 104 -94 -37 -106 -39 12 -21 -23 -63 -47 54 30 70 -76
120 118 42 -10 -123 -87 -10 8 83 7 50 55 21 48 122 13
-125 -60 1 81 -1 -17 117 -44 -43 104 -61 55 122 87 -35 56
-91 15 35 -46 50 62 -19 28 -24 -103 81 -111 -107 79 -57 91
31 -78 40 -100 124 -128 9 32 5 -61 -41 -79 78 45 -51 -93
108 92 53 -98 -103 -17 40 -49 -78 81 -94 -61 43 50 -103 -58
-46 -38 -112 -96 -97 -16 -83 48 41 4 -66 -5 -83 85 110 21
-61 -97 31 -81 10 0 91 43 17 25 38 69 -1 -120 -27 -106
-39 108 9 0 37 -22 71 94 10 -39 28 -88 -126 12 -70 -6
38 -22 -49 -72 -114 23 108 94 2 83 -5 90 109 104 75 14
103 -34 32 -44 -69 -27 68 79 -103 -23 -103 73 11 -91 -37 -82
-35 95 -126 49 12 -54 -120 -128 83 -51 93 119 -47 18 -12 -119
116 -37 -122 -18 79 63 -117 124 -111 -51 36 -123 -121 -71 -61 121
-116 80 -62 67 -109 -7 -115 8 104 20 65 48 -112 -114 20 -124
78 -46 119 -89 -16 -126 112 -66 105 -92 7 51 115 116 -24 -86
73 27 94 -104 58 -92 -37 -126 -110 -68 69 -34 -42 10 -54 9
98 -56 100 -36 -43 5 -113 87 74 -86 0 42 -53 81 38 25
-20 -59 -6 89 99 82 -26 84 31 -105 -41 10 -94 63 55 81
99 50 72 0 -39 -105 -103 -61 8 42 -24 31 -30 82 26 -97
47 -53 -68 90 -56 -107 26 91 -16 25 -33 14 24 6 34 73
-90 -41 56 -123 -19 91 -103 -101 -4 83 94 -12 -71 111 -19 34
68 -59 -112 -8 4 -19 -29 123 -74 12 54 104 -15 -103 34 59
-70 87 66 72 17 17 -122 -68 -18 -81 -95 -30 123 22 12 46
41 -25 -115 49 64 -80 -37 6 -20 -26 98 -123 -119 -107 -124 -15
-102 -38 122 115 5 48 -86 -43 -118 38 -86 -115 -87 -109 61 -79
21 100 113 -32 56 -52 47 40 -102 81 90 -26 122 -57 -123 -83
-79 -56 -92 105 -7 73 -15 90 108 110 -90 89 1 -74 28 -117
43 102 25 -111 -41 1 -13 -52 96 -69 23 4 -65 38 73 45
-46 -101 44 99 -84 -116 -24 -75 -26 -22 73 -98 32 -65 -87 49
110 -26 83 7 -83 -110 -10 38 23 -63 126 -80 59 -107 6 64
37 -78 -114 111 45 -24 123 -88 99 9 -109 -55 -9 -34 55 7
-116 -35 64 -50 -17 -81 -22 87 48 23 59 -18 83 67 107 45
28 74 65 113 -96 -17 90 24 -48 48 92 -109 -115 -99 -97 62
28 -36 -115 14 111 -14 117 -26 28 64 -120 -3 -95 -104 49 -55
1 78 109 -128 41 5 -89 76 102 -88 -23 -96 13 -44 -51 -17
124 -63 18 -47 103 116 -111 93 99 124 -108 -63 -58 81 -30 -24
82 0 -1 -36 -99 98 -40 120 102 -57 -57 92 48 -79 65 68
-81 41 -6 -35 34 33 -12 92 17 -26 118 32 13 -53 46 -105
