22 17 -33 -4 -7 2 1 -7 25 -3 10 25 19 -1 -27 31
6 -3 1 5 11 -13 1 17 -13 21 -36 -8 -5 -16 13 -25
-13 -4 -15 10 -23 -1 -19 -12 5 16 -5 16 -30 43 -15 7
-10 -16 -2 4 -20 -9 -13 -6 -1 13 -15 7 -1 12 16 -22
6 11 7 1 7 16 6 18 -16 -31 25 -14 -13 10 9 21
-11 -17 -5 -24 13 0 -7 -1 -15 -21 3 -22 -1 7 3 -2
-28 -26 10 -9 -7 -1 -12 -2 6 -15 13 -16 4 -3 -21 -14
3 4 -13 -19 -12 -1 8 2 17 3 -5 11 9 -25 -15 6
-6 12 -8 -34 9 -17 -12 -7 -11 4 6 -31 -19 32 -2 6
18 10 -12 0 16 23 -5 17 16 -2 16 19 24 -13 -9 -10
-11 14 32 -19 0 27 7 0 22 -25 13 -11 3 5 12 -2
-14 15 21 -4 -8 -15 29 -6 -6 13 -2 3 22 -11 2 0
-3 -3 -25 -11 2 -23 -12 -13 13 -27 -17 -12 17 -10 -15 9
-4 -8 22 -25 7 -15 3 -4 19 8 -9 -5 -7 3 5 13
-27 -1 31 11 -12 -27 -6 -10 -6 -3 9 -16 -12 -34 -10 -11
-3 3 -10 4 -4 5 26 -25 3 -7 3 5 24 -20 7 13
-25 -18 -2 -12 5 13 20 -22 6 -12 11 -11 20 4 -4 8
-19 -19 3 6 -9 14 17 18 18 -18 8 -1 16 26 13 -22
-27 1 -17 7 -16 6 -1 -36 10 -6 18 0 15 1 -20 -13
-7 -11 -14 0 -23 -3 3 9 27 14 -23 -6 19 -7 -18 -9
-15 -1 8 -30 0 9 12 10 -2 43 14 3 -2 9 30 3
12 5 5 -22 -5 3 0 7 41 21 -7 11 -4 20 3 -35
1 2 -2 0 0 27 -12 6 -7 10 27 15 6 -25 5 36
-15 15 9 -16 -2 18 38 -5 -4 -5 -12 3 35 -3 0 24
9 13 29 -30 35 -12 1 14 -14 27 41 -10 22 31 -14 -9
11 12 2 -4 4 -21 -19 15 -4 5 -7 -7 -2 21 16 6
-2 5 19 17 27 2 -4 14 -11 -5 4 2 -7 -11 13 0
-6 9 -19 4 -14 -7 -7 18 -15 -20 11 1 37 -3 15 7
-16 16 -4 7 25 -29 6 -26 -11 -5 -3 -15 -2 20 -6 36
8 -2 14 11 16 7 -11 11 -10 2 21 25 13 -43 -2 -2
-6 -11 -17 14 23 -33 -3 -6 4 -5 -8 0 -1 13 41 -2
8 -6 -5 -3 -1 21 -34 8 -22 -10 -6 -39 -23 4 -5 7
7 0 -15 -12 -26 8 -36 -13 8 14 -8 -19 2 -16 -7 -15
-2 12 -29 9 -6 -13 2 -2 17 -4 0 -16 -4 6 9 -29
15 1 -19 4 8 3 28 7 -1 29 17 11 6 -7 -7 7
-15 -12 1 -2 5 -5 13 0 -9 12 -19 2 -31 -17 -10 7
-2 -21 -12 -20 -9 -2 9 -4 -10 -22 -5 -10 4 10 -27 -9
-4 -10 7 -5 4 17 23 -20 -5 13 3 -24 -8 -17 -5 11
-6 19 -9 14 3 -11 -1 3 24 8 8 -2 14 24 -19 -5
17 -6 6 -11 5 25 -22 -11 -3 30 14 -38 -16 -21 12 12
26 13 -13 -19 11 -8 1 -13 5 14 -7 27 -7 6 13 -20
-9 -21 -13 -13 1 -22 -24 -21 -13 -10 28 13 -9 24 -22 -17
8 5 2 5 -6 -8 -17 17 -11 16 -4 -7 0 3 -14 21
12 -13 22 10 -11 -8 14 -12 3 19 4 0 -1 -7 11 -9
11 8 -7 6 16 3 12 3 32 5 -8 3 16 5 -24 -2
2 11 -15 13 6 -19 18 9 -5 25 -13 16 -18 -24 0 3
36 27 -13 -9 6 13 -9 9 -10 2 4 -8 0 -12 -1 10
18 13 -13 2 7 20 27 -1 -16 -9 12 -6 11 -14 -6 -8
9 8 -20 9 -7 -9 7 -4 7 -8 8 14 19 7 -4 12
0 0 6 9 -2 -6 -10 7 34 -9 -3 -2 -42 18 -28 -1
-7 5 -17 -27 -6 7 26 -32 9 -4 3 -14 11 8 -1 24
-8 -11 -8 26 10 -16 2 14 17 -8 8 0 -5 11 3 15
16 7 -7 -19 -1 4 -21 4 9 -15 -10 -25 24 -7 -9 10
9 -8 23 8 -26 -4 18 -2 -24 -1 -8 3 -26 -7 37 6
-3 -13 -7 4 -1 -11 2 -10 -7 -5 18 -24 -21 -15 0 24
7 10 -14 -3 4 -10 9 -13 -17 20 12 3 11 15 30 9
1 20 -28 -17 23 -10 -5 8 4 -21 10 13 -9 -22 -27 1
-21 0 8 14 14 6 16 8 -7 -11 -1 -1 9 10 -10 3
-2 6 9 18 -8 -7 17 -13 17 9 7 2 7 -3 -19 18
0 -4 11 3 7 30 -18 16 -19 17 18 18 -5 14 -2 4
-35 -11 -7 14 -22 1 -9 0 -22 -35 -2 17 -12 -13 7 -4
-18 -5 17 18 14 -24 -2 -19 -13 -15 14 5 -15 5 12 14
4 2 -9 9 -5 -14 6 -16 -15 -5 -13 -10 -7 11 7 36
11 -39 5 -14 -16 3 11 19 -45 -8 18 18 -7 -3 2 -15
