-5 -17 -16 7 -21 -33 14 -5 -29 0 11 -4 1 18 7 1
-21 0 -19 10 29 -8 8 -2 -17 -36 12 7 -12 8 0 8
-26 5 -2 15 -21 -7 -10 31 7 -17 19 28 -5 8 5 20
2 -16 3 -16 3 3 1 -26 5 1 -15 30 -17 15 18 10
19 15 -35 -11 5 -18 -6 -26 -4 -6 -12 -33 -10 18 -17 24
3 19 -6 -23 -1 18 2 11 34 2 -16 27 -18 -7 17 9
7 26 17 -7 4 -27 5 -15 20 13 -11 -6 -4 -8 12 -5
26 32 -7 -15 -8 7 9 -4 -4 18 21 -9 -21 29 -24 -25
26 -25 -19 -7 42 -14 -1 27 -20 -15 16 -5 -1 -25 3 -8
-18 -14 -17 15 -55 -4 9 7 7 5 -33 5 12 -1 30 3
-25 -1 5 -26 32 4 -14 -14 -9 47 -9 -16 -11 -11 -19 32
12 9 16 16 31 39 -18 -19 -12 19 21 -15 -6 -12 -15 5
35 40 -2 -10 -12 24 23 10 5 -16 -33 12 42 16 17 -1
-5 -9 26 40 -11 3 -6 19 -9 15 4 7 -5 -6 -7 -23
18 4 9 -14 40 4 18 -25 -33 -28 35 -30 27 18 -47 1
-11 -13 41 -14 8 -12 -9 -10 -14 34 -10 -6 27 -32 -22 -33
1 -8 -26 -16 7 -19 -3 -28 12 3 -15 -16 -5 -19 8 15
-8 34 8 2 -1 18 -16 -33 11 24 -4 -13 11 0 -4 9
-7 26 20 -23 -19 -8 36 -6 25 -9 -24 35 13 23 -8 -3
24 21 0 0 25 27 -36 17 -2 -26 11 18 -9 -8 9 -1
-20 -9 18 31 -16 10 29 1 22 16 -27 17 -16 -42 -17 -1
11 27 12 -5 -6 30 -14 -23 20 11 -23 5 -37 0 -6 21
5 16 9 2 -23 9 33 27 2 6 -24 10 14 4 -10 -18
-30 -30 19 20 -6 26 3 -9 -16 28 8 -27 -19 -6 -38 7
13 2 -14 -13 4 -20 17 18 3 -4 -30 -4 -12 -35 -5 -3
15 1 -24 -18 11 -19 -10 2 34 20 -39 10 -24 20 -19 -9
-9 5 13 -17 -18 -6 1 -17 -27 -19 6 5 10 23 -5 17
11 32 -7 -33 -8 6 8 -28 -31 14 25 -20 -21 -1 -12 -15
31 -24 24 26 -35 -13 -21 8 -11 20 10 23 27 18 0 -12
18 -18 -9 -11 -2 -22 7 1 1 7 -28 -14 -13 18 -17 17
14 -21 -4 -7 8 -12 15 6 0 -3 23 -25 29 21 8 -20
15 -33 3 0 -9 -11 -22 12 -21 -20 -2 -20 -6 8 9 10
-3 14 -10 6 -27 4 6 -9 -9 -14 32 30 -30 -3 -2 15
25 8 9 -17 15 -2 -10 26 14 -6 10 11 1 -24 9 37
-15 4 -35 -18 -5 8 12 11 -17 -2 2 -55 -34 3 -21 8
-12 -17 8 1 -3 -2 -19 29 -45 28 9 -15 16 -3 0 7
44 -11 -3 21 2 34 5 -22 18 -8 10 -7 6 10 9 28
-12 6 28 14 15 18 16 16 10 18 -19 3 23 -21 15 23
-5 -3 9 10 7 -4 -18 -28 -12 -16 31 6 -3 23 -13 -4
-8 -34 11 4 9 -49 9 0 9 2 2 5 -22 -5 10 14
-2 5 -29 -26 5 10 19 5 -1 -6 14 -1 -11 -13 25 -13
-19 22 -10 -15 5 30 -4 -14 15 7 4 -18 -15 -41 45 21
-27 14 -1 6 14 58 2 3 -10 -9 -8 -1 -14 -6 -27 7
0 8 23 12 -3 3 -22 24 3 0 12 1 -11 14 6 -37
4 1 -5 22 -7 -17 -4 2 -13 25 2 4 -9 15 -2 12
26 -17 45 8 3 7 20 54 28 -2 15 32 -7 8 7 -4
5 -4 18 7 -5 -16 -19 3 19 2 -2 22 14 -4 8 -9
-14 16 25 -24 -7 17 -8 -4 11 -17 -5 -25 9 0 1 21
-20 -27 -3 14 38 5 -19 -1 -20 -14 22 5 19 -11 15 26
16 14 -2 -14 8 -11 3 10 6 2 -19 -16 -8 -2 -12 -25
19 -7 -16 -27 39 11 -11 -11 14 -2 -32 1 -16 -14 -11 5
2 19 -6 -6 33 7 1 -20 -23 -16 12 31 20 -17 1 -29
7 -14 -19 8 -36 -5 -1 -20 26 -33 -22 22 -24 13 -22 19
-11 0 22 -5 -15 27 -10 19 27 28 -17 5 -12 -17 16 21
13 -9 -17 24 31 25 -24 -1 -19 -33 36 -37 11 6 19 1
-8 -28 3 -19 -12 7 18 -5 13 13 -29 6 -14 25 -9 -37
30 0 -4 13 1 25 6 6 12 -11 -2 2 15 31 -8 -10
23 -17 -4 -24 -11 -24 -27 -32 3 3 -27 -16 3 46 -12 -5
-17 -1 31 33 8 31 -25 56 -11 -6 14 -9 14 -22 33 -5
-43 22 6 1 -43 23 -7 22 10 35 -11 14 -20 -21 -4 10
3 5 -28 -17 31 18 -14 -32 13 -30 37 0 -1 -9 11 28
-3 -6 -12 9 7 -9 20 27 -17 5 -35 10 8 0 -12 -29
-20 -14 -8 7 11 7 4 -12 13 -13 43 -17 -19 -24 -9 30
-10 -18 42 -16 1 1 30 10 5 28 -27 -4 19 -32 22 28
