-3 3 16 1 -20 -1 -12 9 -18 10 -19 -16 -9 -10 -11 21
0 -17 26 39 2 -21 0 -14 24 -24 16 -22 -13 16 14 8
16 -6 3 6 8 5 1 2 29 -1 -18 -15 4 -11 -8 4
26 40 -7 -13 1 4 -5 -10 11 5 -9 -6 2 17 3 -10
23 -32 -14 -1 -20 -4 -11 -13 -1 -7 -14 0 3 -4 25 17
17 -3 -2 -11 -33 7 16 -23 12 6 -13 8 2 20 -10 15
20 5 -17 17 4 7 -24 -12 -30 0 -2 8 -25 1 4 13
17 -25 -3 3 -14 45 -23 -42 -14 15 19 6 -12 -26 18 21
8 -14 6 -11 1 -6 -14 -1 13 2 5 -17 37 -27 -7 6
2 -16 15 -3 -25 6 48 27 2 23 -25 21 11 13 -34 -13
-10 -30 -33 -9 -46 -2 -23 5 6 -13 10 14 32 -4 -25 -44
-26 14 -1 39 -12 0 17 -29 0 -7 7 10 12 -5 -7 1
45 -23 -10 -6 5 -31 24 28 -19 1 -28 15 -3 13 -23 4
-10 3 2 -2 -12 29 16 9 -21 16 -8 29 -15 -13 9 2
-44 21 8 30 26 5 8 -5 -11 -8 15 -2 1 -28 0 -12
10 -30 16 -13 21 -10 -23 17 4 3 -8 15 -21 -31 11 -2
-7 -28 12 2 12 4 6 6 21 -24 16 31 -10 -13 -5 -3
7 8 -25 25 1 -13 -8 -37 0 12 3 -18 -2 -2 -5 -12
-10 15 18 6 16 4 5 -10 18 1 -20 15 -7 -19 -8 -9
-5 -10 -9 -17 6 -38 -17 7 -6 19 22 -11 14 -3 16 -16
-3 6 -24 -10 12 -15 -11 -7 -12 21 15 11 -19 10 34 -8
23 7 -11 -7 -10 25 -16 -27 48 -4 -12 -2 35 26 -42 -15
10 0 23 -15 -5 -3 -29 -10 3 14 2 13 -44 -22 5 -13
-41 -34 -11 21 1 21 24 -11 4 2 -8 21 -6 -30 -2 -17
-6 18 -29 -16 -14 -2 24 12 -14 -13 -18 -12 14 0 -21 5
-30 -15 -18 25 -23 -13 20 -1 -20 -12 14 -15 10 3 -1 -1
12 5 0 -11 -6 -8 -14 -16 15 12 -54 25 31 28 -18 10
-19 2 -18 1 -21 -33 -27 -22 4 -16 15 -9 -12 7 -6 -8
18 -14 -24 14 -20 -1 3 -2 2 20 -21 20 -24 -8 -6 13
-21 14 3 -2 0 17 20 -12 3 -5 -28 -9 -3 -8 -21 -2
-3 3 12 -24 4 -15 24 -8 8 -17 19 12 2 20 12 10
7 11 -29 -2 -21 8 -16 -6 9 26 -9 -22 4 -11 -17 -22
1 -14 11 10 3 16 17 5 -2 -7 11 -6 4 10 10 -14
-3 13 13 -19 26 -20 -17 1 -1 -19 4 -18 -2 5 13 -10
2 28 0 1 2 23 -1 4 -5 -27 -12 -12 -2 13 -1 11
29 12 28 -7 17 20 50 -3 26 -22 17 -22 -4 -25 8 6
-6 -1 -17 2 13 3 15 -5 -9 -22 -6 -7 10 -1 4 21
10 -2 -14 -20 -18 6 3 10 -1 -14 -6 3 36 -14 -20 -30
-10 2 7 2 -14 6 8 -26 12 11 -6 -6 16 -4 -15 16
-31 2 -31 8 10 3 -1 -10 -41 -3 33 -25 -4 -15 4 -15
-8 16 -2 -24 -22 -21 -12 -14 10 5 6 -12 -26 38 -7 -6
7 -1 15 -8 -2 -14 -15 -20 1 -28 -25 2 -6 12 -13 1
-8 -27 -15 -6 -1 -6 17 -7 -16 3 1 -15 4 -8 -9 -27
-21 14 5 1 -9 24 12 -1 11 -17 3 -12 26 17 16 0
-11 -13 -27 -2 -11 7 29 -8 -27 -2 -39 -17 11 34 4 -33
27 6 1 -19 -3 36 33 -4 -2 -4 8 15 12 5 0 -15
6 20 16 22 30 -13 31 3 5 4 14 -2 -8 15 -19 17
-22 3 7 7 0 -17 -20 1 0 -3 -19 -7 23 4 -28 -21
-4 16 -12 -21 -4 4 24 3 13 9 17 -16 20 2 -7 4
-17 -20 0 -2 23 0 0 3 -10 -7 -12 -23 18 -2 3 12
-12 -11 -3 2 7 16 30 8 -15 9 11 8 -11 -6 11 5
7 14 8 27 26 -18 -20 26 -17 -24 -27 -21 -7 1 3 8
3 -31 28 -13 -24 4 -5 -22 2 32 -12 9 2 14 -4 -22
15 -16 -4 -11 -1 3 -40 -7 -4 11 -8 -18 16 9 3 10
-6 10 -15 16 -22 3 3 6 -21 9 6 -9 -7 5 -6 17
8 -21 -38 -15 -11 19 4 1 -19 -14 10 -15 -16 0 17 -8
27 -5 5 -26 16 -7 -28 -2 -2 30 4 4 -1 -8 -2 -16
-14 0 -7 -6 0 7 3 10 -11 42 7 -24 0 -9 13 -2
12 7 -15 -22 5 3 11 15 0 -7 -10 -7 -14 -13 -48 -13
2 3 14 21 -34 16 -4 -28 2 30 -11 32 20 -27 -26 -11
14 -23 -22 19 7 -13 12 -18 25 -14 -4 0 -11 2 15 32
-6 -14 -9 -15 35 23 7 1 -1 -32 -16 37 -34 -8 -3 10
9 -2 -33 -15 5 10 -17 -10 15 6 -3 -29 -21 17 15 0
5 7 14 -41 10 -4 -24 -3 8 3 -17 18 -16 33 -4 -6
