22 -16 -10 3 16 26 4 7 18 11 -4 -5 3 -4 -11 -20
-20 -6 18 6 -6 15 8 21 -12 6 -7 8 -13 -1 -25 -3
-5 3 20 11 8 -18 8 -3 29 -16 -8 -7 24 -7 4 6
-3 -6 30 1 11 1 -13 -8 14 -22 -4 2 2 -4 12 -1
9 -1 -4 0 14 -1 8 29 27 26 -8 -2 -1 -1 -3 19
11 -2 -6 -6 -17 -16 7 10 -8 -2 -6 2 -4 -4 -1 18
-8 6 -8 13 -6 -8 -25 8 -24 -7 3 28 0 0 -13 2
10 22 -30 -5 -24 4 10 -17 -12 7 -3 -16 -14 23 -5 -2
-4 16 -13 16 -6 -9 7 7 6 -18 -20 22 22 -1 -4 11
8 -16 -11 4 1 22 9 19 16 13 -8 0 -12 -25 10 -18
-5 31 -17 3 11 -27 -9 5 -5 4 -8 -11 -22 0 -4 11
-4 -6 29 -1 4 10 2 11 10 0 14 3 1 6 24 -15
-19 12 -20 -11 -14 -19 5 -29 -32 -35 7 -24 10 1 13 -4
16 5 -24 5 20 8 11 -6 0 5 -9 -17 -3 38 7 -20
1 -3 -8 10 -5 -9 -3 1 12 -18 -4 10 3 7 2 -31
-1 9 -6 -1 21 -14 -7 -2 24 15 12 1 -5 2 5 -12
-6 0 -24 -14 5 0 8 8 -12 24 -10 -23 -17 -13 -22 -9
-33 -14 16 -2 12 1 11 7 -1 7 23 -4 4 6 6 3
-6 11 3 -19 3 -6 -9 -16 -11 -18 9 -15 -1 -2 20 -7
-26 -15 8 -1 -14 13 -3 -11 -4 -12 -2 -7 8 6 27 -5
-1 1 7 -3 -26 -16 4 -1 -4 -8 -19 -8 -9 -5 5 14
-9 0 12 6 2 4 -3 -13 27 26 6 9 3 4 9 -37
-10 1 -10 -4 -8 1 3 17 -10 -22 21 -8 -1 -5 7 -4
2 17 -10 10 8 11 11 10 2 16 -4 -16 -15 14 10 2
-9 24 0 2 2 -9 28 7 21 -3 -14 -2 5 -5 -10 20
-9 -10 -13 14 -15 -11 10 0 9 -2 -11 6 1 -19 -21 23
-4 12 1 -10 -10 -2 14 11 12 -11 2 8 9 3 -5 -3
12 4 -4 -13 0 0 10 5 1 -3 32 1 24 -2 -3 29
4 7 -22 2 4 -5 1 9 -6 1 11 -20 9 5 -14 -2
9 -17 12 -7 -2 15 2 11 25 -6 -36 16 -11 20 12 -12
-14 11 4 -1 -10 0 7 -6 -4 -10 -1 -14 -6 5 -11 2
-2 -19 1 8 14 -7 -23 21 8 14 -25 4 17 -11 15 -9
-7 13 -1 3 0 -6 -12 -7 -16 -3 13 -3 9 -2 -3 1
0 11 -1 -19 -16 0 -3 6 11 0 -14 0 4 5 17 -3
-10 13 -10 -3 6 8 -9 -26 13 21 5 -7 1 0 -6 17
-3 -2 1 9 18 -11 -18 18 6 -4 -3 -11 -3 4 1 -12
5 -11 2 9 -6 2 3 13 -2 16 11 7 -23 -2 -8 8
-15 -14 -8 -17 -26 -20 -15 6 -11 -3 -7 -16 -7 2 8 -3
0 -4 12 -9 5 34 3 -6 -7 27 -2 -5 13 -5 -12 0
-9 0 -5 20 -17 4 -14 5 8 15 -6 5 -13 0 23 18
4 -14 -15 -4 -1 0 -23 5 -6 3 17 -13 4 16 0 10
-14 8 1 -9 23 11 -15 -39 -15 13 0 1 -2 -8 2 26
-8 14 -13 -4 -21 17 18 8 -6 2 14 1 0 21 13 -5
30 -18 10 -2 0 -4 -1 -14 10 0 -19 -17 -3 -9 8 3
-2 8 -7 9 -8 39 18 3 8 9 -10 -14 -17 20 -2 3
6 12 -6 -10 -20 -12 3 -12 19 3 23 18 -11 6 -1 -1
9 -11 -12 -12 -22 13 -9 10 -19 1 26 2 9 -5 7 -10
-7 -8 4 -10 12 -2 -13 15 2 20 1 -7 -10 12 8 -8
-20 -10 42 -4 20 19 -1 -11 -14 26 2 -15 4 6 -8 4
-4 -23 -27 1 5 -18 -20 -7 16 -23 -17 9 14 -20 -4 5
6 -2 4 -16 -3 12 18 0 -12 32 -9 -5 -6 -7 -16 5
-8 8 1 -8 -2 5 18 -18 -1 -13 5 -25 7 -8 -6 -8
9 18 -22 7 15 -25 12 -34 4 7 -7 28 20 11 -2 -10
29 -11 20 22 10 7 4 24 18 -5 -3 1 3 -13 13 5
5 -32 -4 6 28 -17 -18 -3 0 25 -2 -21 -6 -4 7 9
4 8 -12 -7 -29 -24 15 -16 2 6 7 -8 -18 -11 13 9
-15 -16 -10 11 5 10 -24 -20 18 -14 -7 2 2 25 1 -40
8 -3 13 -9 -22 15 10 13 3 5 15 19 8 11 -10 -21
18 -14 6 4 -2 -4 -25 -1 -5 -14 11 -25 1 7 13 -20
11 24 -19 -32 -10 0 5 28 12 -5 -1 -9 -8 2 -2 -17
3 -12 16 4 17 8 11 6 -9 16 6 -12 17 -27 6 12
-2 12 -12 -8 -23 16 3 2 -26 -25 13 -4 10 12 -16 14
-14 -2 -2 3 -1 -3 -5 16 1 13 26 2 -2 2 1 -1
-10 17 -8 -6 -7 -6 -20 8 -5 -26 -5 -33 -18 -8 18 -7
