-34 -19 3 -5 17 -14 -3 -18 -12 -38 -18 -13 -18 -15 -10 1
3 -27 -14 8 13 -1 3 21 16 5 -8 25 11 13 -11 13
6 -5 6 6 12 32 20 26 -14 -7 -15 11 32 10 6 41
-9 -7 8 23 2 4 0 15 2 -1 25 7 -10 8 10 12
8 8 -7 8 -2 18 -24 -2 -5 -11 -11 -1 19 6 -1 -17
26 16 0 6 11 -16 -6 14 5 16 22 7 11 -1 10 -14
8 7 -22 19 2 0 21 26 10 41 6 31 8 -12 -5 -2
3 28 18 31 13 40 15 16 30 -7 5 10 23 22 43 35
7 5 1 8 10 -4 -21 -3 -13 -26 -17 -10 -2 -21 7 13
-32 -25 -3 -24 -15 0 -25 -41 -11 -6 -11 -8 1 -1 -24 -18
30 18 -8 7 -13 15 -4 6 -20 34 -14 1 -10 6 -23 -13
18 4 -3 -22 -11 -23 -18 -17 11 2 6 15 -24 -5 -25 -9
9 17 22 -5 37 16 25 22 30 17 20 8 18 26 60 15
13 19 3 -5 38 5 -6 13 10 -5 12 17 7 22 4 -4
50 19 22 7 32 6 16 2 17 -12 -1 0 29 27 27 13
-25 -23 -11 -4 -24 7 -35 -34 -13 -23 0 -2 -9 -38 -11 -9
33 17 12 17 21 27 14 3 20 10 14 6 11 24 -28 11
34 -23 -11 -2 -4 17 -2 8 -7 32 -9 -6 6 -17 -10 1
8 2 14 -3 -2 -3 6 13 31 15 32 15 14 -8 20 11
1 30 -1 -1 5 8 35 22 18 -6 12 6 19 28 26 5
-2 -27 -13 2 -31 0 -13 -12 9 9 -27 -18 -10 -11 5 -17
-19 -14 2 0 -8 3 24 -7 -1 -13 -11 -8 15 13 2 4
29 17 -13 -7 9 0 13 21 23 -13 34 15 -5 19 5 24
2 -13 2 -2 -22 0 -42 -24 0 -8 -15 -2 -19 -9 -16 -29
-2 1 -9 -18 -34 -25 -49 -21 -50 1 -44 -53 -12 -33 -28 -19
43 28 21 7 -9 -12 -2 11 1 0 10 5 15 1 12 -2
-29 -34 -19 -2 -6 -2 -33 -28 -21 -30 -32 -26 -24 -15 -15 -3
-5 -9 13 -11 -23 -27 -39 -30 -11 -34 -7 -21 -34 -13 -6 -8
20 38 -11 -5 30 8 1 22 32 -21 -15 5 -9 36 18 8
25 -29 8 -45 -15 -2 -29 -5 -1 -1 11 22 -17 -36 -19 -40
6 4 19 4 1 -16 16 -6 6 -3 13 -9 8 14 -4 21
8 -2 16 -6 9 10 -12 19 2 -6 -20 2 3 -15 -12 -29
-28 16 7 -5 17 11 20 -1 15 2 32 -3 35 25 3 7
-14 2 -19 -7 16 26 15 -10 3 14 7 -9 -14 1 25 23
-5 -50 -34 3 -37 -12 -23 -8 -23 -11 -19 -61 -21 -52 -32 -18
23 6 19 0 17 37 33 41 23 -1 18 35 15 4 -3 24
38 28 4 17 14 16 6 8 -6 9 -13 21 16 7 8 -6
4 1 7 17 -2 -2 11 15 24 28 -1 16 16 7 12 18
11 13 -14 0 0 -3 -21 -16 -15 -13 -4 -18 -7 -13 -2 4
-12 -19 -7 -18 -20 6 -10 6 -4 3 -11 -12 -14 -10 6 -17
2 5 24 -22 8 -14 -15 4 3 -3 37 6 -8 3 -4 -8
4 2 -12 4 1 -11 -2 -8 16 -15 -3 -23 5 2 -6 -12
8 15 -21 -12 -10 5 1 -12 0 -19 -12 -27 16 -8 13 -10
-22 -24 -13 -5 -12 -13 4 -29 3 20 5 3 -5 13 34 -8
-12 -5 -10 -7 7 -34 -25 -41 12 2 -22 -18 -16 12 -2 -3
-23 -8 2 8 -8 -10 19 -13 22 1 12 -33 -15 -14 -6 13
-24 14 -2 -6 17 -23 13 -2 -15 -8 23 -19 -24 -11 -9 14
-10 -37 -17 -7 -2 -9 -28 -19 -4 7 12 -16 -13 -30 -19 -28
-1 -11 -9 -27 8 -5 0 -40 6 -8 -18 -7 5 -22 -13 -17
3 10 27 1 -16 -9 -7 8 5 22 44 4 12 6 13 -4
36 8 25 15 9 10 -3 7 -6 17 16 -1 19 13 3 -6
3 -1 17 2 11 -2 13 7 30 12 7 -31 -12 7 19 23
8 11 23 7 -15 13 17 17 -27 -21 -23 -27 5 -29 -21 -2
-6 -19 -44 -5 -26 -6 -28 -9 -26 -15 -23 8 -16 -1 3 4
22 0 9 -9 37 -10 -18 19 0 21 28 9 -4 -6 5 -10
-7 -28 5 -17 -29 4 -40 -14 -20 -17 8 -12 -21 -28 20 3
-11 27 -1 -11 29 10 15 10 -12 -19 -19 8 7 9 1 16
4 -16 11 -28 -18 5 -19 0 -33 -15 -2 1 -33 -3 -22 -30
-22 -13 -8 4 3 -18 9 -11 30 18 19 19 0 -11 15 -1
-18 1 -21 0 -30 10 -16 -24 -28 -18 9 -15 -17 -3 -20 -16
32 0 12 13 18 20 15 5 5 -8 -7 15 13 7 18 3
-13 -17 -20 1 18 -2 6 -8 32 29 17 -4 -3 -11 8 7
28 -24 -10 -1 -2 13 -11 -5 7 -25 -16 21 -9 2 2 -6
12 8 9 -7 1 -3 4 -2 10 39 32 20 -5 36 -12 -8
