-17 -23 -7 -19 -35 -25 -35 -60 -21 -19 -15 -29 -38 -39 -41 -22
2 -24 5 -9 9 24 32 -14 -1 -7 -15 10 17 14 10 -6
-4 20 10 2 5 -19 14 8 5 28 16 19 17 -4 10 8
4 17 10 2 7 18 6 23 0 37 15 19 41 9 7 -8
-8 -22 -8 -28 8 -11 6 -15 -40 -5 -20 1 -40 9 -6 -8
4 20 -1 19 41 4 7 14 27 11 6 32 23 -7 19 -9
12 12 13 30 26 14 4 5 38 3 19 14 21 -8 9 1
54 48 3 52 42 28 3 30 36 46 42 48 14 34 31 18
-34 -20 28 -8 -9 -41 20 -24 -20 -7 -32 -24 -18 -23 -5 2
-2 17 -17 -15 -39 -2 -29 -25 -8 -16 -30 -7 -14 -31 -37 -40
12 2 -12 -4 12 -10 28 5 -39 -9 -17 -8 7 -36 -6 22
7 -14 1 -29 16 18 -6 -10 -1 -21 -31 -10 -6 6 -4 -35
11 1 45 9 21 25 46 58 66 33 40 51 20 32 26 27
8 12 14 7 16 -13 0 17 -2 -15 0 22 11 -5 2 -6
18 11 4 22 48 35 32 24 8 6 37 40 26 25 32 11
-20 -38 0 -15 -18 -28 -18 -23 -38 -54 -34 -17 -43 -25 -21 -29
15 19 -11 8 14 19 35 39 4 -4 15 27 13 5 23 59
-2 -11 -6 0 16 2 0 -22 -4 -28 -16 11 -23 -3 -36 -21
19 -13 17 31 18 9 28 27 49 11 32 21 25 34 34 16
2 8 37 7 27 31 22 29 61 28 39 17 34 22 55 33
-17 3 -4 -21 -27 -30 -31 -17 -10 13 -28 -25 -13 4 -15 -35
7 30 -13 5 -16 1 1 14 28 10 5 2 10 -26 18 10
34 23 15 -5 18 3 1 3 14 4 -6 14 35 7 28 -5
10 -10 -6 -6 3 -12 -20 -5 -27 -25 -26 -24 -20 -8 -15 -42
-28 -47 -35 -36 -42 -45 -7 -45 -37 -13 -42 -25 -26 -45 -45 -29
27 20 25 8 7 11 26 10 -20 20 15 38 35 17 21 3
-39 -28 -37 -48 -37 -21 -28 -15 -4 -4 -39 -22 -30 -33 -30 -17
-24 -17 -10 -31 -21 -22 -36 -23 -35 -14 -31 -10 7 -26 -25 -44
-10 23 36 8 26 -8 -2 -7 18 25 -6 23 -3 25 16 18
-22 -9 -13 -25 -34 -22 -10 -7 -9 -27 -11 -9 -11 -39 -25 -10
9 -3 18 2 1 25 14 20 7 4 21 17 -4 34 5 23
-26 -21 -6 -24 2 -23 8 -36 -10 -24 -24 -29 -5 -41 -7 4
24 33 5 36 1 28 8 7 23 -5 36 9 16 15 9 40
-2 -9 20 3 14 5 -2 8 5 17 44 7 15 18 10 28
-26 -52 -23 -48 -41 -47 -16 -47 -38 -28 -35 -46 -46 -22 -58 -34
13 24 6 18 50 36 27 28 31 13 58 21 17 6 44 21
25 23 6 21 26 38 -12 -15 11 16 45 22 -13 32 10 21
4 26 5 48 19 4 12 16 29 9 36 20 34 23 33 25
-1 -10 4 12 -7 -1 -7 -46 -4 -22 2 -14 -16 -9 -21 -3
-15 -15 -5 -14 11 -4 -36 -18 -26 -5 28 -26 10 -8 -28 -10
10 -6 10 5 24 -5 -20 5 -7 -1 10 -1 0 -8 -18 11
-5 18 -11 16 5 -1 9 15 3 15 -11 5 15 6 7 20
-6 14 3 21 17 -3 13 10 9 11 -6 -21 -5 3 -3 -24
-3 -6 -33 8 -16 -7 -18 -15 -5 -20 16 -13 -4 -1 -7 -12
-2 -33 -1 3 -10 9 -39 -15 0 -12 19 -23 -27 -9 -12 -2
-3 -6 -11 9 -23 -18 0 -15 11 3 17 -12 -13 -28 -18 -34
3 -22 -24 -16 -9 -17 -8 14 0 -4 -12 11 -10 -4 -9 -14
-26 -21 -30 -24 -29 -28 -11 -27 -32 -60 -13 -41 -36 -32 -47 -16
-28 -14 11 -22 -30 18 -23 -16 -17 -23 -9 -13 -19 -32 -34 -24
26 22 -5 31 -5 -13 -1 36 -8 15 0 14 28 11 12 25
21 9 20 -5 12 1 17 11 4 20 24 11 -5 13 14 21
1 6 12 11 -8 21 29 24 3 20 -1 32 9 0 29 3
3 -19 -13 -25 0 -23 -5 -11 -39 -16 0 -37 -35 -18 -15 1
-23 22 -21 -19 -14 -25 -39 -16 -2 -11 -48 -41 -3 -8 -13 -17
-13 -2 17 -17 19 1 -19 -20 6 -38 6 -11 -22 -17 -40 -8
-9 -22 -19 -24 -29 -30 -8 -7 -23 -12 -30 -8 -9 -9 -33 -35
-5 -5 5 15 23 9 10 9 20 15 21 28 -5 -5 28 46
-22 -17 -4 -38 -34 -27 -47 -14 -39 -49 -29 -42 -48 -15 -28 -9
-25 15 9 6 13 -6 -21 -18 22 4 12 16 -11 -17 0 -7
-19 -14 -38 -12 -20 -36 -37 -8 -8 -37 -54 -12 -25 -18 -28 -18
0 13 30 -1 23 16 34 50 30 19 -7 17 3 18 40 -5
4 -11 7 4 14 -6 30 13 10 7 17 6 9 26 19 2
-27 -13 -3 6 25 1 -5 -5 -2 -12 -16 -8 -2 -16 -11 -5
22 41 13 26 20 13 -11 39 22 -8 17 32 36 37 36 24
