-69 11 -3 76 -119 56 125 55 82 -84 -28 62 -93 -77 108 102 -108 -82 55 86 -84 31 88 23 9 72 39 -94 -73 -8 17 -70 -83 -66 47 -59 -109 89 11 -6 125 -56 86 82 63 -107 -63 46 -16 114 -30 117 -79 -44 95 79 44 -17 68 62 74 -94 42 24 118 -45 -80 111 40 15 111 4 -23 -38 -112 -48 5 98 -21 60 -105 53 0 70 -3 98 46 28 -7 -56 61 89 113 115 102 64 -103 -112 97 49 -82 -126 34 -116 -37 69 125 85 -4 -125 76 93 58 -57 10 125 -86 85 26 -109 86 -77 -86 9 -59 -126 -8 -70
46 -44 -15 -116 -30 -51 -9 1 -58 -125 53 -85 67 68 30 -65 9 -78 -37 -74 113 93 -96 -39 88 69 -13 55 117 -54 80 -123 75 -22 92 56 46 -47 -113 50 -13 -3 43 80 26 35 98 66 119 -68 -6 -87 81 -27 114 38 -90 52 -66 -112 -104 -70 43 -4 108 -45 123 -19 -99 -64 63 43 23 -42 -8 -54 -18 117 -68 66 -25 -68 47 -74 13 56 89 5 -75 -20 -102 67 47 -31 125 85 50 49 -33 -89 23 64 -43 -127 35 -92 36 -82 46 74 12 -112 53 -96 89 -92 -113 57 -23 49 117 -64 -60 -30 -40 -90 103 100
-64 -55 -62 -51 -52 -85 60 86 59 -72 67 -3 13 17 57 -83 -92 -46 -32 -83 84 -101 -47 -98 -46 -15 115 -3 24 -35 -117 9 -31 -73 -32 45 0 117 -29 -53 -40 -86 97 96 100 15 -78 105 -110 -120 66 90 106 102 -116 10 -105 25 41 80 -16 -11 44 6 -35 76 -81 85 103 108 57 122 -4 65 -80 37 -44 12 76 13 -65 119 -47 -53 55 49 81 61 -4 1 95 -103 109 -11 -122 79 75 -115 111 -124 50 31 67 -83 110 -56 -45 -90 65 -44 -105 -105 -33 117 -104 -21 111 110 -114 7 85 63 65 -17 -45 -64 -25 -21
22 116 81 112 -73 62 76 61 -108 -67 72 12 16 -22 -125 67 108 -49 60 96 -25 27 62 -41 127 58 115 5 -37 -86 -118 -87 -17 24 7 -69 66 -84 -59 58 -68 41 48 -34 -127 -113 14 34 -43 -27 112 108 -104 -90 -30 -108 -41 64 -93 86 -11 -33 -88 119 -115 56 -85 77 46 -91 67 40 19 108 75 95 -104 -120 -78 -112 67 -107 -2 -25 -63 -20 -56 -73 -5 8 -33 47 -2 -41 39 62 -122 22 4 -86 86 104 -104 -109 -65 84 85 -119 -1 8 -105 -109 33 66 65 -44 103 -103 -86 -13 -51 71 -96 -59 98 126 -64 -73
117 -116 37 -11 56 116 -67 95 -86 -116 -18 110 92 -56 -87 -105 10 -77 -11 -2 -70 23 -48 -66 -121 113 -67 83 9 -91 -29 -66 -106 -84 92 -97 -116 62 126 -111 10 36 -112 -67 -111 -123 88 -9 -44 -71 127 44 -74 110 -56 -80 123 -127 -93 -29 -31 101 82 -89 -65 69 -33 -73 -79 28 -65 24 -78 35 -69 -27 121 -115 127 -1 103 79 -49 24 -92 -24 -60 45 73 -18 67 127 -15 -62 -106 69 5 40 -25 -59 78 68 -109 59 -65 -83 -119 -80 32 35 87 -92 108 87 58 104 27 -90 121 75 58 2 -88 63 -49 13 107 2
-118 -67 -25 -109 15 39 -124 -7 27 -109 -19 -5 -95 68 -11 17 -54 54 -44 61 -65 6 -26 63 5 -32 33 53 -33 41 -53 65 16 -35 82 19 55 88 -73 -73 122 -116 103 35 -55 -22 -109 113 30 -70 -122 14 34 -32 -71 40 -44 34 67 4 -26 120 -66 62 -94 19 -83 -59 -125 -36 -128 75 -84 109 -34 39 -65 -119 -72 -104 103 13 13 -30 -65 123 42 118 -38 -11 77 8 44 -91 69 19 -74 -5 1 65 -98 -120 -73 5 55 -80 88 83 110 -99 111 -51 76 4 111 79 73 15 -128 -116 -91 95 98 -38 56 22 75 -24
-39 32 10 48 8 119 113 83 -34 55 -29 -28 8 30 -118 66 -85 -59 -103 -49 -98 -34 3 -10 -57 69 27 69 -79 -40 116 66 40 -94 -13 85 -79 43 56 -59 102 121 9 60 -11 63 -48 -66 20 69 -24 -27 -34 -20 93 -67 -123 -56 12 122 -94 27 -11 -8 -59 -68 109 86 -101 -32 -74 102 -50 -68 -9 98 -94 -53 -72 -85 -37 -11 -75 37 34 -87 -98 113 -3 69 68 -26 -116 -59 -94 -58 25 -33 82 -44 -22 -20 99 89 19 55 -2 27 -40 -32 -34 -109 -77 -106 112 -116 23 -124 -60 -78 37 103 27 -104 -39 85 -66 -13
118 -23 -91 82 57 -62 -117 31 -52 -39 110 97 12 66 117 -10 -1 -96 83 -22 -56 35 -12 124 67 121 57 54 109 -71 30 -10 -48 -37 -78 -126 36 -58 110 11 -1 95 108 117 36 -114 -20 109 18 -43 -29 18 -84 -18 -126 -86 -106 75 -41 -115 6 -105 -89 17 116 123 -100 -66 -25 8 -10 100 -70 10 33 -19 73 -1 8 -74 -63 107 77 9 120 -59 -99 -45 116 -22 -93 -75 -26 1 27 19 99 -98 37 -54 -122 101 -58 110 54 -87 -83 123 -82 69 69 24 31 124 -51 5 -31 -51 104 21 -23 -82 11 102 12 -50 8 31
57 -12 39 -29 -86 123 -75 18 50 -27 -122 -43 49 -123 -5 -96 -25 -64 -86 -3 18 -55 -78 -46 46 42 -116 30 22 110 66 -82 51 5 -47 -99 -35 -33 -108 52 123 104 -93 40 91 5 47 19 14 112 32 -79 -108 -79 57 112 -38 -71 86 -19 -104 69 -87 -2 -78 -120 -73 61 104 126 39 118 7 16 11 -126 -119 -122 117 114 -79 101 -79 1 -41 94 -90 52 39 29 114 -65 31 -7 91 -120 -84 39 90 93 -43 -115 11 63 -74 -117 -86 -13 -31 72 -65 110 -67 -28 16 0 -61 119 23 31 48 50 -46 106 97 -95 -83 -103
60 -28 -19 8 115 32 -67 86 -24 -11 23 70 -23 38 84 -75 108 81 54 46 88 -55 11 -41 15 -103 117 -128 -103 45 35 15 -11 -31 -112 11 120 -79 79 79 110 59 36 35 83 -22 94 52 -108 121 14 34 -12 -59 -8 -63 -24 -8 95 73 -31 17 -124 36 -2 108 -114 90 -103 0 -38 -103 -51 35 -9 -17 49 -120 -19 -24 -80 -115 14 -71 86 -10 61 58 80 56 90 35 0 -67 -97 -68 -117 -88 -67 4 -108 56 63 120 61 -34 -13 101 -93 83 -12 -53 14 -15 -38 -46 106 -70 -64 -119 69 -31 -114 -14 -37 2 119 -128
105 -54 -3 0 104 -64 3 -96 -27 73 -93 85 21 95 -72 -53 -75 -39 28 37 46 -84 -19 34 27 6 68 -93 87 99 100 -118 15 2 96 85 -107 -98 23 3 -53 36 98 34 -50 -20 93 47 -1 -21 38 65 -107 77 -11 -40 -33 109 -18 96 107 114 85 53 -14 -118 127 49 -34 4 -11 -80 -87 -37 0 59 -102 -70 100 123 -98 30 126 39 43 -10 -23 40 -126 -97 -62 76 34 124 -62 -120 86 -27 120 121 99 58 74 -71 113 -122 103 -74 35 -8 -82 16 -61 80 -76 33 -47 -72 -16 -125 72 -49 -96 -16 74 -116 -87 -14
28 -101 60 25 103 -42 84 112 104 -60 -106 -53 10 -24 -4 49 -9 -62 -38 63 -120 -51 53 107 117 -103 -58 75 42 17 -117 31 112 17 -37 -110 -66 -1 -122 -121 -38 109 13 53 -22 -28 -22 -32 75 -19 30 -60 -45 19 59 82 -50 -76 -115 -87 -95 -54 50 -101 -37 63 100 24 57 -41 -77 93 -68 101 75 36 48 -109 68 -118 120 -23 -89 59 30 103 -32 -10 126 -7 -40 11 56 40 -57 43 90 109 -92 34 95 21 -127 -87 -13 -17 -96 -2 121 -1 90 -103 -116 -40 93 49 108 -21 -75 -66 68 -19 -29 -95 -39 83 14 53
-92 -35 -92 -71 -69 -51 -123 87 -66 6 30 -10 65 6 15 30 27 -68 8 -49 -97 -14 36 -74 50 72 85 -50 61 -85 -67 -13 -2 117 -8 -100 -73 -80 44 -85 -90 105 -25 92 47 96 69 -77 4 -5 100 27 -84 113 20 -11 37 48 -3 -116 -67 -73 79 70 35 -106 50 -33 40 54 81 37 40 -55 78 -79 111 -22 -64 92 -63 94 88 -65 35 99 78 55 126 6 -92 -75 -43 -22 79 119 -66 -98 71 122 -51 45 117 -116 52 45 -103 58 -29 -78 28 8 66 -85 -115 -124 93 -70 -123 -34 -117 -47 -27 51 91 -117 -29 -6
-82 71 -101 -9 12 104 8 -53 59 -28 -105 73 -107 9 87 -89 -84 127 82 99 -107 -27 -23 -86 -76 -81 6 -26 -72 5 -40 -68 97 -102 109 106 48 14 -34 -7 -108 -23 -23 -41 117 51 61 41 8 107 -106 73 -117 -9 41 -115 57 -33 39 -70 -54 -125 78 -98 95 -7 118 53 -17 -34 -30 -58 25 13 56 80 89 74 32 71 29 37 27 42 -54 -30 -126 -59 -87 10 -13 28 65 -122 -106 12 23 -44 -124 17 74 69 125 76 83 -119 -64 10 68 -124 17 -43 26 -54 -46 -96 114 11 63 -90 5 -39 33 -47 -83 -115 -126 -32
37 -124 42 126 99 -90 94 119 76 25 -25 -84 67 29 -24 -2 -31 5 -106 -121 -36 13 2 8 20 61 -93 -35 -20 7 93 89 -33 -90 63 -11 -58 96 106 87 -76 -71 21 57 -114 -107 19 -49 -92 -4 61 -116 -3 -23 -115 77 25 42 65 -19 59 84 94 -20 -88 -43 21 -99 -125 123 61 -61 64 -30 3 -5 -33 -27 -119 -69 -23 57 54 -72 91 12 -58 -56 -13 48 12 -85 115 67 12 56 -59 28 50 22 70 -103 -24 -115 3 127 -2 88 -87 -100 122 -54 -75 -67 -66 -91 80 -20 66 -19 19 83 22 57 86 -8 117 -6
86 -72 97 -99 72 -95 -115 -114 6 2 33 -89 -6 -108 121 34 85 111 -3 -45 -30 -122 95 -117 84 108 69 -74 27 -38 123 -53 -41 -116 -75 30 84 51 -36 36 -2 89 -16 -23 -102 -74 -104 -37 -52 -113 74 39 4 24 26 -59 -60 98 79 9 -116 95 -33 -111 7 -94 30 3 -69 -48 -44 -74 -123 2 40 -128 79 82 -96 4 87 -26 -75 62 -88 68 -100 -73 115 98 -103 -51 45 54 -69 71 -33 -1 -110 -77 -49 22 -19 -35 -31 29 -69 88 -82 56 17 -84 -85 58 -42 99 -14 89 -84 -126 -105 121 -20 -27 -50 -13 -80 81
20 -100 -76 -64 -95 -40 22 -8 -8 16 50 40 31 12 -64 86 12 114 -32 97 -39 60 114 -83 9 -30 63 -25 -81 127 -71 -48 87 -46 97 111 41 99 -57 122 51 -5 -74 5 -87 117 -87 115 -100 -112 -116 -102 -16 -14 21 -57 -127 -45 56 100 -46 -36 15 56 -86 -17 -1 92 -12 -111 -73 53 4 -52 -70 -96 -121 127 -25 -114 -3 4 66 57 114 80 -109 -40 -53 22 34 82 -106 -123 106 -17 73 15 -57 45 96 126 60 97 80 25 -62 -18 -7 -101 35 46 -127 13 -32 -98 -8 -94 -27 72 92 67 120 100 125 -62 -82 120
115 98 0 19 -7 74 -109 -103 77 56 -34 -46 -67 -57 -114 -86 -44 -53 125 41 -31 -11 -29 -92 27 -6 105 -59 -7 -111 39 101 63 -92 20 124 21 98 -30 107 127 -15 54 4 117 -119 8 -114 -70 73 -11 51 -101 21 -27 -21 106 -119 112 53 -1 69 13 -117 -97 -82 -31 -124 -110 117 75 67 -103 10 -2 78 -12 -33 -43 -12 -3 8 -67 -30 -28 -97 -79 68 39 -30 34 53 67 110 -128 121 -12 -76 -52 125 -15 0 -54 90 127 -99 72 -119 43 103 65 0 38 -34 -106 101 -33 -115 10 26 -5 -24 -44 72 44 13 9 44
-92 7 -33 7 56 100 96 -17 -64 86 -82 83 60 84 64 -9 -4 119 -102 -18 -118 -5 -14 7 74 67 -75 -67 -1 -14 79 122 -6 66 -100 63 124 32 -91 -82 -103 -117 -82 -42 32 27 -54 -5 -67 26 -101 -58 3 107 -116 90 119 -33 0 9 50 -45 -56 -92 -4 59 58 -83 99 24 -99 -122 -4 76 -83 -118 52 117 44 -73 60 -60 -33 -4 -126 98 -63 -70 123 6 -105 119 -114 18 -93 37 -49 103 -108 -85 125 -19 120 2 -127 -29 -72 -59 99 -58 -36 -40 123 -50 70 -82 21 -47 -128 108 -17 36 36 112 -88 61 -63 -5
-95 -15 -111 -114 32 24 -39 -95 -102 -96 -106 6 -77 -88 -127 -78 -100 -81 12 110 56 104 104 77 -113 -124 56 -29 -86 -119 -115 -44 33 42 47 67 119 83 -106 -108 84 115 127 -29 -71 113 50 -108 20 -52 83 72 127 15 -60 11 116 108 -115 -69 103 -95 -51 -29 17 -25 -116 47 112 39 85 53 119 0 -76 90 83 -104 -26 118 48 -2 -88 -24 103 -59 -101 -27 58 -78 -77 -5 -81 98 -6 -30 -73 71 56 46 -113 24 -47 80 110 -74 -80 -111 34 119 117 124 -14 -47 -7 -61 -31 90 -46 68 88 -60 -16 87 -64 28 17 -78
-72 36 -73 6 -14 92 -31 -7 -98 15 -56 37 -17 -117 -82 -82 117 57 -84 -79 63 120 -38 75 1 116 36 22 21 93 110 121 -78 1 13 -73 -31 -110 -48 9 61 -9 13 123 -78 -51 66 -64 -35 -89 -39 -12 -87 -42 -94 121 39 -81 34 -73 -25 86 50 -122 -15 -12 -54 126 -114 29 -107 -10 30 -108 -85 -109 -69 112 92 -127 -61 121 60 29 65 114 27 -99 54 -39 52 -78 -73 66 25 24 85 111 81 91 -70 -116 17 -18 -73 6 105 9 81 67 78 -65 37 -38 -13 127 -26 -91 96 -8 -38 -78 -62 41 -113 -52 58 86
82 -44 -90 14 82 -104 -25 63 66 -32 -64 54 -118 43 -78 -78 109 -79 85 121 110 37 21 112 48 13 107 98 -66 110 -76 60 -89 -76 -26 29 -58 22 -2 -7 79 14 65 -79 -40 -122 39 59 -50 -20 48 -99 -66 5 -56 115 -108 67 -78 40 -11 -19 -100 1 123 45 127 19 -115 115 18 72 -124 116 117 -57 26 -92 -8 26 -17 59 -59 -107 -45 17 -104 -45 -89 -9 100 75 -11 -23 -53 -5 -26 -48 57 49 116 -112 -9 28 106 -17 -101 -67 -26 -33 121 -114 83 56 3 104 -111 -31 -43 -70 73 127 -32 30 -62 -121 46 -113
-81 63 -57 -30 2 117 -74 62 59 77 73 47 -10 105 24 -116 53 120 -92 -8 55 -128 27 -114 -57 -2 116 -85 -116 67 30 56 -93 -51 44 -100 -90 -56 -102 97 -113 27 -94 -10 -124 117 -75 -106 66 73 -115 -27 55 10 -1 -72 -84 77 28 -117 -44 -80 -77 -90 -9 46 -7 -39 -64 -20 36 -31 75 23 5 26 -24 111 95 -128 7 33 46 -30 18 119 2 -29 -109 14 -119 -89 -128 117 100 25 -69 -30 -99 -27 -105 6 -77 54 -128 -58 59 -11 -116 -63 36 -6 125 -80 -25 45 103 54 -20 99 39 -90 107 117 126 -3 -20 70
-23 22 -122 -73 120 19 -48 -7 119 -90 9 110 44 6 43 43 -14 13 -24 -25 -106 75 0 -98 -25 -84 -31 -34 -8 95 21 125 105 112 115 48 82 22 -104 101 -117 -33 -4 -91 -109 -21 116 -71 109 -99 -32 -70 -10 117 50 33 11 -105 -8 84 -79 68 -85 -68 41 88 102 38 95 -8 105 45 87 82 -91 -21 48 -61 -93 9 -39 37 -70 -38 -15 -128 -4 71 -47 -124 -33 87 32 -76 -123 26 -39 -5 62 -106 -24 115 72 -70 -18 91 -121 46 119 -110 -97 94 48 -63 -82 105 45 59 -30 -117 -31 80 -106 29 -105 -47 -69 71
95 -31 -128 -21 -105 116 30 -33 -101 -7 -128 -113 14 38 -11 -63 -127 16 48 39 -19 -44 61 -41 60 85 -19 94 37 94 104 -76 35 124 124 32 -94 63 54 108 102 -62 78 -54 127 71 63 -25 -59 21 -34 45 -12 11 -95 90 -107 -6 -26 -23 115 -13 -95 93 -64 26 -52 -115 121 -123 14 -64 51 13 -60 -5 123 -65 -65 -113 -14 -59 -26 -116 -38 -73 48 -122 -126 -54 -31 -32 -84 58 -19 -63 -128 -106 -61 12 49 -64 124 -102 -57 76 -23 98 -8 75 37 31 61 -86 -39 74 -127 64 89 -34 -101 72 1 62 6 -65 93 -6
-75 122 66 64 88 -12 -111 -121 91 -20 -44 -52 13 -3 -42 47 -127 -23 60 43 54 -29 -2 10 82 17 -52 -77 27 67 43 -54 -76 20 -10 1 35 31 57 -28 -125 -103 126 -55 51 75 14 -52 -116 -118 82 119 68 122 -87 102 -23 -2 -22 18 28 -100 -29 -101 -70 -55 -35 -109 123 -12 103 -4 -122 12 115 -6 27 26 32 73 83 -98 78 2 -39 -77 -63 99 -106 35 -68 -59 101 -35 -95 66 57 68 35 10 75 -127 -20 70 126 -95 -120 -25 -114 -47 -32 -39 -58 43 55 -78 51 -95 101 -124 -124 -75 30 -89 30 70 46 93
-60 78 125 -35 13 -107 36 -94 109 -96 -1 89 -79 -79 -78 -21 22 7 -23 -10 90 -117 30 -89 40 -67 119 -123 -81 67 -82 29 -111 56 127 -100 87 -61 52 43 119 106 45 -15 123 29 79 -94 -10 98 -25 124 86 -60 36 99 -19 2 24 40 -108 23 -98 75 -123 61 -87 -120 69 126 -10 7 13 89 12 -23 53 -1 124 -19 74 116 -34 73 63 -15 -71 68 74 52 8 -30 30 -6 -73 -115 50 -59 100 -113 78 1 -22 74 -86 37 -108 125 -96 -23 -27 -54 -67 74 37 -32 6 119 17 61 2 -81 -34 -127 20 26 32 -105
-122 -27 -128 14 62 92 -77 -128 32 -67 -17 -39 -20 -9 23 103 29 40 -73 18 -20 123 49 -19 41 -119 97 -75 -29 8 106 -74 60 -5 -122 -32 -88 109 38 21 -48 -6 125 -46 -8 -61 73 92 -86 -39 -128 95 -94 -48 -2 99 -79 48 -93 -10 109 3 120 -118 114 -27 104 -116 24 59 84 114 93 109 21 56 56 -65 59 93 4 -38 50 -97 -57 43 71 30 118 -48 76 -32 53 50 -69 11 44 -94 113 -19 -122 -79 -24 -2 -58 -56 -29 -91 89 60 47 -66 18 -118 49 -128 -86 -80 -96 -87 -75 89 17 -53 -64 -55 27 58
-104 50 75 23 -109 -35 -61 -127 -86 46 69 -55 -65 -8 -17 -88 -59 114 108 81 42 -91 11 -113 -100 62 -13 -77 49 -111 24 65 -29 16 28 -6 -89 -10 98 -36 -79 97 -55 -79 -113 91 -128 96 14 -47 15 117 -88 40 1 110 -55 72 -10 -63 -82 103 111 -55 19 76 -73 -50 84 123 -40 37 -15 -127 -120 75 -9 -48 -52 -55 -7 -33 -66 93 33 4 -87 -113 -19 54 -113 52 88 63 87 -38 -81 77 126 123 -11 10 -19 3 -101 121 -39 -84 -107 -91 17 68 93 45 103 -115 98 -64 12 103 -80 45 41 -73 -56 46 -30 74
-30 32 73 63 30 116 -79 41 -54 28 -49 -61 -78 5 51 -69 121 -112 56 25 -60 80 -97 108 38 66 36 -46 126 -61 -20 -90 32 -80 -105 115 -46 84 -90 125 63 -128 57 72 105 -124 -53 -2 -35 102 121 -115 70 121 -11 -27 -124 -107 -69 -40 -89 15 -117 -53 -33 -34 -110 120 -128 85 -48 -117 -64 60 17 45 115 -59 16 -40 -102 -18 28 -114 -32 -85 118 -117 46 -15 95 -42 -16 -26 -90 70 -70 -82 -11 -21 127 40 -72 69 -116 -62 -18 -69 127 28 33 -6 6 40 81 87 22 8 -112 -44 -92 -89 -65 122 14 90 39 51
35 114 25 121 36 127 98 71 -11 -80 -33 -84 -59 59 -21 -101 -105 -5 -37 -73 34 29 -73 123 -34 -22 37 110 98 63 -76 1 117 75 -66 47 -99 110 116 92 60 74 27 -44 80 -85 -15 103 77 -99 22 -59 -65 88 39 31 114 -99 -120 53 -40 -59 15 46 -81 -95 -43 98 -87 -93 2 89 11 89 73 43 -52 39 102 62 -85 7 9 -42 -4 22 88 66 -110 -39 -53 -52 -51 -111 -119 50 9 19 110 8 -111 67 -106 56 1 61 -15 -86 119 80 -104 86 -17 55 83 -105 -83 -88 -49 -111 118 49 -46 -34 58 -89 8 -118
-69 -5 -72 -41 80 91 -95 29 67 53 108 15 113 -17 12 25 -99 79 -122 31 118 58 5 -6 71 -35 97 65 -21 -63 -118 33 -40 -80 120 -6 43 22 -49 -28 40 45 116 -21 -86 -96 75 25 48 -60 -9 17 119 -110 6 -23 -106 79 6 118 -84 -82 41 113 -95 -45 87 119 117 80 -70 27 87 -65 52 -26 24 99 -41 88 -33 -89 79 3 -54 -84 -63 104 -11 -114 14 120 -61 119 -28 42 52 -45 -43 44 -54 12 -73 -85 -100 -29 85 -115 97 46 -124 67 105 -18 -38 -41 38 -34 85 77 27 -10 15 -68 67 -84 -73 -49
17 116 -103 27 -21 -95 -128 71 -29 31 -117 -71 -86 -92 16 -18 106 41 -21 81 56 63 -11 125 -115 -20 47 63 -22 79 -117 18 93 -24 53 127 -110 -97 -26 -46 -6 22 19 10 127 57 61 54 -80 122 -67 -124 22 -123 -39 -41 -21 -13 -48 -45 -94 -43 107 111 -3 39 -76 -19 120 -20 -12 104 8 -62 -45 -12 -110 21 -28 42 72 -45 -3 1 -93 -21 7 -85 -127 -58 -71 82 -94 116 -47 -79 -85 -28 21 85 -118 -93 -4 -92 -26 17 -95 69 50 -118 -96 43 -98 -109 -11 22 111 94 -29 118 122 -78 123 -110 -73 -108 -23 -123
7 -116 -84 119 -89 -25 -2 -65 -123 14 25 25 -15 -18 55 1 33 -127 69 51 124 -106 21 -8 50 -71 37 -46 -119 66 113 -40 -49 109 -90 47 27 28 62 89 -94 -101 -78 28 -80 -76 -54 -9 11 62 1 -81 39 -103 -9 104 -58 50 14 -56 108 -35 115 -61 115 65 23 56 60 107 19 -6 90 126 -93 69 -1 108 -121 -8 -5 17 108 -70 77 -97 62 3 60 -30 -33 42 1 -67 20 7 -90 66 105 69 -117 -85 13 -100 116 65 -22 1 -31 113 -79 -75 -116 -79 -71 108 -12 -82 3 -14 -125 7 44 18 66 62 -51 -37
116 72 -75 19 -101 -73 -101 -32 -119 -42 26 -9 -95 62 -86 107 59 123 79 -121 -111 -69 83 -40 39 35 3 -67 -17 -114 -44 36 -14 45 -70 -41 61 -72 -8 124 98 16 97 127 -122 101 87 56 51 -61 79 97 48 39 -44 72 -127 -22 2 119 68 50 105 -112 117 -109 33 -36 -20 -4 -70 -118 43 31 5 47 52 -15 -41 -26 -26 -110 -103 19 71 -49 74 -69 -90 -113 119 51 30 -86 50 -27 107 -42 -65 -112 111 62 -45 59 67 103 68 45 108 -4 -96 11 97 105 37 -41 -2 -125 -101 -59 -46 85 45 80 78 -86 -92 100
-24 -6 -50 101 -27 -54 -49 117 -9 55 -62 -59 -27 -42 113 -113 -18 64 61 85 -2 110 -80 -30 56 -22 126 -37 -6 -90 -64 3 50 -58 10 -19 -45 -43 -59 18 -122 -49 -33 11 84 76 117 -2 -66 -60 -18 -62 25 51 -38 -57 -11 52 -68 13 -18 -117 -34 22 -110 42 97 -41 33 73 -36 -15 -90 -50 -125 -124 42 -30 38 -12 4 -2 43 92 -3 19 23 34 100 -110 -75 43 -82 -62 -5 -92 -40 -118 13 -119 -125 -122 -21 -109 -43 85 29 71 104 98 53 110 6 -111 86 -48 -68 85 36 69 36 -77 59 44 41 -75 -68 -55
101 -90 87 -50 98 113 30 12 60 115 82 82 -87 -41 -71 -32 10 -58 -105 -94 6 44 -36 113 -105 15 7 81 95 -76 -12 66 -10 19 -49 108 -14 -86 -20 -116 28 77 -114 79 -110 -112 58 11 -34 120 104 -99 3 -76 47 15 -4 53 15 58 75 -8 -75 -67 -126 48 119 72 -73 125 113 61 -85 -100 42 -120 76 3 90 65 26 -86 -57 -30 -16 -39 -42 96 42 -121 -101 31 27 82 -58 104 -73 -18 99 -22 -2 22 -54 104 -2 -1 -98 30 11 76 -3 92 63 -8 58 -40 93 79 33 -55 -28 -50 -115 73 9 109 0 -37
75 -30 30 -100 -36 -102 30 -102 119 -52 -113 -105 -100 72 -44 -12 32 113 68 -117 -54 -118 -30 -59 -14 -116 9 109 32 77 -2 115 -108 38 -9 32 -3 -126 -116 59 -21 -81 49 -101 127 125 -42 -27 12 114 10 47 77 126 3 -67 -11 33 88 10 118 -6 79 -65 36 -5 52 -68 103 23 -22 37 48 48 21 95 -44 67 24 -49 59 28 59 30 -83 12 53 -17 -59 38 -63 -94 59 -35 -104 -123 -96 64 -102 -30 -102 116 78 -1 43 94 57 -28 57 70 -61 -41 -128 122 55 -104 -45 -111 13 -47 111 105 103 -9 81 35 -44 -41
-85 99 -113 -80 100 8 74 60 -8 -127 43 -31 124 -4 84 -23 -54 116 49 -119 86 98 -48 52 -59 65 115 -127 118 -36 97 -1 -104 95 31 43 31 108 -112 -60 33 -81 -120 -25 -127 -117 -117 -27 -3 -54 56 1 -125 81 -121 -17 -82 -25 -117 -81 -23 -76 -50 -91 110 65 16 -110 127 -28 -77 -111 -8 -120 -111 118 -91 1 127 15 82 -64 -26 28 -20 79 99 108 15 -83 39 55 37 -86 -95 -35 -11 16 60 118 -117 53 -41 25 53 67 84 -36 -46 52 -12 -36 124 27 67 -52 -24 -64 19 25 110 1 -27 -56 109 18 -9 -120
-63 84 118 106 -85 30 27 67 59 94 48 51 81 84 113 67 -23 26 -41 -54 9 76 -10 -107 14 121 48 -87 26 -102 -19 -16 -51 -97 104 41 -6 11 -112 -37 -87 101 75 63 0 66 -12 -29 -28 110 8 102 -104 -122 -112 -66 -106 -20 -113 -118 -15 79 -124 -73 77 -96 71 -117 61 44 -34 -125 -15 63 77 98 39 -73 65 -73 -7 9 18 -74 -50 -64 116 30 92 100 -25 -65 66 111 94 53 55 80 -115 90 -94 -110 -50 87 94 -83 21 119 -100 77 86 -38 -104 108 114 -75 -29 -23 -4 62 32 -59 -82 -23 4 85 -102 71
-60 114 -29 93 53 67 15 13 -30 89 -111 52 14 48 -119 -31 67 -122 -62 4 -109 11 -116 102 40 127 -16 101 80 74 64 69 -59 -39 45 -113 72 -69 -72 91 37 78 6 88 98 89 -123 -25 82 11 -121 -43 20 55 107 111 -74 -94 75 71 -35 109 -14 -20 77 76 124 -101 -12 23 -81 115 -45 -61 -36 -37 -90 39 55 -119 -115 -29 -82 113 108 -106 117 46 -77 100 9 -77 -59 -53 -48 -110 0 98 -81 112 31 86 99 -87 17 98 50 114 -97 67 -19 4 77 -108 88 103 42 66 -26 -105 -41 108 -38 -32 85 -92 -34 -4
73 78 -15 26 -16 -68 30 -50 71 -89 -113 105 55 10 -59 107 -80 107 -18 -53 -77 39 -10 -11 1 -119 -10 57 43 -30 60 48 -8 -77 52 -7 -18 22 -48 -19 26 55 56 -12 112 16 95 87 82 9 -91 126 32 -62 -41 47 -67 -12 -49 92 18 -14 29 -40 -81 31 -44 -107 109 48 -94 120 -55 76 -66 -78 -111 -24 56 53 61 117 126 -75 -64 65 -80 60 101 89 -114 126 -36 116 -15 21 0 -62 -71 105 120 37 104 -3 75 48 -16 -8 -12 -85 104 -9 70 122 7 46 103 19 41 102 -8 2 84 -68 -105 -99 83 -115
107 8 83 22 29 -27 52 -82 -99 -51 -66 126 -119 52 -22 -93 -117 -26 115 -82 69 100 -121 66 -87 -30 -110 89 -34 62 -59 54 54 45 -89 3 6 -82 -90 79 -55 77 94 123 -93 82 26 88 -23 64 24 -60 60 -5 -6 11 31 109 25 52 33 -121 118 76 62 20 -105 -98 -79 -43 83 -115 53 98 -56 -26 13 -81 93 2 -88 -92 54 -80 -69 -80 -30 31 -36 -63 39 71 -106 -123 118 -120 9 85 -97 127 16 63 -32 -73 24 28 -8 92 116 -27 -128 -119 87 -24 -68 5 10 -108 63 -11 -112 17 -7 -17 103 26 88 -98
36 41 -38 -14 -61 50 -123 97 -114 -19 26 51 34 19 66 56 -33 117 -14 -36 124 -52 100 93 99 62 5 84 28 55 -94 108 98 36 -52 68 36 23 115 -77 -13 25 -93 -121 108 103 121 84 -41 -97 -27 68 64 63 32 -121 -78 -84 4 -96 12 7 -103 -32 66 121 87 64 22 -9 25 -59 57 45 -85 -108 -83 -92 -111 -110 -69 -6 53 121 38 -21 -39 100 102 29 39 92 -48 -111 -115 26 6 35 42 -109 89 88 -48 73 77 -88 -96 -32 76 -20 93 116 -59 30 61 -108 -32 -42 52 24 -40 108 -35 -38 42 123 83 -78
106 61 -7 -52 70 49 -36 70 -42 98 -63 2 -9 99 51 -74 -119 34 61 67 -25 70 -122 -7 -54 52 124 -63 -85 -106 -44 -47 -89 69 3 85 -104 -22 -106 -3 28 -21 -102 101 -48 -116 -98 -72 -28 -127 -49 -94 -51 17 15 -71 7 125 -5 -26 -46 48 25 -56 90 13 -58 64 101 5 -55 -7 121 94 50 -11 112 59 -40 17 94 -33 -97 126 -89 82 -87 23 -106 70 -99 76 -30 30 -74 122 62 -24 -5 39 -86 37 -34 21 96 -79 -123 -26 7 58 -122 -75 -106 -54 -60 112 -100 -87 1 108 -80 27 -117 123 -50 -39 -91 -34
-36 -8 -57 71 39 -105 39 105 -61 -102 84 -98 117 -24 -56 -71 19 100 -113 -34 109 120 -124 105 54 -55 -109 100 110 -118 -38 120 116 -74 77 95 60 33 61 70 43 104 -75 -71 49 124 10 -55 96 98 112 15 -52 -80 -49 -120 -113 -71 -24 66 -62 19 -45 -113 -42 111 94 104 -28 -105 -126 38 67 -17 88 100 -42 80 58 -122 -106 -67 89 102 103 -108 -93 -45 75 116 -126 72 4 107 80 -61 -34 34 70 -62 -40 -125 -65 49 -64 -48 6 55 -101 1 72 -26 25 -115 117 117 52 -20 -2 76 99 68 -43 90 100 112 34 111
115 -37 3 96 122 80 -64 79 86 -34 -3 12 -33 -62 113 86 42 -32 107 86 -3 -92 -125 58 -78 44 -77 74 57 -27 -91 -2 13 58 38 100 43 10 17 71 -105 94 -24 89 94 80 114 -51 35 -69 97 -16 65 31 -27 93 -109 -51 26 -71 -6 -22 -128 -27 -57 -49 46 -17 60 -1 -10 -103 19 -8 29 68 -62 -117 59 4 57 117 18 57 66 29 -25 107 87 21 -78 21 -85 -23 -74 -78 116 5 59 -2 -128 93 -109 -126 121 54 -51 -64 58 91 73 -54 -66 -111 59 -33 -46 -128 97 -84 -99 52 125 -83 -105 12 -114 -75
-31 -43 -65 -71 -90 -115 -76 -86 -76 26 79 125 77 78 111 98 117 -121 80 -23 -122 80 40 26 114 -25 36 -79 -10 -9 87 89 -125 -48 -29 107 98 -33 38 70 -128 -109 -35 63 4 -119 26 2 63 -126 -38 79 -62 17 87 -57 -56 -48 52 13 -35 47 12 -116 -26 -9 46 -60 94 -9 93 -76 -64 37 -119 -66 -123 -48 -79 86 -126 -99 43 -111 -111 44 -1 -99 -89 -66 105 -57 126 62 119 31 -72 -126 19 -18 114 -10 -27 -23 0 72 -84 3 -85 -127 -11 37 84 -23 111 -63 116 47 29 -6 -72 -15 -1 -75 102 -52 -99 5
87 -52 -56 67 48 104 -3 95 -22 119 51 -2 -66 -54 40 -127 -97 6 -123 -64 68 106 -116 44 -93 33 -5 81 -55 72 9 -35 101 101 86 -42 76 112 64 58 -123 79 63 -82 101 100 -17 -109 -61 112 -70 26 11 -64 -59 -49 -26 103 -16 -114 -10 -67 -29 84 83 57 48 -30 72 -70 77 -30 -58 5 -6 -101 -1 -5 -27 -43 15 126 55 49 -45 -84 9 8 112 -39 -68 -9 23 18 -7 38 13 83 21 121 19 111 42 -38 -125 64 -91 69 -86 114 75 -128 -112 17 -47 -69 -100 34 -43 122 -35 108 -82 18 -85 110 -7 -122
108 -26 -11 -56 -116 51 -109 26 120 -42 116 -102 -22 -18 80 115 39 -49 84 22 30 45 26 1 -125 -52 22 -121 -18 -110 5 124 -99 -21 -65 102 -5 -125 -50 44 -3 83 -2 16 122 78 -70 57 66 64 105 -100 92 -101 73 -95 104 -43 -107 -55 -104 71 -3 15 112 45 -60 -103 58 -63 -59 64 -62 -116 -31 126 11 100 3 50 -32 -39 117 -47 -17 118 -97 -19 26 -118 92 -89 -111 -76 -120 77 -36 115 -106 -57 -52 -91 -7 -53 -103 95 -4 -93 101 -10 -3 -80 29 29 -93 -106 15 -37 53 -70 -32 -112 -58 40 95 -46 -52 106
90 -9 2 61 -16 -89 -61 58 -100 -46 -125 -70 100 73 127 -42 -50 91 45 -72 -105 -95 -12 71 59 -69 -119 -29 -112 -74 56 120 -81 -120 43 87 -23 36 -34 60 61 -19 -40 -17 45 77 -28 -64 51 -68 -84 -12 23 -68 -123 79 63 12 10 25 4 -32 66 81 -113 -87 -6 99 82 -26 116 -104 -85 -40 103 -36 -97 11 -17 -92 15 -54 -90 -116 -43 -30 -75 -128 -32 -93 -13 91 -36 -44 57 -114 -51 -128 51 12 -119 -16 -127 -46 115 3 1 52 5 -75 -27 -96 -34 5 107 80 -43 94 -111 -120 -108 25 44 55 93 -81 -41 -106
32 -51 -42 -32 14 -44 51 50 -106 -121 -47 58 75 75 -48 -86 -52 32 40 -48 96 72 -27 46 64 -90 -107 35 -18 -39 -76 -123 -25 -4 -2 -43 63 103 -95 -15 44 -85 87 43 4 102 10 -114 -79 73 -116 -49 -105 111 -24 20 98 -119 73 50 75 -28 -87 22 18 79 11 -102 -9 12 -96 -3 -128 121 -128 -6 92 -128 120 -90 27 0 96 22 -127 11 109 -31 14 -13 52 -8 -50 83 -19 -121 48 10 16 99 -48 -78 35 -57 -99 77 -45 55 84 79 19 33 14 -127 90 -125 -47 -90 81 -117 18 -41 77 -59 14 52 12 98
-68 -111 37 5 54 115 -42 -60 125 121 66 -84 92 -117 28 34 66 45 88 -26 60 -51 71 -109 34 104 -53 70 106 -79 29 -22 -61 83 50 35 -60 31 67 -65 -121 26 -33 -83 77 89 22 7 -74 -35 -116 -116 2 -18 -39 -87 57 43 104 95 80 -35 -126 -76 25 34 -123 -117 44 -48 5 23 86 42 -78 118 78 107 77 -44 125 -5 4 -1 45 84 -105 -79 -1 45 -107 94 -121 67 59 -124 53 62 -119 -27 -98 -19 -10 -25 28 -71 3 -16 -39 84 5 36 -26 -56 -25 -87 -37 48 76 -93 -31 -53 -28 67 -70 118 63 -125
57 -71 56 93 -35 121 103 40 -73 32 -77 -11 -126 67 -13 -11 -36 106 97 -117 126 21 106 66 42 -114 59 92 -70 102 -98 58 -11 116 -82 68 -5 94 -92 35 115 -72 -108 -11 -36 -126 80 -22 -20 -55 -29 90 -40 90 100 -7 83 104 -126 56 0 63 12 -62 98 106 -66 -91 100 12 -80 -35 -114 87 -81 10 76 -47 -90 26 -112 56 -86 19 -43 -112 -24 68 -18 -79 42 50 98 92 117 115 -65 27 26 -97 102 20 116 31 2 2 18 -118 37 -96 -98 -72 30 -79 -107 124 -76 74 59 -95 -112 -63 5 33 46 86 -53 -102
10 -24 23 53 9 2 -40 -65 44 35 100 59 109 -110 22 -73 -30 -51 78 28 -40 -53 -28 -63 66 -118 8 -50 104 -116 -28 4 -43 85 -107 70 91 74 109 -8 -127 -18 42 36 116 -7 40 -114 -107 -75 18 35 -6 -27 -30 68 38 67 -65 62 -68 -67 61 -3 52 -5 -66 91 -10 6 -10 -40 110 45 73 -52 -28 -74 -5 89 50 110 -121 38 -102 -66 -84 -26 120 41 -17 -63 -81 -34 111 85 -101 23 -35 -9 70 9 -101 -3 30 20 41 47 -126 -11 -59 58 -74 -78 -90 -114 66 29 -62 -59 47 -11 47 -52 -112 -110 -77 -112
96 -45 90 52 63 93 31 -96 -106 4 -6 -116 65 -84 -62 26 88 24 30 -9 -126 60 75 115 -93 -125 60 122 -99 -85 59 85 118 -119 -3 126 -19 -81 -86 4 -97 -1 -83 122 41 79 -41 -114 -36 -52 114 -25 -88 -57 94 15 35 -74 -97 35 -49 -76 -85 105 113 -76 -114 -54 106 99 109 -128 -20 -91 -84 -52 5 -108 -76 -41 81 -5 59 -108 49 33 51 63 -33 120 27 57 90 -104 -12 -90 -6 111 -38 26 125 125 85 -85 29 -54 -76 -52 84 -52 20 75 82 -80 124 35 21 -98 -79 -109 -56 13 116 75 112 -7 -80 122
-79 -117 39 109 -59 78 -63 -90 17 -124 -94 -82 -118 22 -115 -62 -33 69 -31 22 -75 -86 92 -46 -82 3 -108 -54 -45 51 -103 -81 -41 30 19 -65 11 -116 -2 102 16 -67 21 122 -24 112 -109 32 -31 104 116 -25 -15 100 -60 89 33 21 88 90 -102 116 -57 -39 106 -14 36 -122 -64 97 44 97 118 -19 46 89 -127 67 -26 -20 59 13 25 -57 -23 105 108 -109 -128 -7 -15 8 -19 -81 -83 44 58 63 -31 -119 29 103 -19 -123 -1 -102 107 -38 -47 2 118 115 -27 -55 -31 124 -113 -85 -44 -64 -105 -16 -23 -88 -91 94 -13 79
-94 -117 -26 54 -55 -45 96 -45 101 27 -48 -117 -80 -124 -94 20 -58 49 12 -53 -4 79 -44 63 -29 84 -86 82 37 58 70 -111 70 -21 -57 59 47 38 -29 6 18 -65 -35 -78 -103 25 48 12 -101 -110 106 -63 -90 -119 -37 52 -50 -71 -33 -50 -26 -32 -23 99 -10 -23 -50 -67 -105 75 119 21 -17 107 -38 11 45 -100 75 96 -14 -55 -36 24 14 -51 -81 -83 110 -72 21 -119 -21 -3 52 -87 -14 127 5 115 -55 102 -126 69 -19 -100 36 38 111 -48 88 -71 -28 78 -75 62 -17 121 74 119 84 -97 -9 -93 7 55 78 -58
-126 -16 5 -49 7 21 3 90 -52 61 -22 43 78 -43 20 92 112 71 17 -87 19 96 26 124 83 -48 5 97 -32 48 29 -24 -63 127 -32 67 -30 78 21 34 4 27 -12 -72 82 86 -1 119 -39 -104 -105 51 -128 -27 107 30 52 -91 -99 9 -14 109 1 75 5 95 -52 108 32 70 -70 57 -72 -91 4 -35 37 -19 -70 74 65 -82 34 59 77 -119 36 -69 -64 -108 -28 -76 92 65 8 -1 -50 -40 -26 -106 0 -87 -72 -90 114 38 -107 94 54 50 -106 85 94 60 -69 -23 37 -10 108 32 19 7 37 -47 -36 -16 -72 108
-44 100 57 35 -112 53 -60 -117 72 -79 -110 20 -120 -20 -89 97 76 111 -34 -56 -124 3 39 -126 80 28 -11 93 54 2 44 106 -61 4 -27 -1 85 -53 -119 -86 -51 -107 -108 55 -111 114 38 -47 98 15 16 -88 -21 58 77 -31 101 80 -14 86 61 -56 -10 -110 72 90 -124 -70 -123 -11 -22 79 33 29 -78 109 33 44 95 40 -30 61 -2 74 -77 47 109 -41 9 -90 -17 -7 50 -20 88 -101 -123 -90 91 68 -64 56 108 83 -28 15 -77 -68 -79 51 -18 69 63 -69 -18 -61 37 -106 -43 49 127 104 38 12 -59 -14 8 29
-122 46 24 93 -84 127 76 119 -116 118 85 -121 -30 -96 -55 59 -23 -54 -4 76 67 -64 -19 32 88 -98 86 -115 5 16 24 -19 95 -84 -122 19 -26 100 8 -62 31 -95 68 -20 -34 -55 -103 -54 0 32 -22 116 119 66 78 121 -3 120 -105 72 -87 -94 97 91 -125 -60 49 -85 71 36 122 92 -17 54 89 5 -67 -82 39 -20 -72 -60 -2 41 -26 -16 86 17 106 -21 -7 -39 124 -62 74 111 77 -40 15 125 118 -54 -8 -108 -57 -98 60 -73 89 44 -9 59 -77 70 -104 -90 116 -46 -45 -36 77 -28 116 -10 -60 -105 117 4
-91 98 -31 40 82 104 90 -22 -93 -104 100 108 -107 94 76 9 49 119 12 47 -97 -39 -99 -52 -12 76 16 -105 -13 92 33 -120 -124 17 -56 -11 -17 95 94 39 105 87 4 2 121 65 -25 -62 -52 90 -33 70 -101 -22 -62 88 107 0 -25 65 91 118 18 -18 74 -64 6 32 -7 62 -10 77 -8 0 -60 65 94 -92 87 -113 117 -95 -64 70 -108 101 90 -108 -74 -107 -111 -72 23 86 -23 102 -59 -17 -52 103 37 125 -30 93 -90 -25 -67 -51 7 -104 65 126 118 -11 -114 105 -102 -65 51 -119 81 124 60 -3 -110 -34 -34 -66
56 67 114 78 -116 -36 -102 50 50 -64 127 -71 28 85 -128 -23 57 91 -114 -29 -113 85 121 -55 -23 63 26 -93 35 -94 -101 -104 -2 8 110 -75 30 41 -81 -114 -4 65 -79 -59 -101 106 98 -3 -37 22 -41 20 45 -31 -83 5 10 98 67 123 115 -91 -34 -14 118 62 -100 -102 21 56 7 63 85 27 43 -95 -38 24 -87 56 -114 -63 26 15 75 -120 -55 -106 78 -109 41 105 -94 -77 -41 62 -6 37 116 53 -117 -99 -59 -103 91 -47 -63 45 -38 61 -24 -93 -42 -91 58 19 67 7 71 69 89 -9 -44 127 -70 -47 96 37
-67 23 -43 47 -75 -105 53 68 88 -27 -113 40 -34 -28 118 66 -127 -115 -95 -114 76 -3 39 -116 -81 -51 43 16 -121 100 2 -67 -59 126 11 -20 -76 81 -54 84 39 -34 112 2 51 14 -65 18 116 -82 -43 75 -17 42 -69 -122 55 52 -44 80 -43 31 -118 20 26 -51 -89 81 -3 57 -35 41 -49 -25 82 44 41 65 14 84 6 126 62 -93 29 -80 72 -75 -44 -14 -84 -73 102 -39 17 -86 -72 39 -81 -45 41 -30 -86 50 -23 5 -97 -37 -75 106 -2 -89 -52 102 -52 109 -2 106 -73 -123 -110 -57 109 -39 -1 -117 -11 126
