-16 -18 -23 -44 -21 -26 -22 -6 -45 -30 -17 -33 -12 -10 -23 0
-13 19 36 6 27 6 2 18 -3 -8 22 -10 6 -4 -10 17
8 18 -34 14 14 9 1 32 11 -2 25 35 18 18 18 28
29 40 -1 36 15 15 -2 17 3 -19 24 -6 36 -18 4 18
-25 22 14 -17 -13 -1 -6 -44 -9 -26 -37 1 -6 17 -16 -10
14 32 32 14 22 -7 32 5 0 13 17 28 2 18 31 26
2 5 0 -17 2 10 7 -6 7 17 11 7 25 -4 18 26
44 29 5 7 45 19 29 14 38 18 22 23 19 63 20 17
-8 -9 24 -4 -13 -13 6 -5 -5 -9 -15 -13 -42 -38 -37 3
-7 -3 -25 -26 -23 -18 -6 -18 -10 -37 9 -15 -4 -20 -2 -1
-3 -1 -14 -19 -15 25 -28 -15 15 31 -16 6 -18 4 -24 -16
-6 -1 0 -3 7 -13 12 1 -6 10 -9 -19 -20 4 -22 -34
37 38 49 61 36 38 41 15 40 36 41 19 33 39 27 36
1 -2 9 -24 2 -21 12 0 1 13 -4 -18 25 28 -6 13
10 -10 15 24 15 12 16 49 33 24 10 40 28 31 2 23
-12 2 -20 -8 -30 -37 -14 -12 -20 4 -12 -10 -31 -30 -53 -16
6 17 -6 -23 39 37 16 12 26 2 14 18 15 24 19 28
15 -6 -24 -4 -24 -11 3 -30 8 -1 3 -1 12 -3 -8 10
6 13 13 44 17 15 27 19 16 19 19 24 29 14 7 16
16 28 25 27 27 43 33 25 44 -3 9 20 10 40 26 41
-24 -24 2 -21 -37 -21 -26 -31 -5 -31 -30 -8 -46 -33 -12 -33
11 5 17 24 -7 21 22 18 21 7 48 6 -1 -5 2 17
17 37 1 18 0 9 6 14 -2 28 0 18 22 7 9 -2
-26 -35 -20 -43 -8 -25 -1 -28 -4 -20 -19 -2 -32 -7 -40 -48
-38 -61 -34 -18 -28 -25 -37 -53 -21 -51 -44 -27 -41 -36 -13 -33
32 6 14 22 27 14 15 25 8 18 30 25 3 4 32 2
-39 -7 -18 -44 -28 -15 -26 -31 -27 -28 -23 -17 -16 -40 -23 -8
-15 -6 -33 -36 -8 -19 -31 -26 -23 -23 -55 -14 -27 -15 -19 -32
24 17 16 16 17 -9 1 2 4 33 4 1 29 23 -7 30
4 -12 -12 -12 -26 4 -16 5 -32 -14 -14 -13 4 -14 -21 -18
26 -14 21 23 -7 10 27 -2 15 20 8 4 10 6 28 26
-5 -13 -13 -19 -21 -13 -8 -19 -7 -29 16 -18 -6 -30 -26 3
10 29 8 21 5 22 19 14 31 16 -6 7 0 9 29 2
15 2 -4 12 5 6 5 26 29 13 13 18 1 4 14 0
-25 -31 -10 -42 -40 -20 -55 -24 -47 -29 -23 -61 -22 -53 -29 -68
16 1 7 38 27 16 37 31 1 39 19 18 35 41 40 8
14 20 -5 16 -9 -10 -21 -8 22 10 27 32 28 36 27 -6
23 3 41 42 17 -14 30 25 17 55 34 27 14 18 9 31
-11 -8 -12 6 -18 -10 -18 3 2 6 1 -13 11 -15 -8 -8
-14 -3 -22 -19 -32 -9 -26 -6 -27 -26 -15 2 -19 -11 -4 -4
5 5 9 -3 14 -3 5 -11 -5 17 9 7 9 1 1 -8
-13 9 7 -1 25 2 -8 9 16 1 -12 -22 -8 -11 -8 -4
4 -7 20 -20 -14 -5 10 4 11 -16 -13 25 -5 -24 -9 19
0 -22 -8 7 3 -22 -12 -3 -19 2 10 -23 -4 15 1 -21
-5 -27 -5 -30 -11 -8 -45 -8 -21 -34 -15 -20 -22 -20 -9 -2
-26 2 -4 7 -21 -2 -22 -3 -3 8 4 -51 -8 18 -21 -36
-6 -4 -1 -3 -17 22 8 -4 -7 6 5 4 -9 -5 13 14
-23 -20 -9 -21 -19 -4 -14 -10 -9 -19 -12 -27 -33 -29 -56 -27
-12 -13 -27 -10 -14 -24 -1 25 -7 -25 -8 -35 -2 -15 -19 -27
10 18 11 46 33 2 4 25 23 10 13 35 -23 -18 22 11
20 -2 -27 -1 12 26 -3 14 35 7 -1 15 -10 29 9 -2
10 6 27 16 28 27 -1 31 18 17 -8 -9 -1 0 -10 17
-26 -1 -10 5 -8 -4 -9 0 -34 -9 4 6 -56 -19 17 -8
-10 15 1 -16 -11 -46 -23 -29 -42 -20 -6 17 -31 -6 -15 21
-17 13 4 26 27 -11 -20 -19 -14 -8 -25 -18 0 -6 -17 -37
-34 -14 -13 -18 -9 -29 -9 -54 -27 -28 -7 -7 -28 -30 -20 -32
13 1 17 39 22 33 5 7 -1 12 21 1 -1 13 1 29
-25 -12 -50 -22 -54 -30 -39 -29 -21 -30 -34 -27 -30 -1 -12 -3
7 -12 13 18 -12 20 5 17 14 24 -4 -2 -6 34 -12 6
-14 -14 -39 -48 -19 -25 -27 -29 5 -22 -16 6 -9 -26 4 13
4 45 5 3 5 18 22 11 24 0 13 23 19 29 4 17
3 -6 13 0 19 9 5 -5 10 16 -7 -14 3 -5 2 12
-7 -13 11 -29 -25 -2 -4 8 -23 -3 -14 5 -9 -3 -25 -9
31 32 2 0 29 8 13 2 29 -11 -10 39 13 31 6 33
