4 4 -38 -42 -35 -15 -31 -11 -12 -70 -20 -22 -20 -12 -18 6
19 44 -15 12 -8 22 17 6 37 -34 -4 2 -6 -30 -16 47
1 12 26 34 33 -19 41 41 -1 32 -6 18 -28 28 5 24
21 -9 0 -5 12 38 11 16 31 -7 -27 -3 42 25 6 20
-22 -26 -3 -8 1 6 -7 -4 -1 -28 25 4 -41 -49 -3 -13
11 26 33 18 15 42 19 36 10 30 11 8 14 -4 13 5
1 9 -3 -2 1 27 35 18 -15 -20 -9 -6 7 11 17 -19
45 -3 28 15 35 47 32 33 5 19 46 8 -8 -3 55 36
-15 12 -11 -2 -26 -10 6 7 -10 20 -31 -19 1 -17 3 -1
5 -37 21 -36 -36 6 -22 -7 -34 -24 20 -45 -8 -1 -34 9
-34 -2 -27 8 -13 40 -3 13 -1 0 4 39 23 -13 17 -17
-6 5 25 14 -13 16 -7 -30 32 -5 -48 11 24 -8 -25 12
59 -3 37 47 12 21 35 52 57 59 19 13 14 25 -15 15
-38 -21 -33 12 -12 30 21 -12 -27 -11 -5 6 17 21 10 -2
23 34 44 32 41 6 60 8 2 22 13 29 21 50 12 12
17 11 -15 8 -8 -12 -24 -9 8 -9 -30 -37 -14 -1 13 -17
2 11 5 11 30 26 14 18 -1 17 35 42 -23 5 5 14
1 3 -7 -9 17 20 7 1 3 2 16 -12 -10 -35 12 -24
38 23 42 39 41 26 34 50 33 25 7 5 0 21 30 31
52 13 5 33 47 -6 37 42 38 58 5 24 -5 29 4 31
-17 1 -3 -49 -25 -40 -4 4 -26 -11 -36 -39 -15 -24 -19 -41
0 -41 16 14 -3 3 11 -22 -9 28 -32 29 -6 36 23 36
38 36 27 15 -7 21 33 30 30 -17 8 -9 2 -33 24 6
-34 -16 8 -1 -20 -17 -31 -2 -23 -7 -14 -12 -37 -31 -30 -2
-42 -59 -24 -38 -35 -31 -24 -16 -17 -15 -58 -57 -16 -47 -6 -52
36 14 34 -28 47 22 10 3 23 17 27 39 33 -16 15 22
-35 -60 11 -9 -41 7 -6 -11 -4 -15 -9 -29 -16 5 -31 -45
28 0 -24 31 43 30 -5 5 18 0 -2 -40 -66 -47 -10 -30
-6 27 6 32 13 18 52 50 13 24 0 7 -21 10 53 37
-22 -12 2 -27 -31 11 -33 -32 -20 -10 -24 2 -12 -9 -9 -3
34 9 16 -4 23 -11 6 38 21 4 14 -2 10 1 27 31
3 13 -16 -53 -40 -11 -30 -25 -8 -28 -33 -11 -15 -17 -24 0
14 18 18 29 12 6 18 -1 27 28 45 3 12 53 26 -26
41 20 19 -8 24 -21 36 25 56 30 -18 -24 -17 12 23 26
-49 -36 -12 -56 -28 -40 -31 -11 -32 -45 -27 -36 26 -36 -8 -59
15 18 20 26 -21 -9 -1 12 -14 -12 28 58 22 56 -16 34
18 38 37 -42 22 -3 28 -12 4 11 18 8 9 16 29 -14
2 5 53 7 -5 -10 -8 -5 10 63 -25 40 5 56 23 26
0 -14 35 -1 15 18 50 -33 -3 0 -26 22 -13 14 7 -11
4 5 3 -6 29 -11 -41 20 -6 6 -3 -6 -19 -5 6 -61
16 31 -28 -30 -10 60 7 6 17 0 -3 5 8 7 18 46
-11 -15 1 -4 21 -22 6 -11 1 36 -33 2 -10 1 3 -15
-22 23 12 25 34 -7 31 5 35 7 -10 -13 7 -15 19 -9
5 2 -16 -4 -24 9 -21 -25 -29 6 6 40 -2 -7 -32 -31
-4 -20 -32 -39 13 -26 8 -17 -3 6 -28 -22 -28 -18 26 6
-17 -23 30 -23 -18 19 5 -5 -8 -22 11 8 -24 6 7 -5
7 -27 -19 -14 -1 12 -3 33 1 -23 -16 -6 -24 -17 -14 -15
-6 -16 1 -19 -18 -1 5 -45 -3 -4 -17 -18 -23 -29 -45 0
0 9 -3 -18 -3 -35 -5 -58 -18 2 -29 -29 3 0 -24 -5
13 -13 9 -6 20 -13 -13 -8 4 13 38 10 26 9 5 17
13 21 -1 -22 7 -6 8 4 -7 -6 4 23 -25 -18 9 14
7 -4 -28 28 42 -22 27 32 1 16 30 -23 -2 6 30 -11
-44 -33 29 -4 -28 -33 -8 -38 -34 -29 -27 0 -8 -20 -25 -36
-26 -18 -19 5 -10 17 -7 -20 -17 18 -4 11 3 -43 3 -29
-13 2 8 -6 -24 -2 -10 -17 18 -21 16 -11 56 13 36 -12
-7 -9 -16 -28 8 13 -43 38 33 -2 -17 -10 6 -15 4 4
-10 16 -9 43 29 -3 12 -37 26 29 4 24 -4 43 44 67
-2 9 -44 -49 -21 -1 -9 -12 -6 -36 7 -1 -20 -36 -38 10
4 27 -18 26 -14 2 47 14 -5 -24 8 27 6 -2 3 31
-5 0 15 5 -29 4 -27 15 -19 -16 -9 -24 -25 -16 -6 -8
5 20 -5 -8 22 11 17 20 -4 7 19 13 17 18 8 -3
-23 -8 -5 23 16 14 2 5 -14 -4 -11 29 17 -19 -26 -3
-35 30 14 -25 40 9 10 -12 36 0 2 14 -10 -12 37 -6
25 -20 17 21 22 24 28 5 25 26 2 -17 10 14 35 -33
