-13 -12 -11 10 -31 -1 3 -14 26 29 -3 -3 -10 -14 -9 -6
-17 -24 7 -3 12 -34 -8 17 21 -6 10 -17 6 -15 29 20
-4 8 12 -5 40 9 39 -35 -22 9 1 -8 17 5 35 16
1 5 3 -4 4 -6 25 27 21 -21 -1 -21 20 -5 28 8
13 -2 17 -27 -21 -16 28 -4 13 4 8 -8 5 7 -11 8
16 22 24 2 37 -12 -16 2 1 1 18 5 -12 -19 3 -13
-1 28 -12 22 40 7 25 4 -35 -13 -31 28 -27 31 24 -4
-2 40 18 14 14 1 23 -27 -13 23 -4 9 -9 13 8 -9
2 3 -19 -41 14 -36 7 18 -1 2 5 -9 8 17 3 2
-16 -8 -22 -7 -39 -17 -28 -21 27 23 -29 12 1 -10 4 -30
48 18 0 6 -40 -21 10 -17 -24 -24 6 7 -15 31 -30 -17
13 -25 -21 12 -17 -19 -7 18 20 -24 29 7 -16 -2 -20 -35
11 21 -1 16 0 1 1 -2 12 1 18 17 22 27 40 47
-6 4 -3 -51 25 -49 -8 -19 9 71 3 12 -48 -4 -16 22
5 -22 20 -1 4 -17 37 -16 -34 -15 23 9 -10 -3 11 23
-14 -7 -49 -32 6 -15 -16 -4 11 5 26 -6 6 14 2 7
-11 15 21 -5 5 -13 -1 -36 1 29 -9 13 -16 -7 -31 -5
-11 -2 15 9 1 14 -7 -12 -1 -28 -34 -22 -2 -2 6 6
-15 -6 -20 -6 22 21 5 -3 -14 14 24 -3 32 26 31 29
26 -33 6 6 -37 2 13 -26 18 3 7 23 52 -4 14 7
-5 -13 13 9 5 -28 34 -9 -9 38 -43 -8 33 -21 -1 3
-16 -20 9 -22 -15 -28 -8 58 33 2 -16 -8 13 -34 -4 -15
16 -15 6 17 -6 4 8 -13 26 5 -23 24 40 39 -1 30
-10 -2 -36 -5 -26 -4 -6 -26 -5 13 7 27 -17 -27 19 -33
34 -10 14 -6 10 -32 10 -5 -11 -15 -27 -50 -50 -12 -38 -46
6 -1 36 55 15 -5 -8 52 33 -24 3 18 8 -17 -23 -11
-16 17 -11 -26 -8 13 -14 -20 -20 3 -13 -42 -11 -22 13 -3
20 -18 22 14 5 -7 -29 10 8 -66 -19 -9 -16 -2 -30 -40
-22 48 -13 -22 15 -19 -28 11 55 19 12 6 32 25 -23 19
28 -14 -9 12 -14 -13 -15 8 7 -23 30 2 -7 -5 -21 -4
-25 15 15 18 17 19 14 13 12 2 -5 23 23 -20 7 37
-25 -50 17 -19 -11 3 -17 23 -6 -3 9 -22 20 5 4 -4
-19 -3 8 8 20 -10 4 12 -12 0 -8 -33 -8 5 17 -17
7 -2 -14 17 51 -6 4 -2 31 -1 -9 -11 13 44 6 -3
-18 -13 -10 -37 -17 -3 -21 35 2 -31 -33 -9 4 -33 -44 -2
8 -11 1 10 11 19 3 21 4 65 -3 7 -5 -20 -33 33
25 8 17 19 52 43 -9 12 -14 -8 -16 33 6 48 -44 -11
14 21 13 19 15 -22 11 8 27 12 29 5 7 -25 6 -2
11 -14 -13 -13 9 3 5 -15 14 26 -6 9 -5 -5 12 -1
-8 -28 -10 33 9 -30 -1 10 -6 -21 12 -43 17 11 -6 -27
2 32 33 -36 7 -24 -7 -4 44 20 -21 -6 17 -7 5 44
11 4 7 -20 -14 -7 -7 5 17 -3 -21 23 -7 9 -6 -18
-37 -28 33 20 -22 -28 -12 28 -20 0 -21 -21 20 -20 -1 -6
12 2 18 17 7 -9 -10 39 -13 -4 16 -36 13 -33 -16 10
-7 10 -16 1 -24 -33 -17 22 -29 -27 -9 -12 24 -4 19 -5
-13 9 25 8 -11 15 -4 -13 21 -2 5 -15 -9 -20 -17 -6
23 -8 28 -4 1 36 -17 -28 8 -33 -1 -3 -21 15 6 -8
-16 -5 -17 -16 -37 -13 -45 -17 -5 -20 -17 -12 -3 4 15 -16
-9 -17 -25 14 -13 -14 -11 29 24 -2 -50 -10 -15 -41 -21 -31
10 31 4 -12 -27 -10 -10 2 -11 -7 25 -5 -7 3 -5 0
-9 -11 27 15 -16 40 17 -39 -13 20 -11 34 -11 7 -20 18
-9 -36 -4 -24 4 16 -9 11 -3 -16 -9 4 -5 39 -3 31
17 14 1 -7 -31 -2 -39 -16 -19 11 -33 1 -17 -25 -28 -41
-17 0 11 -19 17 -14 17 -22 3 -26 20 -32 -2 10 -26 4
-16 -13 -6 -20 -17 -21 -4 6 16 12 4 3 19 16 -25 10
-26 14 11 -13 -16 -10 30 -11 -37 -39 17 -3 42 -29 31 15
21 -22 1 -35 6 -17 -10 5 13 -26 10 14 32 11 12 -27
-8 36 -12 3 -58 24 -7 -23 -19 -14 -5 2 -6 -9 -2 -40
8 0 -8 21 -36 -5 -16 -8 -9 -6 7 -5 -11 12 -14 48
-9 20 43 25 -23 -3 -25 -25 -44 4 26 -45 -20 18 -12 -47
-12 12 19 -32 17 37 36 10 14 26 16 26 -14 -3 -10 -6
5 4 -38 16 0 18 -23 11 -31 -7 5 -12 -32 24 7 17
-27 -19 19 5 23 -1 20 0 -7 13 -18 0 29 -2 11 21
26 23 5 0 20 2 26 -14 22 30 31 28 -23 41 -3 -2
