-9 -21 8 7 8 -29 -17 12 12 2 -1 5 -5 1 -6 1
13 -7 1 10 6 17 -23 -7 20 28 9 20 -27 -12 -12 -3
-3 -1 4 -7 -18 -12 -8 13 1 15 18 4 8 -17 -17 10
23 17 5 -11 -31 -4 -3 21 -8 -11 -1 -17 -13 -11 3 3
-4 -10 -10 -18 5 -11 -9 0 -4 5 4 7 -20 3 3 15
27 21 -4 3 -9 4 8 -6 -13 -10 22 4 22 -2 11 -9
-1 14 2 9 -27 14 -5 -6 44 4 15 -6 15 13 -23 -20
-17 21 -15 1 -17 -22 33 0 10 32 -3 8 12 8 9 -6
9 12 -15 8 12 -8 3 29 -32 -4 -4 -9 18 -27 -23 26
2 1 -27 -3 8 18 -23 -2 -29 -28 -12 -4 3 -19 21 14
12 -3 -8 -11 -7 -2 -9 -5 14 -2 10 12 19 24 12 -4
26 -6 18 8 10 -3 -7 2 -19 10 -20 -34 3 -1 -7 -20
-13 10 5 8 9 -14 4 -22 -8 -13 -21 45 -20 12 -5 7
-13 -14 -3 0 2 -2 23 -1 -2 -34 -6 10 -2 0 5 -30
12 3 -15 -14 -4 18 12 34 -12 -10 14 -17 -10 33 -20 12
-24 -17 20 13 20 -2 -18 -7 5 -5 -8 22 3 -22 -13 50
0 -34 7 19 24 -10 1 2 6 -7 -42 8 26 8 0 15
18 19 0 -3 -6 -18 -13 -9 20 1 25 4 5 3 -5 22
13 11 17 26 -18 -8 -19 -10 -3 -29 9 19 -1 -7 0 14
3 3 22 2 14 11 -14 9 -15 9 15 0 11 29 -6 -18
-14 -9 -9 7 -11 20 50 -10 -8 -3 6 -28 7 -4 24 -35
-7 -6 0 -33 8 -4 -16 6 -6 -15 -11 1 -4 -15 28 2
37 3 13 4 -10 1 13 -13 17 -6 20 -9 9 6 4 17
-25 22 20 -1 -5 12 -12 -4 -22 16 -11 -4 20 -7 10 -15
-7 -9 -2 16 -8 6 5 13 -16 -22 -15 -3 -10 15 0 -42
8 -16 14 -13 -5 -12 13 2 -11 -26 -20 -4 -6 45 9 10
-1 3 28 -4 -4 -3 -4 -3 6 -11 -1 9 -23 -15 -1 11
13 9 -7 -18 6 18 10 0 -2 16 3 -9 3 37 -14 -4
11 -21 -1 14 6 -1 5 -25 32 7 -1 10 10 -35 21 9
23 16 -7 -17 17 -21 -18 1 -6 -7 18 18 -12 30 16 -3
-14 6 -18 22 -14 24 33 -9 14 -13 -11 4 -9 3 -6 18
14 -7 -18 2 -6 -34 -19 35 -3 -8 -27 -8 11 9 35 -8
-33 -5 0 -10 31 21 -9 -15 2 8 3 19 -21 -2 13 3
9 -13 18 13 20 -2 17 2 38 1 30 7 -25 14 -35 14
-1 -4 4 -11 10 -10 -11 27 16 -4 7 -2 40 9 8 -13
-6 -11 9 0 12 -4 1 -3 -4 -17 -17 10 -10 -4 9 -2
17 6 -8 -21 -4 1 -10 -7 9 18 1 -27 6 15 5 -13
-7 -11 -3 27 13 -1 18 -2 -12 12 -24 15 18 -9 1 10
23 1 -6 -6 1 0 -4 8 4 -10 37 -11 -6 -4 -23 16
12 -16 -2 -7 22 -16 15 6 -18 -18 1 -13 -11 14 9 2
24 24 -4 -2 -4 -4 11 -15 21 -16 12 9 -4 1 18 -15
1 -11 -17 -25 19 -2 0 2 27 5 15 -2 -3 -19 -9 -1
-23 11 5 0 -18 -6 13 -12 -2 4 -5 -21 15 -2 13 -4
-15 -13 -41 12 -4 1 30 14 -27 9 4 7 -4 -6 5 -22
-16 0 3 25 -10 17 9 -26 -13 -5 -15 -3 1 4 -36 11
2 1 -13 11 25 -4 0 3 -7 -2 12 45 8 -31 -11 -17
14 -2 15 31 12 6 6 5 -8 15 -18 -15 10 2 0 6
18 -9 -2 -10 -16 -9 -45 7 -5 -21 -34 17 33 10 -10 -15
3 0 -7 -1 5 -4 -3 31 15 12 -1 3 -30 -4 3 -18
-16 6 25 -3 5 -2 0 -7 -27 -20 1 7 10 -24 7 26
0 -14 0 -2 12 -22 -6 2 7 -5 -7 -1 17 35 10 -22
-17 -19 13 27 8 -11 31 -17 -7 17 -3 -14 -6 -20 -1 15
21 17 24 -6 7 -17 -14 9 -6 -33 -16 24 -11 5 14 15
22 -5 -19 -16 7 19 -3 11 -6 30 15 -19 1 -35 7 13
29 -12 -24 -7 6 17 6 -6 -22 -23 2 6 -32 -4 14 -35
-30 29 -8 30 1 -4 38 5 -60 -10 -8 -23 21 -3 9 -7
13 19 4 -2 -9 14 -23 18 -10 23 15 8 -2 16 16 5
0 11 7 -27 -5 7 8 18 -23 -22 -2 13 8 57 -15 5
-2 -17 -3 24 -3 -21 -2 -34 5 -10 -4 4 19 -4 10 -21
-2 3 0 3 -8 1 18 -15 0 -13 3 -2 6 -12 25 24
-2 25 -2 -28 1 2 -3 3 13 -17 23 -35 -12 -13 -7 7
-14 11 21 48 -7 -11 11 6 -8 25 7 -3 2 -2 -3 27
13 14 -15 -10 -10 -3 3 -7 27 -9 18 -3 6 -22 -5 2
-4 10 29 2 -19 15 6 22 32 0 -19 -4 -18 15 3 8
