-18 1 -3 -18 -4 -16 2 -7 2 5 -3 5 -1 -4 3 -8
-3 -4 15 -19 -4 13 -6 0 12 0 4 2 -9 22 9 -5
-10 -2 13 -2 -9 18 12 -2 11 9 3 -21 9 -1 1 20
10 7 8 -6 15 12 3 6 4 -14 15 6 -4 12 -12 3
6 7 5 2 1 -4 -3 0 -14 5 -3 20 -8 -9 7 -2
12 -18 3 5 -4 6 2 5 3 0 -5 -8 -10 -6 21 8
-1 11 1 -17 -15 -6 -7 10 2 -3 -11 -3 -5 -13 -4 7
3 9 -16 18 5 -6 19 0 11 -6 4 -1 -9 -7 7 10
9 -15 5 -4 -2 -11 -6 6 1 5 16 2 -9 -1 7 7
-4 8 0 8 7 -2 -1 -8 -7 17 5 12 -12 -11 -11 15
11 -16 -4 3 -10 4 0 0 -5 -1 -20 7 2 -5 -8 4
12 0 -8 -3 11 -3 -10 4 0 1 -8 14 4 9 4 -9
4 17 4 17 9 8 5 -10 2 -12 0 -6 19 18 -8 1
12 -3 -9 13 5 -12 12 -9 1 -12 1 0 -15 9 14 -8
-5 2 10 8 4 -9 8 5 10 9 2 -12 1 33 5 11
6 15 -5 -1 0 -9 -6 -12 15 1 6 17 1 -14 -3 9
-5 6 -3 -1 7 -7 -6 -11 8 5 1 -5 7 -2 9 -13
1 1 -3 4 11 3 -15 -2 -3 0 -22 11 -13 -11 -7 -10
7 12 -4 1 4 22 3 -18 8 -6 5 -6 5 -4 2 10
2 -2 -6 -9 14 -5 23 -2 7 -1 1 4 12 2 10 -3
-9 1 17 7 8 8 4 -2 -5 -11 -4 -6 10 1 -22 -15
-2 5 7 -1 9 9 -4 -10 -7 -18 11 17 14 3 22 2
0 -9 -4 -9 -2 -13 17 -1 15 2 6 0 -6 -15 -8 5
9 -3 -6 21 1 8 -6 -7 -10 0 -3 4 -11 -15 -13 1
-1 -4 9 -8 -12 -7 -18 -6 -5 -6 -24 -5 8 -1 17 2
13 -7 4 10 -14 5 -4 -7 11 4 -12 -1 -4 16 7 -9
-8 -4 17 -11 -16 -19 15 -4 -11 -10 -4 5 -7 -9 0 19
8 -13 -16 -2 8 -11 -5 -6 -17 11 -17 -13 -9 8 -7 15
1 -2 -5 12 -1 7 5 -3 -3 -16 19 -2 3 -17 1 -10
4 0 3 3 -7 -16 1 -6 -1 21 7 30 -23 -8 -12 -7
2 -8 13 -3 7 5 -3 -19 -7 -1 -8 -12 4 20 3 -13
-6 0 3 -21 7 -8 -6 27 13 7 15 35 -6 0 9 -7
18 11 -11 8 -5 -3 -2 -3 -8 0 -4 -10 5 -1 -12 27
-12 3 -7 -3 9 7 -8 -3 -2 -6 9 11 -6 8 -5 -4
1 -5 6 -17 -15 -20 -26 6 7 -15 -12 17 -20 -4 -1 -17
-3 7 17 -7 -6 5 12 6 18 -10 -6 8 12 17 8 -15
0 9 -9 17 1 -11 -1 3 15 14 -8 4 4 -13 -2 10
-8 -3 -1 8 -5 9 -6 7 9 2 -5 5 4 1 10 10
-3 -3 3 -7 0 -3 1 -14 -2 2 -6 -5 -2 1 4 -2
-1 4 -16 2 -2 -10 -14 6 10 -12 -8 11 13 2 1 -2
19 -21 -6 -2 21 -6 -13 -2 1 -11 5 -7 4 8 15 2
-15 3 -8 -7 7 21 -10 -17 -20 -7 18 -7 -1 -4 -9 1
13 -12 -8 8 11 14 -2 -2 -5 -2 11 1 11 1 -1 -5
-6 5 1 12 5 -7 -11 2 1 -8 2 -8 9 11 -9 -7
6 -22 -3 -7 -10 6 -2 -2 5 -10 10 10 -17 -11 -17 -13
9 -4 -15 -11 3 -22 -21 11 1 -1 8 12 -10 -9 -8 0
0 -2 3 -1 9 -12 -9 -9 -2 5 -10 -10 14 0 -1 -8
3 -2 -16 -9 0 -7 -24 -2 -9 11 2 11 1 -10 -9 13
-4 4 -4 -6 -4 -4 -17 8 -5 6 8 -7 -12 1 -22 6
-4 -1 -4 26 2 13 -6 -8 2 4 5 8 5 3 -16 9
13 10 -1 20 1 -6 -4 -2 19 15 -9 -18 13 -3 4 -17
-5 13 16 -6 -2 6 -5 2 -11 6 10 1 -13 0 -7 -23
-6 -15 0 -1 5 -20 11 -17 11 3 -14 11 -3 -5 19 -4
-6 -8 2 10 4 -8 3 -9 -3 0 -4 1 0 -20 -9 9
18 -13 -9 0 -7 -17 -5 9 4 -9 14 20 -15 9 -8 8
20 0 -5 13 -1 5 -3 2 13 -10 2 18 4 6 7 2
5 -1 6 -14 -2 9 5 5 -6 6 15 18 7 -4 7 8
23 -10 -19 8 -2 -5 5 -8 3 22 -14 -10 -9 -7 -10 -11
-6 -16 3 -2 -2 -3 8 -14 21 0 6 -4 22 -6 -5 1
-2 -9 -7 3 -3 -2 24 -4 2 4 -14 -7 -4 -16 5 4
3 8 2 19 12 -2 15 12 1 9 2 -4 -13 -17 3 6
-16 11 -6 4 -16 15 -11 16 -1 9 6 -10 9 -9 -1 -6
10 -19 6 -3 -12 -1 -4 13 -1 -2 5 14 -14 7 -1 -1
8 -2 5 12 0 -1 -6 -17 7 5 -3 -4 -10 -12 -8 1
