15 2 46 6 -22 -6 43 -21 -5 -4 41 1 -1 19 20 31
-15 2 -1 -16 -1 -37 -15 -3 20 8 48 -8 -22 -22 -15 1
-26 -16 -14 -16 -25 -12 -3 -10 10 -13 -10 -7 0 -31 -2 13
8 -12 -12 7 19 -9 -25 20 23 10 -25 5 -15 -29 -19 2
-8 17 -9 3 -4 6 35 23 -36 4 8 -27 -5 -3 8 -4
-28 -2 -20 -14 23 1 5 2 1 -49 5 24 -7 -5 0 -12
-7 -9 12 -8 24 8 -22 -11 -59 -2 -47 33 12 -7 26 6
-33 8 2 -33 -46 18 -21 -22 -17 -14 -12 5 1 -8 9 -26
-2 -9 5 8 8 -6 13 -4 -3 -15 34 -7 -5 -18 4 4
13 8 23 22 2 -11 25 -15 -6 3 -3 -4 18 8 31 -24
12 -6 36 -26 10 -12 2 23 -29 4 -6 1 -2 22 -15 -6
-6 27 -25 6 18 10 35 13 43 3 11 -9 1 36 -15 0
-1 -4 -34 -9 -17 -33 -18 -19 1 9 2 8 -21 -14 -28 -27
5 -10 11 17 1 -14 -27 -2 5 18 10 -10 17 -3 9 25
-32 7 -19 18 11 2 7 -31 -19 -19 -2 -19 4 -16 7 -2
11 4 -2 13 6 5 19 4 -5 6 16 -16 -1 4 -5 11
-19 -4 -6 3 3 -6 6 -1 1 -26 -25 34 -10 11 -8 -30
-9 7 -3 -29 -1 -6 -34 11 -9 36 8 9 6 22 -20 26
-25 -24 -31 4 -18 -6 10 -2 -1 -28 -34 -23 -8 4 -14 -3
-25 22 -19 -12 -5 -18 -19 28 2 -3 25 11 -15 -12 -43 -2
19 -3 6 28 -7 20 -1 19 -39 33 -15 20 5 43 26 -4
-28 -26 19 -24 -5 -6 22 19 53 13 -14 -9 -4 -26 -8 22
-28 3 -3 26 -14 6 14 6 -10 -12 -14 1 14 19 11 -6
-8 20 13 4 0 -13 -1 4 11 21 -20 21 3 43 -6 -15
-1 5 7 26 2 1 12 12 -8 20 26 32 9 17 23 14
-15 -17 -4 -2 23 -26 -19 -15 35 -38 3 2 -19 5 -23 -24
19 -4 -31 17 3 14 10 20 5 45 2 -5 11 -7 43 7
-25 -3 -27 -1 37 -12 -8 19 27 -20 4 19 20 19 23 -21
-24 -10 14 28 -23 -4 -4 15 -21 -10 -6 15 -10 -7 -17 2
21 8 -12 -5 5 6 19 28 55 16 11 -4 16 -5 31 -8
-15 -11 4 1 -13 -11 -3 -13 -12 -14 -2 12 -14 -8 -1 23
-15 13 37 1 -3 -12 15 7 -11 -21 18 2 -20 4 6 24
-4 -25 -5 -21 -22 12 -17 -8 2 -7 -21 -13 6 -17 11 -34
1 -3 4 -10 -24 -5 16 0 0 -40 -19 -30 -26 7 1 -17
27 -9 29 -5 11 12 3 23 18 4 -2 40 17 13 -7 4
11 -19 8 -11 -20 -29 -6 -1 19 -1 -8 4 -10 -14 11 15
5 7 -20 1 -16 9 3 18 -26 18 1 -11 17 12 -16 -5
-14 18 10 -37 -2 -16 10 -20 -5 -5 -8 3 -21 12 -28 19
11 -11 5 -17 -20 32 -19 10 16 13 4 -5 10 31 -5 24
14 27 12 -6 13 17 2 2 8 -5 5 23 0 7 10 -17
-3 -17 16 16 15 -37 -30 22 2 -20 3 10 -20 12 10 9
34 -42 -3 8 18 27 -2 -8 16 -25 5 9 -1 7 -26 -31
-19 26 21 -2 -5 -5 -18 -5 13 -21 8 17 13 9 -19 -21
13 -4 -15 -37 21 -4 25 -24 20 4 38 -16 -29 -2 -1 -1
21 -6 4 14 8 -5 -8 8 13 -23 23 12 -17 10 4 -3
-11 34 23 -14 -4 10 54 -9 28 7 -21 28 20 -23 6 -6
-8 7 1 -12 -14 11 -1 23 5 -19 -1 -10 -1 -21 13 13
-2 9 19 -10 2 -18 9 -15 11 -11 -30 -13 20 2 19 -17
33 25 12 -6 -1 29 -7 19 63 5 4 19 18 16 2 13
13 -31 -7 -8 -3 3 -23 -42 0 -21 -2 -26 -7 -41 14 -17
-1 -10 2 14 -32 29 11 -21 -10 -18 -21 34 -8 -4 -22 -34
33 -16 -8 -5 -10 7 -8 13 7 -5 7 1 -4 -15 12 7
7 -8 -25 -13 -10 20 39 -8 29 7 20 -16 15 -41 12 17
-3 -14 26 -10 18 22 -10 4 -18 30 8 0 -7 5 -7 -23
24 10 14 29 -5 18 4 14 -3 -2 7 -44 5 21 25 -7
-12 12 3 -5 7 18 2 2 6 -15 18 -17 -28 13 -18 -17
-25 -1 2 22 -17 18 1 11 -16 13 1 -18 -13 -8 -23 1
19 23 -5 0 8 11 -21 -23 10 18 17 -21 23 -12 6 20
18 15 -5 2 -3 -8 16 -11 4 -22 9 -8 25 9 34 33
-6 12 -9 -2 -2 -29 -12 18 -6 7 12 -6 -11 3 15 24
-4 -1 2 -9 -2 40 4 8 21 -2 14 12 26 -8 -10 -9
13 -1 -21 10 -2 14 26 -34 -8 -4 -33 12 7 19 -8 -46
13 4 19 -14 -3 29 -15 15 -1 -10 -2 -1 -5 6 8 15
10 -14 3 -6 17 -3 -5 41 -35 -3 -3 -27 31 11 -26 -10
