27 -13 -12 -2 8 18 -5 23 7 30 -9 -29 3 -12 -9 -3
9 -6 10 7 -12 10 31 -6 6 7 -3 -16 -38 -11 -11 -35
6 -15 7 5 -6 23 22 -3 13 25 -12 -17 0 23 4 -16
6 15 1 -2 5 9 16 25 -16 -6 40 3 -12 22 20 -9
-2 -14 15 9 9 -9 -14 0 -24 -2 27 39 0 2 14 16
-28 16 -13 -31 9 13 -9 -7 15 20 -46 0 39 14 -5 -19
9 21 2 13 16 -32 -29 -2 -17 9 -21 8 -3 0 20 16
37 -8 18 -11 -14 -10 -55 1 -9 27 -13 16 -23 -31 20 11
-25 20 -14 0 8 16 -8 9 -14 9 15 -4 -10 7 -11 -24
11 -8 -11 -3 0 16 -13 -18 -28 -5 22 -10 21 26 -33 8
-22 18 -21 -23 18 -31 -8 9 -35 -45 22 -13 -15 26 6 19
7 2 8 -34 -11 39 35 7 -16 1 -4 2 8 -7 -56 -30
-30 6 -14 13 -6 -10 -3 -12 -17 1 -24 3 -29 -10 8 -34
6 -7 5 -3 -13 -1 -6 -3 -17 11 -8 -24 12 11 -21 0
1 21 3 29 -16 -13 -29 -27 -8 0 -18 -6 -17 -12 -33 -2
-2 21 -13 7 -11 2 -7 12 -18 -15 24 9 3 -8 -12 17
-23 0 11 -14 -1 -42 -20 -17 16 -11 7 6 7 -17 18 -4
-3 -3 -26 -1 17 14 34 -26 5 -37 -14 10 -11 5 6 3
10 -5 0 17 -2 -18 10 25 24 25 -33 -3 19 -31 0 5
-16 32 30 -15 -10 -1 40 17 1 9 -18 1 -5 12 14 -29
4 6 20 29 -6 24 -21 32 35 -9 -1 5 3 15 -1 6
7 24 5 -10 -1 34 -1 12 -1 -35 -18 8 -20 23 -14 9
9 -3 3 18 9 8 4 11 -35 -22 18 8 0 -13 -24 23
3 -9 25 -5 -4 14 -26 -9 13 -6 -24 -2 10 -17 3 -7
5 -26 -6 -31 -4 36 21 13 -17 7 16 -29 -6 1 -3 -6
-27 -3 -30 -13 9 13 5 -3 -15 9 11 -14 -3 5 -23 -16
12 -6 -4 -22 7 -5 -13 13 -14 27 18 20 7 16 16 13
13 -21 15 -42 -7 10 -15 4 -4 9 4 12 2 11 58 -20
15 -37 2 -22 3 -17 5 9 22 32 -5 -11 42 -15 -19 0
-31 11 -22 0 27 9 29 -33 -26 -14 36 0 7 -1 -25 34
16 -5 5 35 6 -18 -2 22 1 -1 -21 -26 2 -22 -14 -10
-41 0 -36 11 11 22 -4 20 -30 21 13 -1 23 37 5 -5
-19 4 21 -5 -24 1 -22 10 -3 -36 -5 47 -16 -12 15 -5
30 4 3 31 -1 -15 20 -1 -6 -11 -7 3 -21 -23 -20 2
10 1 2 6 11 5 2 -1 -5 5 39 -43 10 2 -18 22
-9 9 -8 12 4 -42 11 3 -11 1 8 -15 -5 -39 -23 14
-8 -7 -11 4 41 -21 -24 -10 13 -6 26 -2 -1 -22 -14 28
4 -8 -3 13 10 -3 -2 -19 1 -31 -37 -1 1 22 -14 2
13 4 21 -15 32 3 0 21 22 13 9 -21 -11 23 -16 5
-21 24 -1 6 12 1 -9 2 -10 10 34 7 7 4 15 40
6 -22 29 11 13 15 -32 6 21 -11 -10 -27 12 -4 18 4
-6 -11 -3 -4 2 -10 19 0 24 -3 3 21 -11 8 17 -2
-1 36 11 12 -9 29 -5 -16 30 -5 -16 9 -2 -12 -18 -5
4 1 -12 7 -23 -21 15 25 12 7 -35 -8 0 1 5 -2
0 -14 7 -24 -2 5 16 16 -4 -19 0 -27 21 10 -22 7
-2 -20 15 -20 33 0 -20 7 -22 9 16 -3 7 22 20 32
6 -7 1 -2 6 25 23 10 9 -1 8 -13 -6 -16 22 18
-29 7 -2 7 -8 15 -13 4 -25 0 -16 25 19 9 -4 -1
-8 -30 9 -13 10 10 14 21 12 -12 21 10 -1 15 -1 -13
-24 -22 -1 4 -18 13 -6 -27 -10 12 9 -7 9 -14 -14 7
-50 27 17 -13 -22 -6 3 -15 23 -21 -5 3 2 -13 -4 5
9 -1 -38 -8 5 -1 12 22 27 -5 -2 -14 -7 15 -13 -42
-3 23 -3 -34 -5 31 21 1 -8 39 3 19 27 13 24 1
-23 4 -12 8 -4 -32 14 -11 -19 -10 14 20 29 -10 8 16
6 -12 5 15 8 -3 -9 8 -15 2 33 11 38 -1 -24 -21
22 26 2 13 6 24 -8 9 1 6 13 -18 -15 -1 2 1
-12 -6 -8 -1 6 -7 14 -21 -10 -6 0 29 -16 12 -6 -12
-28 14 10 1 -7 7 21 -37 -34 14 17 -12 15 -8 -6 7
-4 2 13 3 -17 10 9 2 -2 12 -2 -15 12 1 -13 20
29 -1 -5 -8 -2 10 21 -19 -20 16 3 -9 15 8 20 25
-16 24 9 -2 15 -7 -7 -8 6 9 -16 6 -22 -7 20 -5
-27 21 9 12 12 -19 17 -8 -4 -7 -4 -3 -1 0 5 9
-27 -30 -11 2 29 -21 -3 -7 28 -1 1 11 -11 1 -7 12
-1 -33 16 12 -53 -27 2 22 -27 -45 5 19 13 -8 21 36
