-15 -8 22 -32 -5 -36 3 -12 -25 -22 -13 -31 -14 -30 -5 6
-21 -14 10 -11 -22 -14 16 7 10 8 13 -1 10 26 29 24
-11 23 10 -10 17 11 -21 -25 -15 -10 -3 -1 -8 -10 19 11
24 5 -4 20 5 29 1 -23 19 -13 4 4 20 26 14 26
-5 7 7 10 3 -41 -5 15 -20 6 -9 -14 1 -11 -11 -15
-16 1 2 5 27 7 -8 -3 8 17 -9 -1 7 12 22 12
1 20 -14 19 3 -20 -2 -8 8 16 -8 -13 5 -13 12 15
13 2 20 16 14 6 25 -2 10 5 -1 -8 27 -10 8 9
-34 -17 10 2 -4 -1 4 23 -18 -22 -28 -29 10 -12 -12 -14
5 -10 -21 -26 7 -1 3 -2 6 -8 8 4 8 2 19 5
26 23 -14 5 -7 -3 -8 3 -8 26 -8 -1 2 -9 -19 -34
2 -11 -2 -15 -11 15 14 8 6 -5 -1 19 -4 -4 -10 -4
3 9 8 26 15 8 2 34 18 10 -6 58 13 3 22 8
5 -6 23 5 22 8 15 -23 8 -39 6 -5 7 -11 -5 0
0 10 14 -1 8 3 7 11 1 7 11 8 16 19 5 2
-6 -17 -22 -4 -9 5 -8 7 -14 -31 -3 -33 -9 -1 14 12
3 -9 23 15 2 -9 11 -9 0 25 12 -39 9 -4 -9 -11
-14 15 4 2 -10 12 -4 4 31 2 -26 -18 -12 19 -1 -5
4 25 -4 0 22 25 -3 -7 17 0 15 27 -19 15 14 52
16 8 5 3 17 20 21 10 9 19 11 26 4 19 0 16
-1 -3 -7 -19 -12 -18 0 -12 17 2 -22 -24 -12 10 -2 -5
21 -5 -4 -15 -12 20 4 -40 20 14 -1 3 15 -6 1 8
3 7 8 -4 13 -7 -9 -2 22 14 -19 -6 -1 3 18 28
14 -10 0 -16 6 2 -3 4 -15 6 8 19 -21 -14 -19 -19
-9 -1 2 -18 -31 -39 6 0 -19 -18 -17 -8 4 -30 -20 -28
17 8 8 2 -11 9 3 18 0 9 -4 10 21 27 -4 11
-15 11 -11 -5 -6 -15 -12 -17 4 -20 -26 -35 -15 -20 -2 -32
7 0 8 5 -24 -22 -16 -5 -2 -16 -10 -34 4 -23 -12 0
12 12 17 5 22 4 -15 2 -17 -31 -1 35 22 5 -1 22
-5 -35 -6 -18 9 26 9 -14 9 9 -5 -4 2 -7 -1 -36
-13 9 -7 14 -31 10 -2 30 3 -10 -14 -4 3 36 15 28
-6 -23 8 -11 -10 -4 -5 1 12 19 -25 -32 4 13 -22 -21
25 36 10 37 -12 -26 -4 -17 -7 31 7 0 3 1 -11 22
-11 -20 -12 -10 -10 19 5 -6 -11 17 14 -9 10 25 22 21
-15 -27 -9 -5 -1 -17 -6 -8 -12 -22 -3 -15 -1 -5 -27 -18
18 -6 23 12 18 15 -7 18 12 5 7 24 14 4 0 -6
15 13 -7 31 5 10 -8 30 -17 5 8 6 6 -14 -8 4
3 -5 6 8 14 7 8 -3 14 18 20 24 -8 18 19 5
12 -9 21 -19 -7 -12 9 -13 5 -15 -18 -24 0 10 -4 0
20 8 2 16 -12 5 4 15 -20 14 6 -2 3 -17 -31 -15
10 8 10 -24 14 2 -10 -19 24 10 -8 -27 0 21 5 19
-1 -23 6 5 -6 -14 10 8 3 4 -13 0 -9 -7 -29 19
-10 15 -6 -21 -21 -17 -3 20 4 17 -17 28 -4 6 -4 15
16 8 3 5 0 25 7 -25 2 -5 11 9 -1 -18 -4 -20
14 -17 -22 8 -34 17 -2 -17 -20 3 22 -5 5 -6 -21 -32
20 -3 -20 25 6 -6 -15 -39 22 -21 6 -19 13 15 17 0
3 6 1 2 -13 -17 -4 -23 13 7 10 -1 10 -2 6 -4
-1 -12 -7 -16 11 -8 7 -24 -2 16 -18 -36 4 4 -14 -25
5 -23 -4 4 -6 -4 3 -8 -6 -5 0 -17 -1 -5 -13 10
15 17 -18 1 6 13 23 -2 -2 2 7 10 2 21 6 -12
-5 -19 19 7 9 1 6 9 14 9 23 -7 6 -10 -32 -7
-5 -11 -5 12 -25 5 18 15 1 -2 12 -9 -1 14 12 4
-14 5 -3 2 -2 3 10 2 -14 -7 6 -23 4 -8 -1 -25
-41 11 -5 -1 20 -23 -18 -17 -14 -14 -9 -27 8 3 8 -16
-8 -8 -24 8 23 -6 2 3 -3 -9 -5 -16 10 9 -5 -4
-21 -1 -6 -17 -1 -3 -22 -9 6 -24 -17 -22 -16 5 14 9
-14 -8 13 -24 5 1 -2 -8 -8 16 -7 26 23 2 7 0
-19 -20 0 -1 -20 15 -4 -4 22 -23 -18 -26 11 12 -16 -27
12 0 -11 -15 -8 4 2 -6 12 -7 6 0 3 11 46 -25
-26 -5 3 4 0 12 7 -14 -3 -18 -9 -11 -8 -12 -20 -22
2 -12 20 26 25 11 -5 20 18 -12 -11 -10 16 11 -20 12
-8 28 -9 -4 -7 -13 1 -2 -4 18 2 11 -16 5 21 -5
-16 -24 4 -17 -4 -13 -18 4 14 15 -22 -48 -15 7 4 -12
7 5 8 3 12 8 2 11 0 10 7 9 -4 30 -6 11
