-32 -14 -10 -17 -38 -30 6 2 -15 2 -23 -34 -40 -12 -8 -25
-1 -2 24 17 13 17 6 -2 6 32 18 12 -5 5 0 44
16 -21 -5 16 40 10 -9 -8 5 56 28 27 20 21 0 19
23 -8 31 7 20 3 9 2 0 38 -27 5 47 18 36 -9
-1 -14 -14 -7 -9 -11 11 1 -6 3 -29 -27 -26 -17 -26 -2
-15 22 10 24 30 35 34 10 25 22 20 5 -16 4 -3 4
14 17 2 2 3 -16 -5 21 0 2 47 20 -14 -8 41 12
54 47 28 40 24 56 9 52 45 47 41 39 16 53 23 27
-6 -5 3 17 -35 6 -11 -29 -21 -8 -6 -36 -21 -17 -49 -35
-41 -56 -47 -66 24 -22 47 5 -28 -12 -20 -24 -19 -12 -5 -53
-5 -5 3 1 19 -12 0 23 -42 -5 -29 -12 10 -8 7 19
-8 57 14 -7 -22 5 18 5 -3 -48 -26 -20 0 23 5 9
42 2 55 13 21 5 1 32 33 68 11 27 41 24 22 49
45 -16 5 7 19 -30 13 5 -7 -22 -2 14 -23 -3 21 -2
37 36 24 58 36 42 22 21 26 -24 23 53 30 29 36 33
-13 -16 -6 2 -36 -36 -13 5 -11 -32 -36 3 1 -1 -2 -14
-21 16 32 -5 39 -11 50 26 6 4 15 40 21 37 45 42
21 -16 -27 13 3 -30 -61 6 -24 20 -1 -3 2 -11 11 9
9 -14 47 39 39 1 11 8 7 29 12 58 35 35 37 60
15 46 27 42 27 6 26 -5 17 33 10 43 22 32 29 25
-46 -27 -32 -38 -37 -27 -14 -51 -10 -14 -27 -24 -72 -28 -34 -44
-1 -5 25 -23 26 2 54 -7 -21 34 -2 -24 15 1 14 -24
7 14 12 2 33 32 -6 9 36 10 12 9 9 17 12 -1
-19 5 -10 10 -20 -17 -23 -11 -35 -25 -31 -1 -20 -9 4 15
-67 8 -44 -47 -58 -58 -21 -4 -57 -53 -42 -76 -50 -83 -66 -24
8 8 11 40 33 37 12 23 38 35 20 -8 43 52 -8 20
-40 -26 -3 -50 -38 -79 -38 -61 -45 0 -3 -53 -33 -73 -18 -8
-38 20 -10 -14 3 3 -33 -16 -21 -9 -29 -71 -28 -24 -43 1
-16 41 47 10 9 14 -14 -22 2 14 19 24 28 38 11 5
16 -30 -3 -6 12 -7 -21 -27 -29 -71 -44 -49 -13 0 -3 -28
13 -3 -11 -10 28 15 -12 -3 -9 21 26 28 30 20 35 10
-23 -17 -20 7 2 -13 -8 -2 -7 -8 9 -24 -3 0 8 -56
-9 -3 -25 6 16 8 43 30 48 35 15 17 21 -7 17 24
2 -4 4 -20 19 -6 1 -4 -2 31 -8 4 32 17 6 16
-5 -31 -37 -13 -43 -35 -34 10 -22 -40 -51 -73 -15 -54 -28 -42
50 39 32 17 -6 27 22 40 43 -3 24 21 15 24 46 29
2 46 -24 17 -23 29 9 12 26 -17 19 25 21 37 14 -3
24 27 -3 12 49 36 -4 0 28 14 15 31 4 -12 27 22
14 -9 -13 8 -45 -14 -32 5 -29 20 -7 -11 -10 -14 -8 26
-2 14 -11 -8 -6 -47 35 -24 3 -21 -27 -8 1 -9 23 -47
9 15 24 12 7 30 -14 30 8 24 5 10 9 -7 16 -5
6 4 -4 -5 9 19 -1 -10 12 0 5 -43 -26 -23 -19 11
-2 37 -25 37 7 21 -12 3 -1 13 12 16 -7 4 14 20
26 -28 -21 -32 -2 -8 4 -18 6 -15 12 -2 -19 -5 1 -25
-50 -33 -30 -18 -38 -35 -10 -32 -54 -5 -27 -30 -26 30 -16 -19
24 -11 -31 -71 -30 -1 -23 -27 10 -10 -11 -17 -4 -2 -29 -38
-13 30 25 -46 -16 -25 12 -15 -27 -10 -17 2 13 -10 -15 -18
-8 -14 4 -12 -8 -43 15 2 -17 0 -22 -23 -9 -12 -29 -43
-26 7 -29 -38 -46 -23 -23 -12 0 -9 -21 -39 2 -26 -32 -37
52 -3 2 9 25 27 -2 -1 7 15 15 30 70 3 15 10
-13 7 20 40 -28 19 34 15 17 14 -1 15 15 43 15 22
37 15 24 11 3 11 -7 -20 5 -12 -12 -2 20 10 2 24
8 -25 -19 1 -37 -52 20 -8 -32 -26 23 9 -12 -36 -24 -5
-6 -34 -13 -21 -19 -16 4 -55 -20 -9 -24 -29 -60 -13 -34 -34
-8 4 -1 4 4 1 -2 -9 12 -10 -1 -21 3 3 8 -17
-20 -3 -18 0 -2 -7 -10 -17 -20 -1 -12 -30 15 -9 -29 -41
-10 3 9 22 5 36 -8 13 -24 12 -5 11 11 4 -19 4
-34 -37 -33 9 -25 -41 -18 -37 -25 -13 8 -8 13 -6 -31 -52
21 32 23 -18 -16 22 2 6 -5 -18 6 7 -8 12 25 -1
-14 -19 -40 -7 33 -20 -31 -25 3 -30 8 -22 9 -26 17 -27
21 15 19 31 -9 29 40 9 43 12 16 21 3 38 0 -19
8 6 9 10 25 4 6 -8 12 25 9 8 15 -9 -17 2
1 -12 -15 2 -33 14 -55 -16 -18 -3 12 -30 -25 7 -13 10
27 -12 5 -9 31 20 43 27 44 -2 7 25 21 21 31 9
