-20 -26 -23 4 -16 -20 -26 -22 -43 -25 -21 -32 1 -23 -39 -4
4 -4 20 -30 -4 -18 35 28 17 15 -3 31 25 -15 12 1
-7 -13 -1 25 18 -27 -22 12 20 25 21 32 16 -1 14 9
4 4 18 -2 20 -7 -16 21 18 13 3 -3 23 5 6 21
-6 -8 -43 -29 6 -16 15 31 -20 -19 -1 -7 0 -12 -13 0
31 -17 15 16 2 29 15 12 11 42 1 45 28 23 29 -29
13 10 40 18 8 25 28 8 12 19 10 27 19 33 18 -35
10 25 15 57 15 -4 43 21 15 35 53 10 2 26 52 21
4 18 -20 -33 0 -22 -12 9 -10 9 -26 10 -8 -31 -25 -36
-10 9 -34 -6 -57 -7 -39 -8 -28 -34 2 -1 -14 -31 7 -28
5 13 -4 18 1 5 -6 11 1 -16 -4 -16 3 -6 24 -8
-6 -15 -8 -10 9 5 19 -8 -7 -5 1 -16 19 22 -7 14
7 34 69 2 38 45 42 11 25 21 4 16 26 18 32 31
-8 49 8 18 29 4 -9 22 15 15 -28 20 12 4 -15 6
-9 -1 26 16 43 6 18 15 35 30 21 23 26 15 22 18
-3 2 2 -30 5 -20 16 13 -39 -28 -13 1 -12 -2 -15 -40
31 -1 17 43 29 7 21 8 5 30 36 8 4 33 24 11
-6 9 7 -6 -18 -4 -14 6 -32 -28 12 26 4 0 35 -6
5 -15 49 1 59 39 33 1 11 31 24 52 20 38 29 4
45 45 38 36 17 3 44 -1 37 28 22 25 6 35 17 36
7 12 -27 11 -37 0 -35 -14 -48 16 6 -21 -10 -12 -8 -9
19 6 5 11 -16 0 0 13 18 -13 -7 -7 4 15 -37 -36
35 -8 9 9 -5 -13 24 7 23 17 30 42 19 11 -6 23
-40 14 -35 -13 -23 -12 -4 -23 -9 -8 14 -15 6 5 20 -4
-34 -7 -30 -30 -36 -34 -45 -35 -52 -29 -43 -63 -18 -27 -53 -28
10 -8 33 4 -8 -4 4 24 13 33 8 11 58 3 27 13
-33 -13 -20 -41 -9 -28 -25 4 -38 -26 -13 3 -56 -54 -46 -6
-20 -45 -42 0 -15 -31 -20 -18 -25 -36 -15 -44 -16 1 1 -20
9 -10 9 -9 38 4 12 13 37 31 2 19 21 -3 -5 28
-10 -30 -36 22 -7 3 -22 -15 -11 -46 2 -23 -8 -5 -26 -16
-6 13 35 -6 3 -19 -15 16 -6 29 -8 -4 12 -1 26 24
45 11 -9 -17 -21 -11 6 8 8 4 -25 9 -23 7 -39 -20
0 12 -7 6 -2 33 12 16 -16 -18 -7 33 -15 12 -6 -9
28 -9 14 -7 19 9 -6 -16 19 27 10 -11 -14 1 10 16
-30 -36 7 3 -29 -17 -18 -34 -46 -42 -20 -23 -18 -25 -49 -26
7 11 14 25 31 0 34 39 46 19 -20 23 -11 32 -3 34
2 -17 5 45 -3 35 3 11 -17 -9 2 11 -36 -12 48 16
35 23 -11 25 27 24 42 16 18 11 14 -17 46 14 9 -27
-22 -2 6 -18 -15 -13 -17 22 -43 -12 12 14 -19 -33 13 -12
4 4 -25 12 -23 12 2 -19 -6 -45 -20 -15 -14 1 -29 5
-1 -16 37 29 31 -12 -22 -17 9 -16 -21 -20 36 5 16 12
11 -25 20 -8 17 10 -3 -6 -8 7 -2 7 -12 15 3 4
11 25 7 -17 -40 -5 -7 -11 -4 18 14 2 -3 -3 35 -1
-13 7 -29 -1 2 35 -12 -22 4 -5 -25 -27 -31 18 -18 -2
-19 -4 -20 11 -15 -14 -1 10 -24 -27 12 -9 3 -20 -19 -10
13 -1 -3 27 -19 0 17 -12 12 12 -6 4 -46 19 -24 5
17 -8 17 1 -13 5 -31 -21 -2 -15 -2 -21 9 -25 -24 -9
-10 -14 8 -29 0 -13 0 -23 -25 -50 -19 -9 -21 -6 -35 -27
-26 -17 -21 -6 -2 -12 -12 16 -31 -41 -33 -28 -49 -20 -15 -2
1 32 24 2 6 23 -14 6 47 9 -5 12 32 -6 -15 -10
35 -5 26 41 21 7 8 3 5 22 0 -3 8 6 33 9
8 29 58 6 13 12 26 11 6 20 5 17 -18 -19 -8 18
-4 21 -25 -32 -34 -7 5 -2 -32 -4 -6 -11 -10 -13 -48 9
-2 0 -37 -31 -7 -31 -10 -25 -7 -28 24 -9 -33 -11 -11 -14
3 21 6 23 34 12 -2 -9 -14 -36 -33 4 -18 -11 -4 4
-22 -22 6 13 -7 -21 -41 -35 -38 -2 -10 -25 24 -27 11 -48
-8 -9 1 31 53 -13 -1 1 43 16 7 -6 -9 7 13 14
-33 -10 -31 10 -29 -44 -30 -14 -44 -29 -31 -10 -9 -31 -33 -24
44 31 23 3 39 -15 18 -4 37 -1 -11 -27 2 -15 -22 14
-11 -3 -47 -5 -27 -26 -36 -8 -19 4 -2 -18 2 -10 -11 -14
-23 -12 -17 22 13 9 3 45 -22 32 25 37 -23 -6 30 3
-39 4 -8 -27 31 3 -27 3 14 41 16 29 -20 8 -18 11
25 -12 11 25 11 -16 2 -7 -8 -14 11 8 -16 -7 2 6
12 24 11 30 64 -11 30 -6 17 28 43 18 8 29 22 44
