-17 -15 21 -17 -13 6 -22 -32 -29 5 19 -21 -21 -6 -37 -35
-23 15 -14 -7 20 -12 -27 1 11 7 -8 -12 33 -10 5 -12
23 8 -43 32 29 31 -13 15 -6 -57 -13 -29 25 10 0 -1
6 9 -21 4 12 39 13 59 33 1 27 37 10 13 34 23
17 -3 47 3 -14 -26 -37 -23 12 -5 -8 -21 10 -35 -18 12
-5 32 -23 11 34 -16 -24 -6 16 -29 10 32 12 37 9 -6
7 49 -1 -35 19 9 14 -8 -3 -28 2 15 9 16 -21 6
5 27 23 5 -19 13 26 8 30 -18 11 41 -16 16 20 -39
-35 -31 18 -19 4 -47 -47 31 30 -23 -24 0 3 24 9 1
-52 -14 21 -30 -10 11 -20 -18 -54 29 22 -37 -2 -2 15 -59
-8 21 -5 -10 -6 -72 -6 -9 32 4 34 13 19 -22 -19 9
2 -21 -7 33 15 26 -6 7 -37 29 -9 7 27 3 22 -1
22 17 0 20 -20 -19 56 10 32 -10 12 3 25 10 -17 31
13 -4 2 -25 -15 5 49 45 -3 9 30 -14 9 8 15 7
35 -22 27 15 38 24 -11 -20 16 42 -33 45 15 8 15 12
-12 -18 16 -53 -42 12 11 -9 2 3 0 -12 2 8 12 -6
-27 49 -5 30 9 -18 2 48 9 28 55 29 20 -13 -12 24
-16 1 10 -1 -14 -16 2 -26 -16 -42 15 -16 31 -30 4 -8
49 29 -14 -30 7 45 22 6 5 -19 6 45 -28 4 16 26
32 21 0 3 -14 -12 39 21 28 20 14 11 0 -5 20 21
-44 1 -26 -2 -7 -29 -7 -7 16 -8 -42 -1 12 15 12 -22
13 40 43 49 4 45 17 13 -7 15 43 -10 43 -36 12 -23
8 -25 -29 -21 3 -6 -18 25 5 -31 -25 21 -32 -1 21 9
9 -3 -44 0 5 -17 15 -41 -13 23 23 -11 2 -18 -10 -8
-50 -33 -14 -1 -52 -10 -45 -6 -8 31 -2 -25 21 -24 -19 3
2 -17 -3 49 9 7 -39 -4 26 24 23 -19 -3 26 7 -6
-39 8 7 -18 -46 -24 -67 3 -5 -25 -33 -13 -9 -11 6 13
4 -33 -37 -7 -14 -33 -44 -36 14 -18 -10 -14 12 -12 -14 -27
11 -19 -7 50 24 -13 9 29 -31 -27 20 0 10 9 -16 -1
3 -6 29 -27 -9 -26 -39 -18 -13 -28 -6 -21 -34 -2 12 -4
7 -10 6 27 13 -18 -41 15 6 3 3 3 19 8 -14 1
-6 27 18 -23 -14 -41 -20 -7 -5 -33 -4 -18 31 14 -18 -5
-5 24 55 -59 20 18 19 27 20 -3 23 3 -15 8 29 10
17 1 10 -20 -4 -7 -4 0 -2 -11 10 11 -10 22 5 -9
-10 44 27 18 -18 24 -26 -18 -3 -23 -3 -73 -32 8 -12 -3
18 33 -22 30 3 75 13 13 -11 44 21 -19 -19 8 -26 46
22 2 18 -13 -19 -3 -6 -9 -3 23 -1 30 -6 23 10 -9
6 13 24 16 24 4 22 -37 -27 -42 17 31 23 23 16 -4
-7 -4 32 3 -27 -7 -30 -55 6 -30 -27 37 -13 -53 -10 -17
-9 13 22 27 -7 6 -22 -6 18 10 13 -18 6 20 4 -17
2 21 -17 1 1 -24 10 10 30 3 50 44 35 -8 -19 6
2 9 3 22 15 16 -10 5 37 19 -2 2 41 53 18 -9
-18 -21 -22 -2 7 16 10 -18 -6 11 0 14 16 9 0 -7
7 28 6 17 9 8 33 -13 -18 6 -10 -12 -12 20 -31 -42
-28 30 23 -11 18 -81 13 -10 -58 11 54 -9 1 -7 -6 5
-30 27 -15 12 -18 15 -11 20 -5 -34 -8 -19 -8 -3 30 -25
-15 9 -10 -5 24 -14 -3 8 -4 -5 -11 6 10 -34 -19 11
-7 8 9 -24 -2 -9 -9 0 -26 -4 -4 -34 -4 18 -15 -5
-18 -51 -9 -14 -19 6 1 -9 -22 -18 -31 -56 19 22 9 -25
29 14 25 -10 19 8 -3 17 28 14 0 24 -34 3 1 -1
18 25 -31 6 -14 -13 27 -15 35 25 3 -8 -8 15 14 -12
16 -20 -8 31 -31 11 22 -19 23 -5 -55 -9 15 4 7 8
9 24 -17 10 -33 1 -12 34 -11 30 -2 4 4 -16 11 -28
10 0 5 10 -27 -20 -22 5 -16 5 -7 -23 10 -16 7 -37
-9 -9 23 -45 -9 -6 0 1 0 -15 -26 -19 -11 6 8 19
-41 30 -21 -36 -16 25 -7 4 16 -36 -1 6 10 15 -10 8
52 2 7 17 -27 3 9 31 -8 1 35 34 -20 -8 -23 10
-16 -43 3 -6 -4 1 -25 26 -3 -28 -15 -47 -50 -27 -24 -10
28 16 -5 3 -12 9 22 23 -5 38 6 0 11 -11 2 20
-55 -3 8 -15 -23 -11 -38 17 -3 -46 10 -29 -11 10 18 0
-21 -28 -10 2 14 2 8 -15 35 11 1 -27 20 -9 5 -16
58 16 -3 -13 -4 7 16 -12 6 6 1 -18 -50 15 8 49
-18 16 -8 10 11 -23 -13 14 -2 -47 -11 63 60 -2 0 -5
13 -8 -3 12 8 22 2 45 23 36 26 -10 36 14 24 37
