23 -17 3 13 -10 -18 4 -12 4 -14 8 16 -15 22 -1 9
-6 9 4 6 -9 7 -11 -5 -4 -8 22 18 -3 14 11 1
39 -5 -15 6 -9 4 1 15 -22 -16 14 30 -3 0 -8 -11
-6 8 -15 -14 -10 7 3 8 14 22 6 -1 -1 21 5 5
-4 8 16 -10 -1 -2 16 -3 1 4 1 -5 -11 -27 14 7
-12 2 12 6 0 6 14 9 -16 -10 23 -4 -16 -4 -4 -12
9 6 -5 -10 -1 -3 0 -5 1 -3 12 -25 4 11 0 -14
-1 14 8 -16 -5 -18 -3 18 -13 -14 30 -12 -4 13 -5 -20
-2 -8 3 25 3 1 16 -6 -7 3 -8 19 24 0 -2 -7
18 -9 -26 -8 -2 -17 2 -18 1 5 8 10 -9 30 15 0
5 4 -4 12 5 -12 18 1 -11 -7 -27 -20 -14 -11 14 1
-2 0 0 -3 -12 22 7 4 26 11 -10 -1 4 9 -2 9
-2 -6 -2 4 0 -3 -27 -12 -7 3 -17 -5 20 -22 26 4
-7 -21 4 28 25 -9 -4 15 0 -8 -10 17 15 9 -6 -7
-15 -4 0 -5 1 -19 3 2 -16 -4 -10 -16 15 -4 7 -15
-1 4 11 8 -5 -1 -13 -6 11 -6 -13 5 25 -14 -16 0
3 6 1 -10 -2 -5 7 -9 -14 5 -25 -7 -35 -26 -8 -16
-14 6 21 -8 -2 -1 -9 -21 3 26 9 -11 17 -13 -8 11
-10 -18 4 -2 -13 0 -40 -1 -5 -13 11 -14 15 -6 -10 -2
3 -8 -20 -1 -27 15 -12 17 12 4 -25 -26 -25 -3 3 -21
-10 16 -7 -8 6 14 2 16 4 14 23 -10 24 14 17 34
22 -16 -24 -20 -11 -5 -6 -6 25 -2 -16 3 -15 22 8 -18
-17 -19 -3 -12 2 -2 -11 -3 4 -9 1 -17 8 -20 -3 -10
7 11 8 2 9 13 12 13 6 -7 8 -3 0 4 4 12
-12 -10 19 31 1 9 34 16 2 2 7 9 2 14 5 24
-13 10 0 6 -14 14 19 -9 -28 15 15 7 -10 -2 0 -16
1 13 9 -16 19 -5 7 18 7 0 2 -23 4 5 6 8
-30 -21 5 9 -10 8 8 10 3 14 7 14 11 -15 10 9
-16 -15 3 -3 -16 16 -23 1 23 -17 -5 8 5 -26 -13 -9
5 -15 -7 9 20 6 -4 -14 22 -13 -14 0 -4 6 8 -11
-16 8 4 -12 15 0 9 -22 7 -7 6 -10 27 -23 14 6
5 -6 -10 -10 -8 -14 14 -8 3 13 6 -3 -2 36 -15 10
-1 -11 -35 2 -19 14 -11 11 -24 1 -14 3 -7 7 -8 -28
-1 5 11 -2 -24 0 -13 -2 6 4 -7 -2 4 -2 -3 -24
-6 19 20 17 36 -4 3 -13 5 -3 22 13 26 20 -2 -7
-15 11 11 -1 19 2 -4 8 -3 -4 5 2 -24 -11 7 -13
3 -3 2 -5 -4 -1 -19 0 -4 4 -18 -18 -2 3 -29 -20
8 -7 6 -10 -13 -1 -11 -12 4 -7 17 -4 -10 13 -3 -1
15 14 7 11 8 -37 -24 -13 -7 16 -10 -3 6 8 -10 -16
-4 10 -4 -6 -7 -15 20 27 -12 11 -7 3 -22 5 8 -10
-9 -15 -1 3 9 -1 -9 -28 -16 0 -4 10 2 14 6 -4
11 -8 -2 2 -21 14 -1 2 -2 18 2 17 7 10 1 -19
-17 13 17 -3 -5 27 14 14 7 -4 8 0 1 5 4 -1
7 -18 -10 -5 -1 -23 3 15 0 -5 -2 9 8 22 4 37
4 -5 -6 -2 -8 -19 4 25 -1 -24 -23 -14 10 16 19 9
-22 -1 -6 0 17 -11 -2 9 11 30 -1 4 7 -7 -12 -4
-6 -13 1 2 13 -15 -4 -24 18 5 -17 17 -8 -3 -12 20
17 -7 -20 -19 7 -7 6 1 18 18 -13 18 -3 2 -10 5
11 10 -28 -7 2 -2 11 2 31 19 -11 23 -16 25 -13 9
7 -9 -19 0 -13 4 1 -15 -16 7 4 -2 10 -1 8 -16
-1 22 -21 24 14 6 11 -3 -11 11 -7 -2 -23 -20 -4 -15
-9 -1 15 1 -11 1 -29 -6 16 1 7 -13 24 -15 14 15
13 4 11 9 8 -21 12 0 -14 9 -13 -6 -4 1 -10 9
-15 -7 18 -9 11 13 7 19 -6 7 -1 -4 4 -4 20 6
-1 -5 -2 10 14 -11 7 -10 3 -8 -14 -8 0 1 -10 -4
-7 -10 7 -4 -9 -3 15 -11 -2 -15 6 11 26 19 17 22
-2 -13 -2 -2 -14 -6 -18 4 12 -17 -21 7 -12 -22 16 -18
-17 -2 -8 7 -8 8 16 -1 22 12 -11 -3 6 -16 3 8
-7 -23 -18 9 -22 10 -11 9 22 0 -9 4 11 9 4 0
0 -9 7 1 3 -13 27 15 -10 -9 -7 2 14 30 -13 11
10 10 -12 3 -1 2 4 -25 -9 9 9 10 1 -7 -18 -6
-13 8 -14 -1 6 13 15 16 6 6 12 6 0 -21 -2 5
-12 5 27 -4 12 -21 1 3 -11 -1 23 -2 10 -20 12 0
-25 0 2 -4 3 21 8 14 -5 8 -2 -23 -6 -21 11 1
