21 -1 7 10 -2 -1 -2 -1 -22 3 -8 15 -10 30 -2 -5
7 0 12 9 -10 -19 11 9 0 -23 -1 0 -2 -5 -4 -15
1 18 -2 -4 -24 0 -18 16 -15 -12 -9 -16 13 35 -1 5
-6 12 0 -5 -6 -18 7 4 18 -36 10 -17 -12 3 -9 -6
-20 -1 0 0 -14 -8 10 5 -9 1 -1 20 27 -11 10 14
-7 20 -5 -23 -7 -2 -11 8 6 -22 -26 7 -10 -4 6 14
-3 0 -19 1 -4 -6 -3 -7 8 -3 6 11 -1 -5 6 -13
-6 7 12 17 0 -27 -12 -18 -8 -13 17 -15 0 -10 -20 11
8 1 -3 0 6 18 -1 20 -8 -23 6 -11 9 -15 -21 1
-3 17 9 -9 -14 -8 -3 8 14 5 -20 10 -1 -18 29 -1
-1 7 -17 -18 -36 3 -13 22 -11 5 -15 29 5 -5 -15 -8
14 -9 -7 2 10 9 11 -10 -2 18 -2 -21 11 -20 -22 -2
6 -6 11 -12 22 9 -16 0 31 17 -7 0 -11 21 8 -23
-32 -15 15 14 -2 0 3 -4 3 15 3 -5 5 -22 -22 2
-9 6 -8 -16 -3 21 3 -8 0 -8 -2 -26 6 -5 -17 5
14 -7 4 0 29 24 20 7 -3 -4 13 19 -4 4 6 5
2 -1 -13 3 7 4 -32 -8 7 -4 -16 -13 3 0 -5 -3
-4 -10 18 -19 -1 19 5 9 -6 2 9 6 20 20 24 8
15 14 15 -6 -2 -3 -6 -14 0 -18 -4 -13 -10 24 -6 -15
-11 10 -7 -7 10 -4 -9 -6 0 17 19 -37 -1 -9 -27 -25
-5 -6 -6 -2 -14 8 5 -5 -7 -5 11 1 7 -15 21 14
-24 5 -3 16 -24 -2 -17 -4 10 -4 21 12 0 -1 2 22
-21 10 3 8 -3 -5 8 -17 -17 -13 -2 4 -15 5 -2 1
10 3 0 -5 -7 3 10 0 -9 14 5 5 30 -24 -4 5
8 0 -14 11 14 10 -11 2 -1 34 11 -23 -1 12 -10 20
-30 11 -1 -14 -4 -17 -15 5 18 -1 -16 -15 -3 11 -12 3
0 6 1 16 5 -8 -9 7 -5 4 -11 7 -8 -4 -2 -1
8 14 -7 5 29 -15 2 -9 -16 5 14 12 20 8 3 10
-27 0 -4 9 -2 14 -10 -11 7 -10 12 1 -7 2 -9 5
-12 3 -20 -3 6 21 14 4 -7 3 -13 11 14 -12 -1 17
4 -5 20 10 -10 12 17 2 7 -11 -17 -11 -4 10 23 -11
-19 -7 5 1 5 11 11 27 9 -11 -9 -7 -14 4 -10 -13
-15 -10 6 11 12 -11 -15 13 7 3 26 8 1 2 12 9
-2 4 -6 14 12 -1 -3 1 -5 -19 1 2 8 0 11 14
38 5 -11 -18 6 6 9 17 0 17 20 4 -1 6 -7 -17
-14 -17 5 16 2 -10 2 -18 15 -13 -29 0 -1 -26 -7 4
3 -6 -20 -2 -11 -1 -11 -9 -14 -2 9 10 -10 -10 -18 2
3 -11 2 -28 -21 27 2 4 -2 3 5 16 -16 -7 3 14
18 -23 14 1 -12 -5 -11 -3 -2 -17 -4 13 11 8 -10 -7
-11 6 3 4 29 8 -16 8 11 2 12 5 1 12 -9 4
-11 8 2 13 -9 -9 -12 8 7 -22 -9 8 4 2 10 -25
33 7 -10 -10 2 -23 -5 16 2 -7 0 7 4 -5 3 -6
-9 -5 1 -26 3 6 -6 14 13 3 11 -5 2 -4 24 13
19 -8 6 1 -2 -18 6 1 0 1 7 1 -4 4 13 -11
-7 -1 12 30 0 6 8 -26 5 6 20 16 7 -10 -7 -14
-16 18 -15 17 -10 -5 0 15 3 5 20 17 10 6 18 0
-3 3 2 8 28 -7 -31 2 -5 26 -11 5 -10 26 1 14
-4 15 -8 6 11 13 1 -3 -13 -19 -5 17 17 5 8 -10
15 -7 23 11 -10 -13 -7 6 -1 -18 23 -4 4 5 -9 -6
-7 5 -2 -23 -4 -17 -12 18 26 6 -10 -2 -7 6 3 -2
13 2 -12 -2 -7 6 -8 -4 -18 5 -8 -21 14 17 -21 -16
13 -11 5 -9 19 -10 5 -13 -13 6 2 -23 13 19 -5 -15
-3 11 20 8 17 26 -27 3 13 24 -3 -7 1 19 -7 2
-14 0 5 -19 -5 26 23 -21 -13 -1 0 9 9 -5 9 19
5 -18 -9 -14 3 -11 -6 -13 10 -8 -6 -6 8 3 -16 -4
-8 1 -10 -20 20 -8 -17 14 6 19 -4 2 -25 13 -1 13
-4 -15 -19 32 13 18 -2 -26 -8 -11 3 10 3 10 -16 11
-22 -2 6 8 34 9 -2 2 6 13 -15 13 -5 4 -4 -10
-2 7 19 20 0 0 3 -46 -9 12 0 14 -4 1 -6 -7
9 18 -8 -1 13 -8 -18 21 -15 10 -25 -19 -19 -6 -16 21
-3 14 -4 -46 -7 -4 -11 1 9 8 -4 16 9 6 -9 5
3 17 16 5 12 -1 19 -6 2 4 -2 31 0 8 9 0
-15 -10 -3 1 -14 1 16 -2 -9 -12 0 24 15 9 28 -9
7 -3 17 6 14 -2 18 -11 14 -4 -12 7 18 2 25 3
