16 35 37 26 17 39 47 41 52 25 41 45 70 31 43 44 29 27 48 32 52 30 49 39 33 49 43 25 14 54 43 57 53 52 55 56 61 44 43 64 32 72 37 44 39 48 57 43 48 59 43 47 44 58 52 57 62 28 35 56 55 52 41 40 52 47 37 49 38 25 43 41 24 72 40 36 51 62 40 30 39 51 61 44 52 59 46 43 55 27 74 44 26 48 61 43 48 40 50 34 34 28 31 45 51 60 50 47 74 59 19 58 35 46 56 29 50 52 70 49 62 59 70 14 27 24 50 54
27 21 44 20 40 34 33 40 40 37 35 43 59 42 41 41 33 43 9 48 49 16 51 44 41 41 43 41 45 44 33 36 33 29 40 36 12 27 49 44 47 66 37 18 28 48 36 34 21 30 37 45 51 41 37 50 47 51 30 75 47 56 47 61 37 37 43 24 66 47 40 16 33 29 37 33 18 22 20 57 56 35 31 7 49 38 30 46 47 17 34 28 12 38 57 59 33 35 50 44 19 55 25 22 62 33 49 53 54 35 21 29 49 19 51 43 44 46 48 51 35 40 59 31 33 37 23 28
73 23 57 23 52 50 38 51 64 69 52 72 80 65 55 61 42 67 34 40 38 57 44 52 42 33 35 68 36 75 70 51 58 34 42 59 59 50 53 54 45 47 71 42 24 44 28 61 69 64 55 46 75 53 47 47 49 67 37 54 45 59 50 42 35 58 74 44 33 54 51 61 65 73 48 54 29 47 33 66 47 47 52 13 69 41 63 36 85 48 66 50 40 40 45 57 65 67 67 22 15 53 30 66 59 57 53 55 60 28 32 59 64 34 53 65 56 58 57 73 75 40 53 34 46 34 60 56
63 15 85 46 61 48 77 86 91 60 41 66 87 72 54 90 76 55 59 49 76 70 56 64 57 29 76 52 46 72 89 62 78 78 58 46 70 58 75 62 71 71 52 55 78 49 58 87 98 80 70 79 62 56 74 85 72 34 70 78 79 77 64 73 58 68 75 78 58 79 87 80 82 65 47 73 66 90 56 61 58 78 61 67 93 64 37 69 60 42 83 69 77 53 67 79 56 57 54 49 52 58 87 80 70 62 75 66 65 63 58 70 76 57 65 66 62 47 64 62 71 72 73 68 60 47 61 80
30 6 49 21 47 58 48 51 40 48 11 25 30 57 36 42 28 36 29 19 39 33 27 41 32 37 40 44 33 67 45 21 38 34 41 38 61 42 33 58 49 28 34 44 60 24 53 58 37 29 36 14 33 34 30 50 58 30 38 35 33 32 41 56 36 45 25 22 28 51 47 56 43 22 7 36 37 37 42 34 39 56 40 41 55 32 53 47 38 50 37 32 47 57 43 38 50 38 30 48 46 40 54 58 46 46 24 38 34 17 31 40 44 19 25 53 40 49 33 20 37 15 36 32 32 34 35 59
77 29 78 18 45 23 41 57 40 39 42 41 48 23 51 43 65 46 42 55 56 55 43 65 30 32 11 53 41 54 39 38 59 35 64 56 51 47 39 12 51 41 52 28 36 37 41 40 37 55 39 40 57 45 62 47 40 49 51 56 38 42 39 55 35 62 47 51 53 57 61 45 49 37 49 46 69 30 46 70 43 43 56 48 62 39 55 52 59 39 35 19 39 56 58 48 57 40 67 42 10 13 57 20 42 63 76 47 50 32 34 40 47 43 42 30 36 63 56 44 58 35 61 57 42 37 42 28
19 45 28 14 40 48 37 43 58 32 34 54 47 63 46 35 29 24 30 54 26 27 43 33 41 33 30 41 19 36 50 50 54 22 34 35 49 23 41 30 58 43 32 29 51 26 49 45 51 59 64 42 44 34 50 44 68 46 32 45 51 41 30 46 42 50 28 41 21 29 38 31 40 53 32 34 41 42 45 33 23 55 23 30 52 33 38 53 40 50 59 26 65 55 51 56 61 23 28 18 2 17 24 45 48 36 28 43 49 56 28 31 50 23 49 44 31 38 23 27 25 30 41 57 20 34 48 63
30 54 42 29 36 13 36 22 83 37 54 60 44 56 67 55 27 34 61 48 39 44 9 36 22 35 30 50 32 32 38 61 54 48 31 51 32 52 37 47 38 31 44 5 19 35 49 46 56 45 40 43 40 60 62 31 36 45 21 62 36 54 62 56 19 51 31 33 16 52 43 25 41 26 50 38 39 37 46 44 23 43 50 55 46 39 56 29 54 24 46 56 62 38 17 25 41 19 69 24 38 24 28 48 59 34 65 42 48 50 40 22 55 26 38 10 41 47 41 49 46 30 53 36 37 33 40 32
46 47 68 46 67 58 59 62 84 43 27 45 50 38 16 60 54 27 48 66 36 70 41 38 50 37 48 68 39 74 58 45 63 66 45 63 57 30 58 44 51 52 20 52 77 68 47 79 71 38 43 54 77 63 58 38 48 44 61 65 81 35 47 53 37 66 74 69 50 42 68 57 69 57 47 73 53 57 47 59 26 54 96 62 88 61 47 50 82 40 76 31 51 44 42 69 51 37 49 52 17 36 78 83 77 57 52 56 38 54 57 39 68 34 67 76 43 39 54 78 68 52 64 62 58 56 43 59
52 14 75 35 38 50 56 70 48 35 47 53 75 85 51 66 62 49 48 58 29 52 61 67 67 45 56 95 62 64 64 61 57 7 57 38 70 32 49 23 62 64 62 52 55 56 28 59 68 66 48 56 51 66 57 21 55 27 45 56 65 48 58 40 80 53 81 56 44 65 59 82 71 65 33 57 27 61 46 53 26 68 62 58 55 48 56 46 86 67 68 42 68 63 46 51 57 41 70 36 26 38 53 54 72 51 46 57 53 65 20 64 47 36 49 29 78 52 21 35 59 43 48 37 71 53 51 69
44 24 64 39 67 37 54 42 72 53 63 55 82 47 47 77 62 38 57 62 65 46 34 69 39 47 22 60 53 67 45 59 62 51 44 77 79 50 58 48 49 63 50 27 42 51 18 81 50 52 43 60 52 55 78 41 52 60 40 35 50 74 76 79 34 37 77 69 53 72 61 56 19 71 27 67 46 27 53 30 34 67 42 53 82 64 67 64 62 27 49 65 59 37 60 55 33 45 66 37 55 64 44 66 71 40 61 57 30 73 35 52 46 24 47 36 47 53 64 61 52 54 45 64 48 72 53 62
42 41 40 20 65 46 47 49 61 29 65 55 62 81 45 49 57 17 48 51 57 38 42 56 48 31 43 38 42 32 23 50 46 47 75 52 58 54 46 26 64 47 60 57 26 46 27 55 68 49 52 50 63 62 55 45 60 58 55 41 52 36 76 61 20 51 60 53 54 51 57 72 40 38 40 55 43 33 47 40 47 46 71 27 67 57 54 61 60 64 53 54 65 53 70 68 50 30 66 44 41 26 52 49 59 52 53 46 39 67 44 43 45 49 46 22 64 44 25 49 54 72 66 41 46 43 54 68
37 34 51 23 54 15 44 46 51 41 59 33 50 35 39 59 44 18 27 30 75 35 38 45 19 40 54 25 25 44 43 59 53 57 21 30 36 40 35 47 26 53 54 45 41 58 40 29 28 69 41 45 82 37 52 28 41 61 38 56 53 33 49 41 45 63 51 39 46 59 47 35 35 42 41 48 42 16 42 49 57 62 42 35 32 25 44 52 52 53 57 30 17 39 37 43 17 43 71 30 51 41 29 23 51 67 67 51 32 26 16 51 59 27 49 58 67 57 38 51 36 20 48 42 25 46 21 23
48 36 37 28 47 59 66 53 45 60 41 54 26 47 27 37 45 31 45 28 32 54 33 50 33 34 33 47 28 56 19 14 40 38 35 41 14 42 39 44 35 30 52 31 27 55 36 45 50 28 44 37 30 29 33 38 30 24 39 33 45 36 26 62 29 48 44 41 41 54 49 37 45 49 27 49 39 32 60 5 26 43 52 31 64 32 33 27 40 17 62 33 28 45 65 58 40 35 35 43 36 47 33 35 38 54 48 50 27 38 33 44 31 37 50 32 48 41 43 24 24 21 41 39 39 52 68 59
44 49 65 34 42 46 57 42 61 29 56 46 63 64 38 71 56 50 65 36 57 27 43 53 47 36 26 40 51 40 47 49 18 33 45 31 61 71 43 34 60 49 29 39 30 46 66 37 52 46 47 57 53 40 55 40 52 29 51 41 40 56 61 53 54 64 48 55 28 56 71 57 60 26 7 51 34 52 35 54 31 29 63 30 50 31 48 58 63 46 58 53 72 42 55 37 51 35 32 15 39 40 50 61 70 40 62 70 39 14 45 31 50 51 53 32 53 53 32 27 75 52 43 37 57 51 48 55
45 56 47 62 52 31 58 75 55 52 64 27 54 63 56 56 50 47 34 34 71 24 45 46 34 33 42 50 49 26 39 41 55 39 33 65 55 55 52 47 50 33 34 50 57 35 31 52 44 48 62 50 57 48 45 54 55 42 44 50 50 41 45 43 38 50 47 36 34 66 58 36 61 41 45 58 25 21 30 44 29 66 47 47 52 27 53 30 39 32 59 23 29 51 53 44 46 49 63 39 18 16 33 47 58 55 47 63 54 38 40 28 56 46 54 28 70 45 52 26 49 33 36 33 34 14 31 66
44 29 44 41 42 46 48 63 47 26 47 54 50 60 47 68 35 38 40 50 42 49 43 43 41 51 29 47 64 47 44 29 23 65 57 67 52 47 45 57 45 30 38 27 45 28 32 55 64 41 47 49 27 39 52 51 39 30 41 73 56 51 47 42 25 58 66 56 38 46 46 40 45 55 48 51 39 19 53 33 28 42 51 65 64 44 44 39 59 32 57 48 42 59 36 50 51 29 46 39 34 34 35 50 40 58 50 23 61 56 49 68 45 33 47 33 45 48 60 45 57 51 60 52 36 35 55 52
60 37 64 47 81 46 59 53 61 51 55 63 99 63 51 66 64 55 72 55 47 41 74 68 62 59 57 24 48 73 70 72 56 58 50 58 82 54 78 81 49 65 65 48 71 60 70 50 63 90 44 50 80 59 74 47 70 65 36 78 50 84 51 66 48 59 76 89 65 65 62 47 42 81 46 58 39 60 51 60 36 54 69 59 73 63 37 55 83 35 67 45 58 57 67 62 72 75 51 45 50 83 44 71 47 62 73 85 69 42 22 56 58 27 75 69 85 72 80 73 58 71 54 56 52 42 61 74
36 15 50 34 37 55 54 66 36 41 51 20 50 49 52 47 54 23 47 45 71 35 53 59 28 41 47 47 37 43 48 44 42 27 43 38 53 31 44 19 59 47 31 56 51 41 29 55 55 53 56 53 39 45 55 20 56 25 50 31 58 36 48 47 48 75 42 49 56 50 62 44 55 35 35 53 48 44 52 56 40 67 54 53 41 60 29 74 37 40 30 6 46 49 43 16 35 33 26 25 16 39 43 57 61 35 34 49 25 49 43 39 45 18 40 12 39 44 37 14 41 43 34 42 58 19 22 34
52 28 82 33 51 17 59 58 65 49 36 50 85 44 35 55 69 68 54 45 43 53 57 43 45 45 43 45 46 69 52 67 24 41 61 51 69 51 69 50 51 52 43 29 47 45 40 58 59 65 57 62 53 56 63 36 30 47 51 67 43 56 50 65 55 37 73 47 43 60 60 57 64 47 37 71 50 68 44 64 25 74 29 44 66 17 46 58 81 65 55 47 43 57 63 45 71 55 61 51 22 45 39 45 65 48 80 71 64 33 7 33 68 37 40 55 53 34 50 57 50 28 58 52 39 24 46 62
30 18 48 48 45 50 56 56 51 43 44 52 75 47 58 51 24 35 46 44 37 56 46 38 58 36 46 60 28 26 52 35 22 40 33 49 49 26 43 59 47 50 20 30 40 33 32 61 42 59 35 29 37 28 60 44 54 58 22 46 63 49 40 64 26 47 54 59 34 59 69 31 30 65 40 65 44 47 15 37 54 48 45 45 45 57 41 18 62 45 54 27 42 28 68 74 38 25 33 40 20 47 -5 43 25 28 37 52 29 56 11 61 50 29 69 33 38 58 59 45 41 36 43 54 41 35 60 75
41 28 56 15 59 35 72 42 52 66 73 66 70 74 62 76 35 61 57 58 54 58 49 68 65 40 60 57 54 49 66 61 61 31 29 33 60 72 53 68 62 58 59 31 67 45 84 97 55 66 68 41 51 50 75 48 63 75 33 44 51 73 78 82 49 61 50 56 48 65 76 31 40 65 52 55 38 57 53 37 36 55 49 64 73 83 50 56 70 61 78 55 76 57 33 66 60 54 44 56 55 66 37 83 64 65 51 68 62 62 32 59 73 28 75 62 56 50 52 39 38 33 61 50 42 61 65 73
42 33 68 51 73 70 71 81 78 64 59 43 85 91 72 78 88 43 56 67 52 88 72 57 71 50 50 60 57 71 73 70 49 66 58 45 64 74 92 66 81 73 48 53 80 67 60 90 70 61 66 66 63 68 61 71 76 61 50 116 83 47 80 75 66 99 81 75 48 70 65 61 75 59 74 55 73 60 55 61 59 86 86 60 89 64 75 69 86 51 79 67 86 73 74 83 75 64 67 51 46 67 73 91 85 76 59 65 64 63 53 74 66 77 95 58 94 57 63 81 63 61 70 55 48 59 46 87
46 58 51 56 58 43 36 45 58 50 36 38 71 61 78 55 81 36 47 38 64 44 60 70 44 45 66 66 46 45 37 56 46 79 55 36 68 63 66 63 63 54 54 34 34 50 28 76 40 73 46 69 77 48 61 38 42 53 50 55 67 55 81 39 58 73 73 44 26 59 64 66 77 52 64 44 24 51 39 51 41 49 78 57 45 34 44 68 43 44 62 60 75 53 30 38 61 45 50 34 28 34 51 55 50 67 83 49 43 61 42 40 49 66 50 38 69 61 64 41 77 76 44 27 39 30 46 77
39 25 26 47 37 44 41 40 45 14 31 19 48 52 16 41 19 38 15 21 29 16 14 29 17 9 43 28 44 18 35 24 22 29 32 49 26 28 20 45 51 45 21 19 44 13 33 36 48 37 24 26 28 35 51 57 38 26 30 51 38 27 32 22 21 36 50 33 15 28 29 22 22 12 28 19 38 38 14 13 20 8 23 46 26 40 52 46 36 18 52 37 27 45 38 29 32 15 34 40 29 35 18 32 24 41 48 41 53 25 24 27 24 27 50 9 32 47 35 22 37 28 31 33 28 11 21 68
22 33 37 47 64 48 33 37 32 34 47 33 68 47 34 34 47 27 53 36 43 35 54 16 16 20 30 23 6 37 31 32 6 45 36 30 51 28 45 41 45 26 44 46 44 53 15 41 53 47 59 47 56 36 43 29 49 54 43 38 45 9 44 25 34 58 48 64 22 29 49 34 59 55 49 42 25 22 49 26 38 47 20 30 44 33 52 40 34 51 62 14 37 48 42 60 61 37 57 34 1 23 25 37 46 49 29 53 18 26 26 49 51 63 42 40 56 39 21 33 33 8 53 25 41 23 38 69
21 31 57 29 44 49 61 52 71 48 36 61 70 36 58 56 37 60 38 64 43 50 21 58 43 55 38 58 48 49 36 46 46 31 39 78 65 56 48 55 53 55 46 34 72 50 53 44 75 57 52 47 72 45 31 37 54 37 43 66 41 39 58 47 55 46 74 47 38 67 58 35 48 43 47 60 58 66 66 26 40 66 40 79 49 53 51 79 62 30 59 38 46 58 78 74 40 24 40 50 26 54 19 56 57 43 53 39 60 32 34 47 47 22 64 39 37 40 49 36 50 35 53 44 21 46 40 42
36 19 51 34 39 41 27 60 54 50 43 35 50 61 45 46 56 42 21 39 37 53 58 54 49 18 41 54 35 47 24 37 49 41 54 37 48 58 42 37 44 61 37 34 37 31 28 52 66 64 50 47 46 30 44 30 60 39 28 32 33 30 49 68 58 52 51 14 56 62 62 38 27 53 53 59 14 23 33 48 23 42 40 3 40 23 29 40 57 43 54 34 17 29 53 54 49 47 48 34 39 46 32 66 54 23 42 34 46 30 15 41 66 30 48 26 56 37 29 41 48 51 66 32 53 36 24 39
51 17 20 18 10 38 28 42 22 38 24 30 25 28 39 35 12 33 16 23 26 25 32 40 24 31 28 34 25 23 48 34 42 29 29 48 38 22 16 31 30 29 30 21 33 20 29 36 50 37 41 18 36 34 48 15 15 17 20 37 33 29 26 21 21 35 28 37 32 34 7 12 18 23 47 22 18 24 39 3 12 24 32 45 17 24 4 15 41 6 24 27 25 23 19 26 45 29 24 28 36 14 22 36 18 38 36 20 36 29 25 38 33 10 35 35 38 36 42 23 50 32 27 20 33 4 43 34
78 56 67 10 51 54 50 62 69 48 56 57 58 84 69 60 51 22 62 49 62 64 52 61 23 37 25 71 41 68 48 69 58 50 42 49 62 61 43 42 42 61 66 43 43 44 34 63 68 54 72 46 70 55 55 26 70 41 26 48 84 49 49 50 55 45 50 36 58 61 60 63 46 55 65 63 50 61 46 50 45 74 70 47 80 40 60 42 57 52 69 45 73 36 63 48 64 88 69 25 57 45 47 66 64 68 31 69 37 44 16 52 97 34 62 49 64 54 64 53 70 33 59 57 45 20 54 49
36 32 45 28 33 33 51 29 29 59 47 51 47 20 36 39 43 47 35 49 39 33 51 74 54 32 8 41 36 40 41 32 30 35 41 55 66 54 45 47 28 39 32 20 46 44 52 57 59 42 50 40 43 52 56 42 27 50 59 52 35 51 26 48 25 45 47 66 25 58 29 32 23 50 12 29 50 33 46 24 42 41 31 38 55 40 37 45 75 26 45 56 42 43 59 55 48 48 16 53 40 25 45 50 45 44 51 42 41 24 40 63 41 16 24 52 32 52 42 37 73 30 48 43 18 59 68 62
47 32 59 44 57 64 74 74 74 70 47 87 86 71 61 55 56 57 56 54 61 61 31 71 57 54 46 65 55 69 64 42 46 28 27 59 53 84 54 59 86 68 56 22 50 60 58 54 62 71 53 36 63 57 68 70 72 39 42 86 49 61 80 58 49 70 77 59 55 73 60 39 45 50 51 49 44 50 52 45 45 73 71 48 51 48 66 55 71 34 96 83 71 54 78 66 56 48 40 53 46 66 58 48 59 54 76 49 58 49 38 58 52 55 74 47 51 71 63 31 74 53 64 29 53 75 69 55
33 50 49 48 48 32 43 45 64 33 59 74 59 88 54 59 54 37 45 33 59 57 30 35 35 45 39 52 44 43 46 34 21 47 37 47 24 55 52 41 57 48 50 50 45 61 45 63 35 35 45 53 48 38 52 47 67 33 33 55 49 39 39 60 48 62 43 38 36 53 39 26 45 48 48 35 19 18 40 48 60 44 48 25 59 44 52 54 48 55 61 72 35 44 72 47 37 40 68 9 25 36 23 37 58 66 43 33 32 33 62 44 49 45 49 30 51 57 42 54 42 38 56 31 37 34 36 43
52 50 65 37 74 54 57 74 63 59 79 39 69 59 68 80 60 32 32 55 59 50 76 67 60 52 43 50 45 45 40 54 69 75 50 44 67 47 66 55 37 69 68 52 46 85 30 56 39 73 51 36 80 66 68 54 61 66 45 59 86 60 64 69 57 71 80 43 59 69 57 58 64 76 70 78 47 33 40 45 64 58 73 32 60 40 62 54 78 63 72 36 44 52 60 85 67 57 65 57 46 56 56 53 70 52 78 69 27 74 40 64 84 51 63 73 91 78 69 64 67 64 66 55 53 58 55 44
57 45 60 29 59 60 77 56 72 52 70 49 84 49 54 66 62 37 65 41 64 50 81 82 48 64 48 64 51 79 68 72 68 61 50 53 74 45 68 57 80 74 58 41 66 73 37 94 43 41 56 66 69 54 68 51 54 57 58 57 77 73 76 61 71 79 73 67 55 73 84 35 84 81 79 49 30 77 67 38 54 77 72 44 65 82 51 73 70 44 80 52 71 53 78 75 59 44 64 46 36 53 41 71 77 69 81 72 49 65 41 64 67 63 60 67 64 67 78 49 54 72 60 37 47 69 60 72
23 20 58 17 22 36 27 44 53 20 54 58 33 43 34 67 41 36 27 24 50 52 18 57 43 35 33 45 57 33 46 28 34 41 8 56 35 40 36 45 36 70 53 31 30 52 37 22 56 22 39 18 50 50 60 42 34 36 15 42 50 61 55 45 30 66 54 41 41 39 53 23 27 51 32 43 39 30 43 39 24 28 48 42 35 48 35 43 57 44 41 43 30 33 41 50 18 36 51 22 46 49 36 31 30 49 46 33 49 47 35 53 48 32 15 18 31 45 53 46 25 44 72 32 28 30 46 28
56 44 57 28 75 57 59 59 37 80 56 70 82 68 37 65 73 52 52 81 72 45 40 76 67 68 54 47 53 66 58 56 74 67 79 69 67 51 62 56 68 58 66 49 61 79 45 83 66 100 60 60 49 71 69 55 77 64 64 68 80 60 63 78 39 87 60 73 92 68 67 51 47 77 51 79 50 59 67 32 47 68 65 35 91 58 65 57 93 46 84 52 42 74 51 82 57 48 55 60 49 68 68 57 80 67 56 54 55 60 37 84 80 40 64 65 75 75 61 64 68 55 100 52 76 46 85 71
15 23 37 28 23 59 59 45 76 21 62 38 54 86 44 41 29 6 41 39 33 44 43 48 41 41 33 42 31 33 42 66 36 66 52 49 47 43 64 52 48 61 71 34 36 31 30 50 54 7 32 59 39 48 48 52 53 17 52 65 52 48 45 33 49 24 49 43 32 40 34 48 45 58 47 32 41 50 40 57 42 59 48 49 52 48 44 82 35 33 46 42 37 51 56 53 70 53 25 27 32 30 63 50 42 34 51 29 59 48 28 57 50 35 39 39 62 42 61 61 56 50 57 36 33 36 52 39
34 49 62 35 13 43 43 55 45 60 50 47 60 32 50 43 41 37 51 73 59 43 36 36 67 39 21 55 37 38 35 34 48 52 22 25 64 54 38 44 56 64 37 56 9 33 64 44 55 60 45 38 42 51 48 52 45 46 41 72 46 50 64 60 26 42 34 61 57 40 60 49 28 56 30 41 49 34 48 29 52 67 67 22 42 43 61 43 57 45 36 33 32 30 60 42 66 42 42 31 21 44 57 30 68 43 32 55 38 40 17 55 59 21 43 44 45 47 38 56 55 39 65 22 36 58 36 26
13 29 42 31 41 31 60 57 43 32 58 25 74 46 42 50 45 39 51 47 40 30 58 26 22 59 55 28 9 27 46 43 51 73 51 28 33 31 52 22 23 46 49 32 44 38 24 59 44 53 43 35 47 54 39 22 31 54 42 31 32 47 51 51 15 51 37 44 37 36 44 22 37 57 54 45 38 25 26 58 52 56 34 45 33 36 48 51 35 31 40 38 43 50 43 40 57 13 46 46 7 33 27 16 45 27 50 48 21 52 43 35 52 6 41 31 42 31 28 40 34 -2 52 50 15 27 41 20
56 57 87 41 69 28 62 53 90 43 47 60 56 69 51 65 46 26 70 68 47 58 39 62 32 19 33 64 50 53 66 53 51 46 59 83 60 76 50 35 69 64 32 39 76 57 46 67 50 32 54 44 53 61 58 59 65 9 47 73 51 59 64 65 56 61 54 63 40 51 42 31 41 46 65 51 69 51 58 59 35 66 66 75 73 66 40 66 70 52 67 51 56 47 56 49 51 47 36 31 39 47 59 63 55 69 62 46 60 43 59 56 62 46 56 38 39 72 69 70 66 48 64 65 22 40 59 63
55 71 60 44 50 39 58 45 70 62 55 64 60 54 43 59 31 52 50 65 57 66 35 61 52 39 56 39 66 66 70 58 45 47 53 59 49 47 49 56 62 58 49 33 71 69 47 65 47 57 81 59 80 46 50 52 64 38 67 70 65 57 62 73 39 60 60 56 64 57 74 48 53 60 58 68 37 51 53 31 53 60 55 39 66 48 80 49 72 55 79 50 36 37 46 69 32 55 46 58 26 62 41 49 52 46 78 70 53 58 39 63 67 34 54 66 40 44 66 65 57 41 58 47 47 43 64 58
20 32 17 20 31 39 38 6 55 28 18 44 20 24 14 -9 35 -2 18 29 12 3 -8 5 -1 21 23 17 25 33 12 24 13 47 30 17 -9 22 17 25 43 29 -11 12 23 28 21 28 17 16 19 44 4 -3 28 42 50 18 29 23 42 2 10 17 7 19 -4 7 28 19 34 -3 25 6 29 2 37 22 39 23 23 40 14 3 25 18 20 24 0 15 27 26 9 34 33 24 20 18 30 25 14 21 31 22 22 33 3 20 23 6 23 12 51 16 26 -4 11 39 14 19 9 5 37 22 12 0 10 23
50 37 61 33 59 64 64 50 53 43 56 51 54 52 28 61 52 18 31 62 43 47 63 45 36 25 69 64 48 42 52 61 58 55 43 31 47 38 65 77 65 78 64 68 51 55 39 62 46 68 51 61 70 33 85 60 59 41 56 58 90 57 62 55 46 69 55 68 54 44 72 53 43 89 58 33 40 72 48 38 30 77 62 44 74 70 39 56 49 48 66 34 38 69 48 72 53 52 61 44 46 52 49 31 55 67 59 61 40 73 28 54 65 35 82 89 79 61 75 57 60 63 71 43 44 57 28 79
26 57 47 62 70 29 62 56 64 52 26 58 65 69 25 73 61 58 57 51 57 32 44 48 42 72 72 19 53 75 54 58 43 61 38 53 43 62 70 92 64 49 33 43 81 64 67 49 56 65 61 75 72 43 37 55 79 26 39 84 62 41 75 51 58 85 65 51 60 54 41 59 59 47 63 43 41 35 52 42 54 69 73 61 76 38 22 45 64 46 82 73 60 66 54 69 33 45 33 38 63 56 44 72 66 71 49 60 60 38 47 51 39 61 65 71 65 35 65 38 42 59 69 44 30 40 41 71
32 43 42 15 52 25 56 31 29 32 51 32 52 44 17 35 59 32 34 43 52 16 22 52 41 22 37 30 40 38 19 52 9 19 41 45 30 52 54 24 33 42 26 34 37 23 43 60 62 36 53 30 36 40 33 7 37 23 33 35 48 12 54 34 58 63 46 51 27 10 70 56 40 33 42 38 41 37 41 35 25 51 49 23 33 27 47 77 48 46 32 37 51 42 45 38 64 26 44 23 15 29 -1 65 63 42 38 41 59 19 26 27 15 46 48 19 33 18 39 34 50 33 34 39 16 35 48 67
60 57 66 50 82 44 70 81 61 41 49 46 72 52 54 82 70 48 64 61 66 77 41 46 46 42 22 59 42 43 42 28 58 68 49 67 91 74 54 46 59 56 49 54 45 70 27 67 66 78 60 52 95 48 60 30 47 41 45 55 67 37 64 51 35 59 83 55 51 63 65 75 56 43 69 74 51 32 46 34 39 66 57 56 67 35 66 75 59 48 67 93 59 45 70 52 57 51 62 54 35 59 49 53 64 64 57 66 56 56 47 52 76 54 80 33 41 64 51 63 75 51 43 65 46 50 63 66
37 18 52 22 26 52 54 61 32 36 61 44 70 54 44 52 61 17 54 57 50 27 25 22 34 43 38 46 34 32 52 36 40 61 26 29 73 24 58 48 52 84 40 41 14 29 47 37 43 65 48 33 37 30 65 30 55 51 42 41 49 58 56 65 48 35 34 50 49 52 48 51 55 63 34 38 56 41 22 36 45 64 33 22 52 43 57 68 45 38 42 40 54 43 51 62 41 41 41 39 10 61 34 40 50 37 55 47 55 42 38 56 58 53 37 46 45 41 63 41 31 38 46 70 33 31 54 47
33 25 48 56 72 34 52 50 61 56 48 28 56 22 35 62 38 46 28 57 59 76 28 55 50 22 63 60 45 57 39 51 51 37 46 52 57 47 73 51 51 44 61 41 63 52 35 67 63 33 43 51 80 51 57 47 43 30 58 75 77 52 74 52 51 83 90 53 40 54 75 82 64 51 53 75 41 43 54 43 46 57 49 58 60 41 40 62 52 61 60 39 67 61 43 39 41 27 39 48 38 38 33 74 67 23 70 34 59 47 46 42 51 8 46 57 30 35 61 39 56 53 46 54 27 62 31 82
45 28 46 56 66 54 81 59 61 57 28 46 69 67 50 64 49 46 47 53 48 49 71 57 39 45 47 61 55 63 51 52 41 63 43 29 66 67 65 82 66 55 58 39 59 54 43 81 67 46 72 56 78 57 70 50 56 41 48 63 49 49 78 57 60 51 59 51 55 73 51 60 48 49 73 60 43 50 79 45 61 58 57 68 74 56 26 74 66 33 60 75 60 56 49 53 60 67 47 64 44 62 61 68 41 48 54 48 55 40 56 49 67 34 43 73 41 58 73 52 63 48 39 44 58 66 58 66
43 17 29 22 46 33 67 57 39 50 53 51 42 32 53 29 48 -7 50 38 35 35 16 20 17 51 38 41 5 67 28 47 38 56 41 25 48 46 60 40 40 46 56 37 24 41 38 45 49 35 36 55 51 50 80 53 26 42 37 33 53 50 38 50 40 46 67 46 35 43 49 48 47 58 42 43 53 41 51 21 48 58 22 74 80 65 30 46 52 18 51 55 43 61 41 56 46 56 59 57 27 26 44 27 62 54 42 45 27 46 57 31 59 30 55 33 74 37 55 74 30 20 47 58 36 44 36 53
41 59 75 25 57 67 72 73 81 64 48 62 54 72 53 62 51 46 69 51 36 47 47 69 42 62 35 44 52 70 58 42 39 43 50 68 52 62 43 45 61 51 52 21 37 72 68 35 68 42 57 33 56 50 66 52 54 51 42 74 34 67 68 82 35 66 67 76 34 68 52 35 44 45 44 46 60 52 63 72 35 49 65 50 48 57 71 74 81 29 65 53 53 61 54 59 90 55 48 43 35 69 49 35 32 66 75 77 49 54 29 55 50 43 56 34 37 81 65 62 41 44 51 57 60 51 67 61
13 -17 38 20 28 23 22 43 49 51 42 24 40 26 32 37 52 23 45 57 47 52 23 43 50 31 30 23 28 62 52 45 50 52 50 34 55 45 59 23 33 39 46 35 27 26 35 48 61 55 20 45 34 34 62 38 26 50 48 67 36 48 22 40 56 75 67 43 11 47 60 72 48 40 25 26 46 19 36 55 35 62 41 38 49 22 37 48 58 36 50 34 39 63 41 39 38 39 36 25 31 32 67 51 58 37 42 28 42 37 26 61 60 31 38 49 60 20 23 82 55 33 55 46 30 42 33 45
42 25 56 46 63 48 45 42 69 18 40 54 99 68 41 67 38 40 35 46 54 49 72 54 37 50 17 70 39 55 38 53 53 35 44 53 51 38 42 38 56 65 70 44 36 61 35 61 31 36 40 48 48 69 73 64 66 35 53 47 36 67 51 59 53 44 65 75 68 59 52 41 31 74 51 64 29 65 39 56 40 47 66 38 79 67 38 53 67 41 69 43 34 34 68 51 58 36 49 25 19 52 45 64 46 25 61 57 58 44 30 56 41 18 57 29 36 67 79 46 41 56 37 65 51 60 54 47
62 55 40 33 72 41 35 39 50 28 20 49 57 31 63 49 74 51 43 67 47 43 48 50 30 60 35 32 52 50 31 56 36 53 34 27 56 54 50 64 54 60 27 7 52 23 41 62 50 50 54 58 84 46 65 36 54 38 23 52 49 45 54 41 60 60 58 34 41 56 68 46 62 39 64 75 44 52 59 24 21 37 45 57 59 26 41 51 57 33 55 55 77 47 19 31 70 47 66 45 21 33 9 48 40 40 68 38 50 28 38 34 45 47 53 23 49 42 65 33 48 46 46 49 25 24 52 66
49 48 74 19 73 37 26 62 69 35 38 56 66 32 42 67 60 34 32 59 25 46 72 69 37 36 57 61 60 64 56 74 61 50 66 39 62 52 66 49 54 78 42 46 36 71 45 55 60 50 49 65 74 75 62 75 64 46 40 84 65 42 72 64 44 78 64 47 61 58 62 57 62 65 85 52 72 26 62 50 35 78 66 41 82 44 65 51 80 52 67 50 68 45 67 72 76 60 62 49 17 76 39 45 62 72 61 41 69 66 27 47 62 75 36 50 56 61 74 57 52 42 69 69 43 60 46 51
42 36 55 33 62 40 30 37 40 74 42 45 34 71 52 53 50 25 57 70 44 60 32 71 26 38 24 57 43 50 44 60 60 28 58 52 41 57 68 54 72 48 40 54 66 33 30 90 39 51 43 51 43 57 71 71 65 36 29 57 50 53 42 65 33 77 58 57 54 40 40 49 47 55 57 54 34 51 48 32 48 47 57 32 70 59 55 29 73 43 37 47 54 27 49 46 41 64 48 23 52 44 50 66 60 34 52 31 47 62 53 41 59 54 46 47 52 41 64 49 29 62 65 44 52 49 54 66
37 31 67 37 50 29 48 72 60 36 27 50 48 58 36 44 49 33 27 33 22 59 34 48 42 57 17 38 33 48 17 46 29 33 39 43 70 66 40 36 43 53 40 55 55 62 51 43 64 35 34 50 70 50 35 41 51 48 42 46 45 25 32 19 33 55 63 26 21 45 57 49 20 46 41 69 73 22 44 55 42 46 29 38 45 24 40 38 44 47 55 45 43 45 45 41 60 61 46 48 23 41 13 49 53 45 32 40 47 9 27 35 65 1 43 27 53 47 37 39 45 5 42 47 16 23 23 51
20 0 34 20 5 4 23 18 6 32 14 14 26 11 26 35 16 20 21 50 14 20 20 35 29 24 10 12 31 53 44 1 54 21 8 16 32 28 25 16 32 18 51 -4 14 21 24 45 34 36 38 27 10 46 26 54 25 34 28 37 4 56 38 21 28 17 49 43 39 21 20 18 17 39 51 26 30 18 27 -1 9 22 20 38 28 40 25 32 44 -5 41 36 31 20 19 26 36 38 25 25 10 35 41 36 26 26 19 30 22 28 21 24 25 18 39 34 42 8 39 25 19 30 26 19 24 36 34 31
55 39 66 56 59 67 49 53 66 78 49 53 76 45 38 50 71 66 40 72 48 57 70 71 39 63 36 53 53 75 49 55 62 66 50 69 77 69 65 59 50 49 46 50 49 60 35 86 71 47 65 47 58 84 90 64 48 43 62 56 47 58 66 64 25 84 48 84 62 54 69 58 57 56 56 61 38 29 76 50 46 84 73 51 63 26 70 38 98 49 63 63 40 46 62 42 72 66 56 46 37 55 62 56 57 55 52 56 44 35 61 62 55 48 53 55 76 59 88 46 88 41 67 52 20 62 52 52
27 13 31 26 57 20 48 32 35 23 25 31 25 33 23 43 44 37 31 23 36 11 35 39 16 40 4 11 25 63 44 26 35 62 27 33 56 41 56 60 40 31 34 4 33 25 52 48 42 29 33 20 43 24 47 46 42 48 29 35 54 55 48 42 22 39 50 51 35 42 32 46 50 29 24 49 37 36 43 14 21 25 38 64 61 35 19 41 42 32 30 62 46 54 28 24 71 28 23 33 53 12 30 76 42 49 60 35 38 41 12 23 37 24 23 18 34 26 49 30 39 37 52 40 28 27 55 57
19 19 33 31 48 43 47 47 33 41 54 50 38 59 43 26 51 17 59 40 41 31 31 34 40 47 18 12 12 31 22 12 54 56 61 34 30 47 49 13 32 35 32 23 31 24 22 60 52 46 39 51 20 19 50 21 40 21 41 48 63 41 28 28 2 47 37 47 21 19 42 12 37 38 43 28 27 27 37 29 26 58 1 24 32 28 17 24 17 2 42 29 40 44 41 31 46 22 25 14 6 24 41 21 46 48 24 36 15 35 22 42 34 12 37 29 22 27 25 45 39 49 49 37 21 29 34 20
32 32 74 67 64 46 53 64 69 52 61 65 65 65 48 59 52 55 51 56 45 46 44 57 72 34 70 58 57 60 61 39 40 65 71 46 60 50 88 76 77 52 59 45 51 59 65 56 75 79 59 50 49 39 46 55 69 78 60 66 64 73 69 56 45 64 89 72 38 54 86 60 74 103 35 43 44 43 40 55 42 64 46 38 56 55 60 67 66 76 74 47 37 75 51 77 56 16 63 43 22 43 30 55 74 52 59 57 40 59 31 69 69 39 58 34 44 47 58 41 60 52 69 51 62 51 56 63
20 54 63 41 62 53 56 60 75 29 47 60 57 94 56 58 52 34 47 38 30 42 36 57 31 56 35 56 56 56 70 72 39 44 52 49 70 47 68 66 50 60 50 15 44 55 62 51 42 38 47 46 50 52 61 48 85 63 40 68 62 69 48 67 49 54 73 65 17 69 55 52 63 56 63 52 61 44 46 52 34 39 73 60 71 45 59 72 70 43 53 50 54 72 59 57 57 51 68 17 34 33 29 73 41 71 73 67 34 46 27 39 46 52 41 41 67 53 80 37 73 18 60 59 46 53 55 43
