37 73 57 72 54 21 54 47 31 59 51 61 68 57 70 55 28 61 45 47 31 54 39 51 50 23 38 43 103 33 21 33 69 48 62 32 41 67 35 21 29 68 30 24 17 60 47 50 48 64 54 48 50 53 52 53 71 51 51 42 46 25 52 18 40 37 44 27 62 47 90 41 47 23 52 46 43 44 72 66 55 73 39 48 49 67 43 52 53 47 64 45 42 38 35 55 73 48 29 61 68 32 33 45 61 57 40 26 32 54 32 45 45 35 26 33 42 55 48 31 32 44 32 57 31 64 31 31 71 84 34 34 65 54 46 51 48 45 64 40 35 42 79 36 33 38 25 57 51 45 46 24 66 43 61 49 27 54 58 46 50 48 54 75 62 46 43 46 67 59 60 78 57 53 39 48 17 65 38 56 47 74 61 33 37 61 53 56 12 92 54 42 41 46 69 24 35 46 68 56 54 53 72 43 49 73 41 41 41 36 54 37 43 20 40 31 41 40 57 41 41 64 38 57 59 36 32 33 48 43 37 26 40 36 63 63 78 65 43 42 34 59 33 60 36 51 30 6 38 26 43 25 27 67 40 45
39 51 14 52 53 30 49 72 34 48 58 43 44 29 46 53 45 75 49 78 32 56 50 47 64 33 64 33 72 47 46 82 58 26 43 17 34 57 63 39 32 38 40 36 45 56 48 52 71 76 62 53 30 64 66 52 69 71 61 50 46 54 48 37 62 65 31 46 27 49 52 67 65 31 24 35 58 47 83 40 70 40 31 53 57 47 32 40 47 38 42 57 37 37 49 47 70 48 66 41 64 39 35 30 27 40 44 50 22 13 57 42 36 65 47 53 26 35 40 45 42 13 62 55 39 66 59 64 71 70 36 63 58 26 57 81 46 46 60 58 55 33 61 37 38 54 57 53 23 45 67 58 65 54 29 52 36 54 48 35 39 39 51 46 31 18 53 25 61 49 79 39 61 63 56 32 34 57 48 58 47 47 43 46 56 36 77 37 37 58 54 65 22 48 44 46 40 46 43 32 58 66 44 69 22 66 60 95 52 23 32 66 25 56 44 35 28 69 52 29 27 68 61 55 50 23 35 26 70 36 48 19 43 65 45 53 54 40 31 30 48 50 14 35 58 70 33 32 26 63 61 44 9 81 48 54
48 40 51 64 60 19 10 46 24 64 45 31 56 57 46 71 36 53 55 69 24 83 16 33 64 34 47 44 87 57 32 69 54 32 55 47 25 79 17 21 31 49 57 22 25 79 34 19 66 89 49 48 29 50 41 48 48 80 61 45 45 31 18 67 43 74 23 41 69 49 50 21 47 40 16 46 26 46 66 25 28 36 50 53 48 66 53 57 43 0 30 34 37 49 26 49 76 41 42 42 54 33 46 13 36 18 26 26 46 26 69 44 61 46 5 29 32 32 45 21 33 38 39 46 19 52 33 26 53 63 27 64 33 48 46 64 53 53 30 43 21 30 45 27 38 60 43 26 27 28 60 30 32 43 1 44 51 34 39 53 42 51 62 42 41 33 31 32 46 26 62 30 33 45 34 56 28 47 32 28 47 52 30 20 61 47 80 42 39 44 43 37 31 33 53 41 26 43 29 22 45 23 56 66 25 29 74 62 37 29 50 55 22 54 28 57 26 58 54 34 19 44 74 50 43 26 27 24 52 36 31 34 22 49 29 36 47 47 40 19 55 38 41 39 58 82 51 37 27 59 49 47 10 75 63 59
40 70 49 64 46 37 52 39 18 45 22 67 54 25 47 44 42 75 74 60 37 72 44 56 47 19 44 49 74 27 35 66 53 27 53 48 35 32 43 23 35 52 50 38 20 30 26 46 46 31 39 72 57 44 32 56 55 55 46 41 47 52 6 52 65 34 50 37 55 26 87 60 45 40 54 48 30 42 56 49 26 50 46 42 34 55 12 77 20 33 55 48 36 43 29 69 73 37 45 57 57 48 26 40 50 60 40 58 47 41 53 47 52 43 32 28 35 51 64 25 32 39 42 57 42 47 68 32 61 53 16 55 42 34 54 52 48 38 41 52 44 38 62 36 29 39 43 18 59 44 65 18 51 68 23 46 73 50 59 49 67 61 68 43 45 38 38 52 54 55 53 56 57 42 16 38 59 57 40 33 25 41 31 38 73 49 37 41 28 63 55 40 50 54 59 44 55 44 45 24 57 49 38 41 42 37 48 43 47 30 60 58 38 56 24 40 32 69 34 47 36 34 57 48 44 31 39 46 45 37 39 44 27 59 15 71 59 40 56 48 33 80 44 39 53 64 41 55 37 51 47 37 39 70 46 69
38 49 13 25 48 34 31 53 29 59 20 55 38 54 65 56 48 55 63 9 57 56 55 43 58 19 43 50 44 52 48 57 54 37 52 40 24 70 38 29 30 62 70 12 34 37 34 45 29 55 17 44 17 54 56 33 72 53 60 57 43 64 26 45 36 17 39 41 58 35 60 55 60 24 61 27 37 55 59 19 19 26 76 34 45 29 11 63 36 24 32 42 30 58 46 74 83 42 61 47 72 44 52 36 18 20 34 61 37 39 54 23 37 44 32 12 23 29 43 22 15 47 20 11 42 46 72 31 33 52 22 45 43 26 61 65 67 58 54 53 30 43 57 40 51 9 44 39 48 32 24 37 78 47 28 59 52 33 44 45 50 36 32 36 46 31 34 43 45 64 42 54 34 46 26 10 43 29 40 25 37 23 57 40 51 68 45 42 40 37 50 56 35 72 36 43 49 33 51 33 39 27 57 32 39 9 38 39 23 35 40 49 42 42 56 52 42 29 42 38 18 40 76 8 37 22 48 30 47 44 42 53 28 24 39 73 30 39 24 40 27 59 52 44 62 55 46 65 15 45 61 26 43 58 42 47
49 55 38 50 68 25 39 32 34 62 39 43 62 26 53 48 40 74 52 41 37 80 34 34 58 44 49 23 75 54 63 50 48 52 25 68 48 52 46 26 69 31 45 57 27 30 38 39 34 60 38 42 40 23 57 41 43 58 35 59 46 45 46 60 57 48 41 69 78 45 53 73 42 27 33 35 48 50 67 37 38 30 18 34 42 48 64 34 31 20 26 42 40 48 22 64 49 50 83 47 84 68 31 37 11 49 56 58 58 33 66 68 67 64 41 16 28 34 66 39 43 40 51 65 36 55 27 36 52 67 23 56 74 58 62 84 46 39 52 61 46 28 64 24 50 54 54 22 48 62 54 40 65 40 10 34 29 40 46 51 49 42 55 41 38 44 66 45 48 56 78 47 55 17 42 34 35 51 54 39 19 68 47 67 49 58 57 40 43 51 72 68 32 36 49 26 40 24 31 44 38 67 53 61 48 62 82 55 66 31 55 72 24 73 24 63 9 76 26 49 43 21 46 72 40 33 41 36 54 74 35 52 28 35 53 71 60 38 48 49 35 39 51 41 73 53 51 30 55 54 63 29 21 69 56 45
34 72 34 52 45 20 23 15 29 59 57 50 63 18 51 39 28 77 64 56 47 60 59 59 52 33 48 54 82 35 49 46 50 19 51 41 32 63 30 35 35 48 26 35 26 46 21 44 52 48 20 48 41 29 30 34 60 46 44 27 28 42 42 51 39 44 30 44 51 29 100 46 42 35 23 51 29 37 32 37 29 51 40 52 58 44 33 49 36 18 76 52 34 38 31 61 68 42 30 62 57 41 37 41 36 17 40 63 29 54 47 34 43 52 23 32 52 41 43 25 16 56 43 61 33 47 48 41 58 53 44 60 20 30 29 58 41 66 67 55 33 19 70 37 40 42 40 38 34 52 51 47 57 30 25 32 46 29 62 42 42 50 59 50 48 33 33 30 49 58 62 84 49 32 11 37 28 56 36 40 29 49 44 30 66 25 62 41 34 35 44 24 49 26 63 28 25 56 26 37 22 49 42 26 26 42 46 61 36 18 28 70 50 50 24 50 23 44 50 49 49 40 64 32 49 35 38 28 45 33 43 27 58 50 45 55 63 55 25 26 36 47 63 33 60 56 21 37 16 32 71 51 20 64 42 55
35 79 59 62 48 -2 24 39 11 44 53 60 70 25 38 67 32 41 33 57 53 45 44 50 50 47 13 58 86 61 36 67 65 48 48 42 70 56 37 30 49 47 41 44 32 83 40 42 37 80 47 49 48 66 46 26 67 61 40 32 16 36 30 45 66 40 31 42 39 26 74 55 44 49 50 47 38 60 77 45 36 36 25 15 47 42 51 43 49 2 44 44 24 44 38 49 61 65 41 59 46 34 19 41 40 63 24 34 39 33 54 29 56 50 47 15 38 49 49 65 51 57 46 82 51 50 47 40 66 52 48 64 36 54 21 58 58 39 44 67 30 27 76 49 44 31 85 34 57 54 53 27 58 33 34 37 8 58 54 49 30 52 72 47 46 47 54 36 59 39 56 64 40 35 22 63 36 46 48 39 40 56 29 29 77 63 41 44 31 57 44 59 47 28 64 35 44 40 44 22 57 65 23 68 40 38 42 53 60 34 45 70 49 44 45 42 -2 56 55 57 24 72 39 48 43 13 -2 41 63 31 39 61 42 52 29 46 62 56 49 30 54 36 24 24 44 39 42 61 47 25 39 54 17 39 55 56
45 42 48 39 63 35 62 27 31 36 44 61 49 37 27 54 50 50 67 23 54 61 38 57 57 25 55 36 80 40 58 39 30 42 66 72 32 62 57 15 29 69 43 45 34 38 43 32 52 50 14 64 39 32 39 34 83 55 47 54 45 34 23 56 35 45 52 48 67 40 77 39 47 32 54 66 44 36 54 39 35 53 41 47 29 71 38 80 60 29 51 35 49 52 40 52 76 34 64 41 51 58 36 57 18 60 48 37 39 36 50 18 57 54 7 17 49 6 71 41 43 34 42 44 39 40 68 48 75 60 53 45 54 43 45 36 50 39 50 69 56 33 55 44 33 41 30 42 36 64 37 33 54 67 48 60 49 48 45 47 36 48 53 45 45 39 35 43 61 60 72 82 36 37 17 34 30 52 63 28 28 46 64 43 45 53 32 28 44 63 65 48 49 44 55 39 58 36 44 52 65 55 54 29 40 62 44 63 53 58 65 59 56 35 50 44 30 62 61 68 37 37 81 41 50 27 55 43 55 19 50 41 41 44 42 51 70 58 54 28 47 37 31 44 64 44 51 19 8 32 43 42 55 54 55 63
34 48 45 66 54 28 43 30 7 43 49 42 72 39 28 51 43 69 71 31 38 50 36 62 58 36 60 46 82 39 59 46 50 42 39 46 41 65 64 9 33 69 35 53 35 56 49 53 35 72 31 65 29 31 43 24 70 72 48 52 44 35 17 50 58 52 33 18 54 31 69 42 47 35 30 56 52 48 55 41 39 50 56 48 46 58 55 59 26 14 51 36 25 37 50 41 75 42 53 32 58 57 38 55 33 28 44 60 32 42 50 66 55 75 26 22 51 24 65 31 39 46 26 67 25 57 38 37 63 56 23 29 54 54 49 56 56 51 64 80 49 12 52 50 34 53 52 20 54 54 67 34 55 52 13 28 45 42 67 32 43 42 57 42 23 59 32 57 58 55 73 87 30 29 27 59 32 86 51 20 32 26 56 53 64 51 55 13 34 36 64 54 52 20 43 36 37 56 39 42 45 35 54 49 34 37 64 53 49 53 72 69 43 37 66 60 23 52 56 43 38 50 73 48 57 23 37 32 57 50 39 53 29 39 31 81 73 30 29 28 31 47 52 44 47 39 59 52 28 55 38 55 8 57 24 45
54 65 39 67 61 18 52 27 22 34 37 54 51 22 26 58 23 65 41 62 41 50 35 87 53 31 47 51 87 42 48 60 39 65 75 58 31 67 51 66 53 71 46 40 29 74 44 69 29 59 46 54 42 57 57 35 80 51 38 72 35 39 50 40 41 36 57 42 60 33 46 53 56 24 33 46 70 43 74 62 48 43 53 17 49 67 42 65 53 9 40 37 47 41 44 45 58 50 45 40 70 38 40 43 35 34 32 47 48 52 51 55 49 61 35 13 25 64 69 71 36 16 49 75 46 59 51 59 67 57 45 30 60 45 52 41 61 52 62 88 41 27 70 76 48 18 61 12 63 61 41 42 48 86 22 58 28 59 57 38 46 64 40 33 35 65 46 40 60 41 90 69 62 25 29 37 38 73 36 56 46 33 40 40 54 65 28 53 15 57 41 48 50 36 85 50 70 35 47 26 69 63 31 58 35 35 48 74 70 51 71 89 60 20 37 58 3 48 49 44 35 76 73 64 66 11 21 42 62 39 57 72 39 52 17 57 51 50 23 39 16 58 42 48 54 45 55 56 39 44 25 63 26 52 43 49
40 58 47 61 38 5 59 48 21 29 49 18 67 17 50 48 35 58 37 39 39 40 56 47 34 28 48 34 81 58 15 48 56 23 32 39 32 47 30 31 26 42 44 41 31 58 17 61 26 70 32 63 24 36 52 10 55 40 24 48 2 31 22 31 39 26 43 26 56 17 61 47 14 36 7 43 37 37 64 61 34 53 45 32 61 50 39 42 57 15 46 43 16 34 14 50 72 27 50 54 59 23 26 27 23 30 41 53 23 44 38 37 37 43 37 33 22 21 64 39 9 22 43 65 30 67 32 40 65 31 14 19 32 57 29 47 43 35 49 63 57 23 78 57 36 28 25 35 51 37 41 31 40 52 25 26 11 31 39 52 40 68 35 44 34 36 41 39 51 32 68 72 41 7 6 60 38 67 27 30 19 57 36 39 70 41 52 20 33 45 49 49 72 39 59 39 35 47 -2 18 49 37 30 32 29 43 43 43 77 29 70 65 33 41 38 54 5 35 63 15 23 60 52 56 34 6 33 13 60 46 55 42 20 28 63 47 61 35 24 40 29 45 21 14 26 33 40 15 14 43 67 41 4 38 10 46
25 35 23 53 48 29 45 48 21 41 46 65 68 39 64 29 22 54 43 57 41 57 41 44 69 57 25 50 75 45 47 63 49 62 71 45 37 61 32 40 38 51 30 24 24 52 45 35 70 60 55 28 31 67 47 43 33 49 63 65 34 25 44 32 40 31 52 52 58 41 47 73 26 24 37 31 69 70 70 40 17 45 31 45 53 27 41 43 47 33 22 33 63 39 39 31 74 66 57 28 77 33 26 10 24 65 9 40 54 47 61 49 36 62 14 39 4 46 63 24 14 5 41 61 52 40 49 42 57 58 51 67 50 31 54 61 60 60 30 42 48 34 68 34 34 44 47 34 62 59 53 38 50 50 11 51 53 46 60 52 44 56 52 54 55 44 45 32 39 36 69 56 25 49 51 51 34 44 29 61 27 48 45 31 63 57 68 41 40 82 51 78 25 35 51 43 62 36 62 47 75 51 33 44 45 43 60 80 47 46 41 62 44 52 38 28 34 74 55 46 47 60 52 50 42 34 57 42 47 47 33 31 29 42 54 63 62 43 41 16 55 80 45 45 63 53 33 37 36 61 52 70 28 76 35 37
47 55 51 27 43 25 50 80 12 53 32 49 33 30 56 59 30 44 36 41 29 33 56 42 44 42 36 28 53 69 47 56 40 37 65 25 25 38 38 37 25 69 28 36 37 56 20 44 36 54 45 64 9 36 57 35 77 45 67 53 36 11 61 39 35 27 21 43 59 15 41 49 50 27 38 56 45 51 65 50 56 47 51 70 26 77 47 31 47 16 49 48 32 51 45 36 65 74 78 40 46 30 58 30 34 7 10 46 48 55 59 25 39 37 27 21 42 55 50 35 23 30 49 42 35 40 41 29 65 67 36 18 24 32 48 63 43 32 41 40 52 28 69 52 7 32 42 44 15 40 11 65 42 56 34 49 58 46 68 55 29 53 50 46 50 38 43 54 31 46 89 46 26 40 21 22 60 69 37 46 19 44 26 52 48 82 57 50 39 69 20 26 29 58 54 29 64 34 40 53 48 54 49 35 34 36 46 47 26 39 55 58 27 23 32 64 14 25 59 30 40 44 45 37 42 62 46 37 45 69 24 55 31 32 62 49 43 66 16 45 16 20 44 40 23 52 54 43 21 64 41 38 28 57 21 46
55 67 45 54 33 30 62 39 32 52 39 43 49 54 47 54 46 40 45 44 30 41 58 36 60 15 27 64 69 44 30 72 72 46 37 47 37 27 40 23 50 61 31 46 43 67 53 30 51 64 24 61 39 50 29 23 64 55 12 36 24 35 7 57 36 29 60 34 54 18 55 33 50 51 36 30 17 57 55 56 24 28 36 27 39 18 41 75 38 5 43 24 48 46 53 58 62 20 44 75 66 41 44 21 64 62 37 66 40 45 47 34 53 37 40 48 39 31 53 29 35 22 34 60 41 61 38 26 55 19 12 56 35 56 48 59 80 33 41 54 22 9 49 31 37 52 63 25 39 59 49 25 44 38 22 53 35 38 44 33 43 41 43 19 60 52 54 59 64 52 36 60 40 44 41 31 48 69 21 21 15 30 45 37 51 46 45 32 38 52 68 49 58 39 58 38 17 47 26 17 51 16 49 40 55 27 55 59 48 49 41 47 30 41 31 58 55 54 51 45 20 40 41 40 51 19 28 11 52 50 48 58 28 34 38 58 74 42 33 36 42 73 31 33 33 53 47 58 33 28 47 26 20 52 36 51
42 70 61 60 34 46 39 54 38 34 41 16 48 32 64 48 40 68 75 41 48 53 42 40 81 40 32 45 77 54 35 84 63 46 35 29 33 57 35 -4 44 76 38 63 25 64 39 17 57 85 37 34 30 46 32 37 49 42 76 58 55 33 44 52 43 35 44 31 30 37 67 22 67 43 30 69 23 64 67 47 29 35 48 72 31 44 64 49 40 34 51 43 25 54 38 63 84 69 48 46 57 51 41 32 47 34 51 66 34 46 66 40 41 46 13 48 27 23 54 31 9 28 49 61 32 66 53 33 73 47 22 35 60 64 66 69 48 39 53 65 46 24 73 36 30 24 47 32 46 47 41 32 55 74 37 49 54 37 43 42 57 40 65 48 53 37 46 58 32 58 63 55 20 48 41 65 31 65 44 46 28 44 19 47 49 59 58 28 21 49 51 48 51 36 45 32 49 24 44 41 64 33 75 47 53 65 53 57 56 34 59 86 54 34 34 45 9 50 76 36 32 40 63 52 12 30 35 29 67 43 36 57 17 26 58 76 49 28 39 47 37 50 32 42 66 61 36 64 20 50 38 63 25 56 34 37
34 51 38 53 29 7 36 33 30 21 43 25 59 21 17 42 44 44 44 38 24 40 54 39 54 16 35 8 67 36 31 40 19 40 4 15 50 55 47 10 45 39 24 50 22 41 14 38 28 54 13 38 28 29 16 42 66 45 29 37 47 23 42 20 76 25 25 54 39 32 42 17 38 42 42 43 30 29 46 61 39 30 52 47 26 55 37 33 39 27 18 46 3 36 33 42 45 72 50 23 47 53 40 41 34 12 37 37 27 42 25 36 43 29 31 4 10 24 40 45 11 45 47 39 10 49 42 34 50 56 22 45 33 47 47 57 8 29 49 64 17 48 55 29 38 26 16 40 26 23 12 28 43 55 38 25 10 37 36 56 21 44 35 33 12 24 37 8 35 22 34 41 28 10 12 42 38 51 39 19 41 48 37 27 58 45 49 29 -2 32 29 32 21 34 47 45 35 16 30 24 59 39 54 53 32 33 45 49 69 21 37 61 43 18 46 34 -14 30 64 47 21 59 54 39 25 20 9 2 48 32 58 39 25 14 25 59 32 31 37 25 1 38 10 25 54 21 27 20 3 25 29 14 21 27 40 28
58 69 30 72 49 48 63 69 29 49 47 41 43 32 42 45 43 72 59 49 45 63 36 50 62 43 43 52 89 33 34 55 63 35 73 35 3 69 42 39 33 67 42 47 33 69 68 46 66 73 54 53 56 54 50 79 73 70 69 54 63 56 32 56 34 62 58 47 47 31 71 43 61 12 27 41 47 41 59 24 62 37 50 74 64 64 47 59 38 27 42 38 48 54 32 63 74 39 38 52 60 46 40 17 44 26 69 35 38 23 43 45 46 22 25 46 26 52 71 53 31 18 49 38 37 65 55 70 64 66 53 68 60 42 59 71 61 69 75 33 37 39 59 50 49 39 56 52 35 45 38 24 52 54 24 53 32 48 46 46 58 51 52 61 40 35 49 25 81 72 55 52 56 53 63 31 36 80 33 37 47 62 50 15 52 43 78 63 42 70 71 25 46 30 64 44 40 43 56 39 53 54 60 44 38 39 42 60 43 30 52 49 60 39 31 59 41 74 62 59 27 54 51 65 44 28 62 20 58 44 53 40 43 76 22 66 75 56 44 3 50 68 22 52 61 75 36 51 45 49 62 23 30 81 50 42
46 55 41 53 41 41 56 12 14 36 27 47 49 12 50 36 40 80 59 41 47 51 50 53 39 35 48 44 64 27 59 56 44 54 48 45 30 40 53 17 42 55 20 38 17 43 43 49 46 44 28 55 39 21 27 27 52 62 41 45 35 48 30 58 49 29 58 23 50 19 57 73 61 49 52 21 31 65 66 69 36 33 29 28 40 40 25 65 45 49 34 46 27 47 23 34 60 48 54 42 70 49 18 68 41 38 43 60 50 31 45 52 53 57 40 46 56 13 66 40 35 36 18 75 54 65 51 15 71 52 39 41 64 33 43 62 58 29 43 72 44 4 71 36 27 39 39 19 48 67 39 33 51 49 42 43 55 44 48 31 46 37 56 43 53 60 33 69 52 76 52 82 44 49 43 34 38 79 33 28 11 27 51 69 48 22 35 36 20 33 60 67 46 28 43 23 69 45 64 50 47 39 33 38 47 66 66 49 43 55 53 47 43 68 48 35 38 65 37 52 30 42 46 39 24 23 32 28 25 37 33 32 41 54 54 87 54 4 32 50 23 72 57 30 67 31 50 38 35 24 32 50 39 58 25 43
44 68 37 45 53 13 35 53 22 51 25 45 38 33 55 45 30 69 74 64 32 81 13 37 39 31 43 40 71 51 51 80 38 49 30 60 18 30 44 10 38 45 36 35 19 52 38 13 60 51 7 23 52 33 36 70 37 56 59 48 28 44 38 56 28 69 32 40 57 51 74 33 61 22 6 35 44 37 67 16 21 28 14 55 41 31 52 62 9 -1 27 20 44 42 48 83 57 46 28 51 65 62 31 4 46 38 38 24 36 44 47 54 48 50 14 48 10 20 54 20 28 33 54 39 27 47 31 52 53 53 32 50 62 52 49 57 64 31 53 31 20 35 37 33 47 41 50 7 32 19 56 36 40 34 30 27 46 46 26 15 64 30 72 49 39 34 50 36 43 55 37 38 31 26 32 29 36 41 44 17 12 44 34 17 59 55 62 40 45 52 57 32 26 16 39 27 30 23 18 10 45 33 53 59 20 36 50 76 48 25 31 59 17 52 22 44 26 59 32 33 17 23 34 48 36 15 40 55 40 32 19 50 -1 39 2 55 62 25 29 19 37 54 57 22 56 70 23 47 27 46 47 26 9 51 66 40
40 35 23 57 27 28 33 20 21 23 41 34 56 24 32 39 19 56 45 54 20 31 46 52 36 22 41 42 47 8 37 48 35 33 30 10 2 48 43 27 50 55 29 36 54 70 42 27 25 58 14 73 19 32 29 53 53 54 49 49 29 18 43 32 34 21 54 47 40 22 56 23 40 22 12 38 35 27 51 15 50 31 55 30 53 49 20 37 32 27 40 34 36 45 30 28 64 42 33 45 45 56 45 37 20 -7 37 23 20 23 43 53 30 16 13 41 26 32 58 43 11 38 39 46 19 38 55 44 50 57 28 47 22 47 55 34 25 51 33 18 43 25 43 37 30 33 19 26 10 49 20 44 46 58 22 40 19 10 66 25 36 46 46 65 23 24 25 22 55 44 60 60 42 46 33 16 48 68 32 23 36 65 28 6 47 44 50 47 9 44 29 18 20 11 59 48 33 24 53 42 29 48 38 26 29 17 37 36 52 27 51 64 24 15 38 38 20 32 51 43 26 43 38 54 31 29 45 4 43 13 24 42 41 13 20 46 43 24 12 -2 30 49 22 32 51 40 32 44 5 39 55 32 38 55 41 40
27 55 47 55 38 19 35 50 12 59 30 49 48 44 15 62 28 63 55 60 52 46 63 51 52 43 57 69 62 37 36 59 64 44 45 9 22 65 23 35 23 61 50 28 31 62 31 32 54 53 36 55 53 48 34 30 66 70 36 36 47 44 31 46 39 46 60 74 35 16 76 45 58 42 26 44 44 54 47 31 49 34 49 38 63 59 53 55 50 8 33 33 47 49 57 49 71 31 20 28 56 29 69 47 39 30 27 34 11 40 41 35 33 25 28 27 27 58 50 40 17 64 33 77 38 42 68 47 68 39 34 45 10 39 50 69 50 44 50 46 40 11 55 48 44 31 72 41 38 66 46 31 39 48 33 42 41 39 61 52 37 73 47 54 31 44 33 52 62 30 69 67 25 49 18 37 60 67 49 14 62 50 38 19 77 41 48 50 42 45 44 44 47 30 64 39 55 57 50 22 54 50 45 14 48 23 49 44 31 30 39 71 42 35 54 55 38 53 70 38 37 53 84 44 60 16 49 16 32 39 38 41 65 49 32 62 48 52 37 9 32 40 34 51 52 61 32 60 32 41 42 51 29 82 36 42
40 58 27 48 18 32 32 66 18 33 42 61 56 22 45 33 25 50 74 36 43 54 65 43 67 45 41 48 77 53 50 60 53 18 30 32 34 60 54 22 41 64 48 37 34 55 32 41 49 74 31 40 30 38 35 39 86 62 59 62 49 40 33 61 62 36 40 33 78 35 86 44 76 62 29 55 53 63 62 53 52 52 48 41 46 52 42 58 57 31 56 57 23 55 44 68 88 39 59 44 71 49 38 43 33 41 22 45 42 48 51 30 58 54 23 25 46 14 61 10 21 39 38 51 28 55 64 29 67 54 4 47 6 29 63 73 57 55 61 66 30 41 71 48 33 62 39 56 32 29 59 41 50 52 32 53 33 27 57 34 54 65 70 61 43 46 40 48 64 50 60 87 56 58 25 38 54 73 45 23 38 73 60 54 82 37 59 60 13 49 51 51 59 30 57 28 48 18 25 35 60 46 46 25 27 29 48 74 64 50 75 51 55 61 57 38 16 31 85 62 2 55 81 54 48 22 52 46 74 36 42 61 29 41 32 72 57 33 46 17 19 60 48 31 66 53 62 31 9 42 81 36 34 74 62 47
61 64 51 63 37 34 35 51 23 34 65 58 59 34 45 49 33 45 58 46 42 36 45 55 64 49 14 50 90 40 40 71 54 36 41 34 51 35 38 26 53 48 12 47 4 85 46 14 36 72 53 54 58 46 34 27 50 61 47 55 42 36 17 52 39 32 38 39 64 11 68 38 47 60 28 28 23 55 61 56 43 49 38 43 42 34 48 52 61 36 57 29 29 50 12 51 76 54 46 66 60 40 41 36 46 52 52 52 35 48 52 43 35 80 38 34 36 34 69 16 29 41 62 76 40 68 38 39 53 42 26 70 31 49 59 65 27 41 57 43 19 21 72 34 61 39 39 44 44 43 80 25 41 32 24 50 39 35 31 60 34 38 66 32 34 57 46 33 67 67 41 57 44 17 39 62 42 52 21 44 53 39 40 33 67 29 87 51 19 59 62 49 75 37 62 47 19 51 23 25 38 27 30 56 20 31 59 40 62 40 50 42 62 29 28 27 21 75 59 70 30 70 48 46 26 38 49 21 55 34 45 37 30 69 38 57 76 39 48 39 57 64 36 43 61 69 49 46 39 42 52 56 22 64 51 52
27 76 43 43 34 28 55 59 10 40 56 32 38 45 52 60 53 77 36 18 32 45 35 43 37 32 5 49 66 44 40 65 66 31 31 26 52 50 65 9 14 55 32 61 30 53 27 54 55 79 36 42 33 42 44 43 45 58 76 48 32 63 52 51 56 27 43 36 48 38 83 27 64 11 28 69 30 43 74 49 37 34 40 41 31 32 14 50 41 56 44 39 39 54 15 64 58 59 28 48 63 58 32 39 26 36 54 46 43 31 54 42 38 38 17 44 31 59 17 38 29 56 45 43 34 57 62 29 47 53 36 42 29 58 58 65 37 35 47 59 25 21 70 31 57 30 47 28 32 28 30 28 91 62 42 41 11 24 38 51 46 48 49 68 50 25 62 37 49 60 36 58 43 28 22 45 29 59 43 24 21 83 35 16 65 52 63 19 12 44 61 60 46 55 55 31 44 7 63 45 23 30 58 49 65 53 49 51 55 26 51 68 58 30 12 48 7 45 67 45 32 63 50 43 18 39 22 9 57 57 52 35 16 35 24 63 43 46 25 58 34 64 24 29 67 71 41 49 33 32 64 30 24 55 43 33
52 59 25 43 30 47 55 57 29 52 49 40 72 45 66 32 26 57 45 56 38 64 55 44 66 43 59 39 71 44 31 67 57 52 62 52 29 72 30 36 47 74 41 36 35 56 51 9 58 64 22 45 40 35 48 39 39 63 67 64 18 29 56 50 26 33 40 47 76 40 74 26 37 30 34 56 40 50 58 64 42 66 54 69 53 39 45 65 55 26 38 51 65 48 34 50 91 50 61 46 71 33 36 30 50 30 36 33 63 52 46 28 27 60 6 59 40 23 56 21 12 37 47 34 45 58 52 37 79 33 42 34 24 36 67 50 56 60 32 26 45 54 83 38 49 50 23 35 30 27 46 44 67 65 31 45 60 23 55 46 35 58 41 50 56 39 44 32 44 64 50 75 31 36 33 56 26 57 37 33 15 56 35 37 65 38 58 28 12 58 30 41 43 43 44 40 50 29 40 67 56 47 28 32 40 44 56 66 65 41 69 54 32 55 23 57 57 55 73 28 54 41 60 40 20 39 55 43 52 43 30 44 27 51 69 47 69 26 38 17 51 57 41 25 81 68 36 32 24 70 58 65 32 72 46 35
39 55 42 25 40 32 27 40 24 62 26 32 41 32 24 25 28 79 66 32 35 58 40 56 51 39 36 27 49 57 37 43 27 37 54 34 19 54 44 10 23 57 28 37 11 54 28 41 34 46 33 17 20 17 41 64 43 13 36 57 39 29 46 47 46 34 40 36 48 21 69 55 50 10 39 64 63 45 64 41 31 44 24 41 52 37 19 49 49 8 25 53 39 19 19 63 61 56 39 38 51 50 37 45 25 12 19 31 49 47 42 25 29 38 18 36 28 80 50 35 17 40 49 37 18 23 45 33 52 46 43 43 25 32 32 67 31 24 64 22 33 27 39 63 37 34 42 22 11 36 29 35 41 54 26 43 33 52 30 54 37 38 68 39 31 30 44 37 43 39 72 35 23 52 21 8 9 63 39 34 7 55 44 14 35 54 22 41 19 35 49 30 37 14 61 22 59 -1 57 39 44 41 41 52 49 31 42 61 41 49 28 34 48 43 34 45 1 52 36 38 37 38 46 34 40 37 17 33 44 44 22 47 31 33 17 56 37 39 46 42 16 31 29 27 37 40 13 36 17 40 36 32 10 46 54 13
39 65 40 64 45 36 41 60 37 54 52 45 54 40 49 40 29 88 57 75 24 69 53 57 60 29 59 59 81 36 50 61 34 27 49 5 29 15 29 19 55 62 51 38 48 68 35 35 63 51 29 44 30 49 40 59 36 64 47 48 50 42 19 52 59 46 44 43 39 31 61 39 72 36 18 26 20 55 61 49 49 49 48 48 35 40 58 35 47 32 46 40 32 35 55 53 74 47 43 36 50 48 43 30 51 33 31 51 21 49 54 61 40 64 30 44 25 37 53 32 46 20 39 76 21 72 40 56 60 42 10 59 39 43 47 53 61 46 58 55 51 16 58 47 28 44 61 58 24 47 52 34 26 44 25 43 52 67 63 65 51 45 55 39 12 58 31 53 55 56 72 33 29 37 41 65 32 68 40 41 39 53 42 50 60 24 82 36 15 55 56 43 36 29 44 42 33 65 42 27 56 37 49 44 42 49 60 61 48 27 51 74 29 58 48 20 32 49 52 29 3 53 70 45 43 20 41 23 54 39 52 31 44 39 47 70 57 35 37 38 44 65 42 45 53 63 35 41 23 68 73 45 5 72 44 45
34 60 50 88 43 2 43 53 24 61 42 23 44 61 37 61 37 56 40 45 36 37 55 38 45 31 29 57 104 39 38 40 19 30 47 29 27 51 35 12 16 54 36 50 18 63 27 40 41 52 49 54 47 30 48 46 55 68 67 45 47 39 25 45 59 55 42 28 30 26 71 46 53 25 24 61 10 43 41 31 65 31 45 51 51 74 60 29 43 58 34 41 30 48 16 58 50 65 50 23 45 63 52 17 51 17 35 28 18 46 47 50 35 39 22 39 39 46 29 44 36 50 40 42 31 67 54 36 45 51 67 42 57 54 70 47 61 42 58 45 35 24 43 31 47 33 56 54 46 54 33 37 48 57 44 34 54 54 73 51 43 33 58 68 41 45 24 40 39 54 53 35 26 38 26 69 37 58 38 33 39 51 35 12 42 67 75 49 21 37 57 54 31 53 69 28 36 39 76 49 42 31 81 37 62 48 45 20 37 31 36 57 59 25 44 33 10 62 60 57 32 55 30 4 39 65 26 27 47 35 41 33 21 42 32 80 37 53 46 55 33 56 30 62 49 43 42 64 34 58 35 30 56 84 42 32
28 46 45 56 57 27 15 32 26 56 31 34 32 28 53 36 43 57 66 62 49 68 35 38 50 64 30 42 70 47 34 41 50 32 47 50 21 33 11 45 48 54 33 19 21 68 29 46 41 58 32 26 31 59 37 29 67 50 50 60 33 24 5 39 40 17 41 44 72 34 67 34 27 45 31 32 39 63 45 34 41 45 55 27 46 49 72 40 36 11 59 6 31 23 29 49 79 41 51 24 62 27 24 14 12 14 30 43 32 41 55 35 63 38 8 19 46 40 52 52 25 19 27 75 30 72 58 38 40 44 46 41 57 42 24 56 62 47 45 53 33 -4 66 34 39 44 58 41 54 51 24 23 40 38 18 21 36 46 61 42 35 54 52 46 48 60 44 54 27 21 65 59 21 41 20 47 47 56 40 48 19 46 35 30 21 51 57 29 30 43 58 50 31 35 59 5 31 44 52 48 74 57 33 53 30 22 53 37 42 17 52 46 38 60 38 51 21 59 43 40 30 33 44 24 45 18 42 31 42 32 26 38 35 30 61 53 46 61 14 30 42 26 37 55 35 55 49 54 29 51 53 43 33 70 19 29
58 56 45 57 54 34 42 42 51 51 29 60 63 50 46 64 29 68 27 47 33 53 66 67 77 26 39 51 78 52 39 55 35 45 60 61 22 74 58 45 25 43 31 34 28 60 40 38 53 44 46 67 36 31 52 50 81 61 62 68 48 52 36 48 26 44 61 52 71 23 55 41 66 23 16 47 50 23 42 42 50 47 36 35 57 67 60 50 39 28 42 61 56 41 41 74 49 47 51 87 82 58 79 11 57 21 27 39 38 61 67 37 55 23 28 22 37 62 59 41 30 21 50 24 46 51 46 33 43 65 41 53 35 47 59 56 70 59 58 51 29 37 40 41 48 44 43 22 33 44 54 65 58 45 29 63 53 37 75 42 39 60 72 53 57 29 26 34 57 41 76 44 42 21 28 40 44 51 30 71 49 52 46 40 41 75 58 58 15 32 53 44 56 30 80 44 48 29 44 31 46 49 77 21 66 32 63 69 48 41 59 74 55 20 39 73 28 62 63 45 41 36 56 36 48 49 47 39 55 40 33 56 25 42 37 68 52 74 39 56 18 59 51 48 67 59 55 48 28 53 50 33 27 71 61 49
39 54 54 42 51 11 32 66 26 47 35 52 46 41 43 57 24 55 49 50 25 20 53 49 52 28 32 45 78 58 42 52 63 18 62 21 33 42 46 13 23 59 24 38 16 68 48 56 56 76 61 41 52 64 44 49 65 45 51 47 60 32 11 65 55 53 34 32 49 24 62 62 55 31 36 68 33 53 80 60 38 50 41 36 50 49 33 63 57 7 43 51 32 38 43 46 68 47 41 48 59 33 56 22 38 32 13 44 32 42 47 23 50 34 21 43 36 85 32 45 33 35 52 55 31 45 53 17 50 47 26 69 14 27 48 68 58 39 37 46 44 20 50 45 25 38 63 50 20 68 60 35 57 48 19 60 40 46 52 51 41 64 76 37 38 39 46 61 43 29 64 52 35 50 24 19 38 55 33 43 34 59 34 39 60 61 59 55 20 48 57 33 54 52 80 45 31 28 48 27 55 30 46 48 56 20 51 63 24 42 47 49 33 42 42 54 22 54 39 49 8 45 52 30 62 43 16 25 64 62 40 36 50 28 34 63 52 52 38 41 29 43 28 23 37 45 58 52 36 42 51 35 11 77 49 32
21 46 12 28 10 44 34 73 41 40 42 43 45 29 52 47 3 41 27 40 11 24 44 28 70 24 21 34 58 46 36 69 55 36 36 17 41 38 23 18 34 47 31 36 46 55 24 36 35 73 38 50 33 32 24 25 48 46 43 42 31 17 49 54 55 23 29 34 46 23 44 62 25 45 32 44 20 49 71 71 18 43 20 37 41 28 27 37 56 34 25 46 23 23 42 21 76 50 45 27 40 24 29 7 33 26 27 61 37 41 48 15 21 60 24 19 11 28 38 22 10 29 29 55 26 32 64 13 63 36 16 56 -9 32 42 47 41 36 27 53 47 44 50 18 37 43 42 37 43 40 7 32 51 41 27 52 19 23 47 50 41 44 48 43 37 40 46 47 27 28 65 61 31 48 35 39 31 47 11 39 22 44 36 36 67 34 59 24 11 50 32 56 42 52 47 33 37 44 36 33 36 36 50 49 33 44 57 60 41 32 31 59 27 28 52 38 28 41 70 24 13 49 46 36 36 32 11 20 48 34 48 25 21 30 73 54 48 36 19 26 54 39 12 9 46 63 25 39 28 48 66 49 19 63 25 24
23 42 26 57 40 30 45 47 43 36 59 51 46 23 26 43 41 67 52 55 20 47 39 42 62 49 42 49 73 31 46 56 25 35 62 39 28 52 27 37 43 46 25 34 34 78 49 32 48 68 39 5 11 63 33 25 51 49 49 60 41 19 23 28 32 38 35 57 60 29 37 43 36 44 15 37 51 58 62 43 49 47 46 42 37 28 58 47 57 24 34 12 32 28 38 35 71 48 61 31 55 25 39 12 11 38 25 49 16 31 55 31 33 52 32 24 -4 36 64 30 20 2 66 38 52 69 28 72 50 65 42 54 58 44 32 50 43 48 34 53 51 12 69 38 29 47 31 52 36 46 52 46 36 30 14 56 27 42 47 45 41 62 41 52 3 43 29 8 53 55 75 49 36 33 37 48 46 50 64 52 29 33 55 30 45 26 72 47 22 61 49 41 20 24 52 49 27 39 39 30 54 46 35 37 22 44 51 58 66 29 50 54 31 36 40 32 13 45 69 38 25 55 62 46 23 23 63 22 59 19 43 28 20 31 46 39 43 40 25 33 51 51 48 54 50 50 46 25 34 55 51 46 6 63 34 64
27 43 29 62 29 16 31 42 5 41 40 50 48 35 25 42 17 49 42 43 23 44 45 47 68 44 55 45 84 32 32 47 35 27 59 36 9 47 38 34 50 69 31 32 10 45 29 26 33 42 36 37 39 22 28 33 78 53 32 55 34 -10 32 36 43 42 34 37 71 30 45 41 45 31 21 32 28 73 57 73 42 47 14 41 45 63 55 61 40 21 46 34 30 17 31 37 74 40 47 29 70 25 49 25 43 48 31 31 41 37 41 34 19 67 33 21 29 36 47 12 16 26 47 58 53 57 44 36 65 69 23 22 39 31 65 33 31 45 71 41 39 28 68 57 33 42 31 46 16 60 47 57 35 47 50 52 46 40 44 36 44 44 57 51 23 50 18 53 56 59 59 63 48 45 19 25 44 67 45 53 50 27 55 36 32 42 42 64 18 62 42 38 21 36 51 29 42 55 39 41 46 51 31 44 32 47 56 37 49 40 47 46 15 38 21 31 26 50 53 39 33 38 68 65 53 38 50 24 29 44 30 26 34 47 51 43 52 33 35 31 39 48 28 49 34 38 51 45 34 48 37 44 31 76 30 45
6 66 63 66 53 6 50 52 11 50 84 50 57 31 22 44 51 55 39 65 20 41 56 41 48 35 38 43 84 44 69 41 30 47 54 34 60 61 51 17 35 57 55 54 46 61 38 65 32 48 39 43 50 48 45 53 59 57 34 43 44 13 31 29 76 48 47 56 44 14 45 81 37 23 35 36 68 43 68 61 36 37 35 22 66 44 64 40 50 21 55 62 22 45 29 47 62 63 47 45 42 40 26 46 34 41 21 56 54 43 57 54 60 48 41 29 7 74 38 57 35 32 41 64 52 65 40 37 50 59 39 67 38 66 29 58 35 45 46 43 47 40 52 46 39 44 48 58 48 76 23 27 46 57 36 42 17 52 48 51 49 45 56 34 21 38 61 79 47 26 65 50 19 38 23 65 37 73 51 49 28 56 42 21 69 63 64 35 27 70 51 69 23 25 68 43 71 43 53 15 53 55 54 51 34 37 46 51 50 43 45 74 53 23 50 37 14 46 47 39 27 87 40 45 69 52 27 22 53 40 41 37 60 36 48 74 62 66 44 33 17 52 30 30 45 43 48 51 50 34 32 20 32 63 53 29
41 36 34 56 52 6 49 48 15 67 26 35 53 35 50 47 29 49 37 49 26 44 34 55 40 34 65 16 72 17 13 56 23 47 59 31 23 52 42 54 18 47 38 18 41 51 31 45 49 55 27 67 6 31 54 37 57 46 66 45 21 32 32 32 39 19 30 55 48 13 55 39 9 26 22 38 45 46 50 24 36 35 31 49 50 49 33 37 38 16 22 16 40 26 35 39 48 37 50 28 53 50 41 40 32 16 15 18 28 28 51 38 43 47 32 38 37 39 50 24 48 34 25 37 24 40 48 56 78 51 23 14 25 32 47 49 42 47 44 26 26 19 55 33 23 50 24 23 19 34 37 34 39 63 25 46 34 48 65 54 49 46 44 45 30 28 24 21 31 43 76 49 33 26 23 36 24 68 47 29 26 48 33 34 52 45 40 31 36 45 36 50 22 46 46 41 53 32 57 32 63 50 38 26 56 29 59 49 48 30 57 77 19 17 45 45 38 41 38 34 36 47 72 65 35 14 30 19 57 39 61 28 19 39 32 52 63 18 16 11 16 27 32 50 46 46 40 14 11 59 37 38 6 54 19 40
20 79 38 43 30 15 47 59 21 31 46 51 48 16 35 58 37 74 48 62 28 31 44 46 41 31 36 44 71 48 33 44 48 9 41 49 60 53 35 11 17 43 36 18 29 39 29 47 23 59 31 29 53 51 29 36 58 28 43 35 30 37 20 50 52 43 26 32 49 29 82 66 42 43 48 20 39 30 78 73 50 44 48 43 56 25 45 45 42 36 48 44 4 35 10 56 61 46 37 36 41 27 11 27 31 16 33 32 12 38 33 10 58 50 29 4 28 25 36 38 3 31 43 40 39 72 43 23 34 46 44 52 50 26 29 56 43 18 64 43 45 36 68 37 56 2 38 31 50 28 30 15 67 21 31 20 29 46 34 57 40 44 39 54 43 58 62 35 49 51 35 69 49 30 16 40 44 65 63 34 8 37 65 35 62 28 61 48 4 63 73 44 38 64 53 31 19 45 30 27 52 47 33 63 23 42 34 36 43 9 33 37 61 32 25 26 20 50 41 34 20 56 35 26 51 20 30 32 48 16 34 45 23 52 47 59 61 69 14 57 22 48 32 37 52 46 31 25 44 23 59 17 31 65 42 65
55 44 41 57 57 23 34 26 24 60 54 59 63 47 29 52 33 63 48 80 24 52 61 43 75 35 23 64 80 47 38 48 69 50 53 57 59 65 43 42 37 47 46 37 41 50 57 34 47 46 40 44 23 66 47 29 67 60 51 32 37 20 19 38 42 51 62 44 44 14 70 64 41 34 17 33 57 31 47 43 59 21 49 23 59 31 30 45 36 20 55 55 36 33 42 44 49 42 53 44 61 57 42 34 26 39 45 40 33 33 63 22 76 23 28 27 47 23 49 42 31 28 10 51 54 74 37 36 46 50 26 56 58 39 46 71 60 47 39 37 51 27 42 15 18 31 50 43 39 37 43 22 67 30 16 51 17 50 70 27 46 39 28 41 35 53 43 31 70 46 62 73 48 50 48 38 30 78 38 40 15 55 45 44 34 36 51 31 33 51 59 59 25 39 70 49 38 49 37 43 67 51 36 24 38 41 46 54 42 31 62 62 38 42 39 58 43 40 42 23 20 64 41 45 54 34 26 14 61 23 45 56 49 17 25 45 56 47 27 31 24 50 26 43 54 40 60 29 29 33 61 34 24 78 49 49
63 64 25 62 41 25 45 34 36 39 61 79 71 18 43 55 30 87 45 73 44 38 39 45 59 43 54 45 76 47 58 61 56 59 38 38 25 54 44 30 39 33 27 38 33 57 54 18 53 48 26 49 55 30 37 39 44 60 71 43 20 40 67 56 57 54 47 52 65 32 60 77 68 41 30 31 37 47 65 50 46 30 47 55 35 60 40 26 31 38 16 53 33 24 37 50 73 58 55 43 46 38 11 15 48 51 50 37 32 40 43 36 25 42 40 42 36 31 50 43 14 28 35 61 53 54 47 36 56 58 54 55 33 33 34 65 49 51 35 43 44 50 46 36 36 48 48 13 44 55 56 65 59 55 16 56 41 47 70 39 51 62 55 70 38 29 67 15 43 53 60 76 52 41 28 46 40 73 43 46 25 50 38 30 85 30 59 31 39 54 42 49 38 37 57 32 66 53 42 62 31 63 33 26 28 63 67 68 52 48 52 66 44 57 24 57 37 57 50 28 36 57 44 44 31 30 44 44 51 34 10 38 18 51 44 71 53 35 54 24 40 60 43 33 82 46 16 50 41 45 40 49 28 68 44 47
49 46 23 50 34 26 40 46 41 47 46 52 33 21 43 38 37 43 62 51 34 48 47 32 43 41 43 14 68 63 54 43 31 32 46 55 44 38 33 14 30 41 32 44 36 61 45 49 39 60 15 31 45 36 32 59 50 46 31 58 47 54 37 46 43 32 46 47 55 46 64 62 36 47 47 27 41 59 78 49 38 28 50 21 47 61 55 65 53 17 45 22 33 46 41 53 49 20 40 38 62 35 37 34 35 29 40 35 46 36 28 29 62 46 49 7 35 46 52 60 54 35 46 44 35 29 71 22 44 70 42 55 35 42 48 51 53 37 48 55 30 49 50 31 51 42 47 45 38 64 7 30 66 42 43 46 21 42 53 38 45 40 54 34 57 46 68 73 50 49 73 63 54 40 16 40 46 40 60 22 22 69 64 46 45 58 33 47 8 48 62 58 43 50 63 19 44 28 29 26 50 73 62 47 35 49 41 33 54 20 54 60 31 48 47 46 1 65 63 69 15 39 63 25 60 20 36 30 40 35 46 42 48 42 55 69 55 43 41 38 19 32 30 32 52 36 33 36 44 28 45 15 55 36 54 19
37 33 45 45 44 27 44 40 35 62 37 36 34 56 61 71 22 57 33 75 38 42 29 45 41 44 42 37 85 49 24 92 25 63 72 34 25 51 27 19 20 60 37 33 29 72 54 44 54 66 40 54 25 55 43 40 54 44 44 51 25 45 28 43 49 39 46 53 39 41 58 54 20 32 36 52 46 55 76 29 3 31 30 60 47 35 26 64 70 24 31 44 42 28 46 26 64 69 48 51 66 32 64 7 38 33 25 27 33 37 71 19 44 39 37 50 42 28 64 36 19 34 59 44 56 30 66 47 60 64 50 61 42 45 43 41 54 44 19 58 33 25 55 28 21 42 73 16 23 64 33 22 50 43 44 44 44 45 48 25 52 57 59 45 34 15 37 42 20 45 65 58 35 46 30 47 35 54 44 56 38 44 37 10 36 48 49 41 24 68 32 46 -4 48 42 53 28 33 53 41 64 69 57 63 46 64 66 54 47 37 27 73 25 31 38 44 42 65 56 44 37 41 64 64 22 25 39 26 36 34 53 29 39 56 40 35 62 39 21 7 31 47 52 35 40 56 39 31 21 40 21 64 42 53 54 56
28 66 11 0 23 12 50 38 11 41 40 55 40 13 83 41 29 29 19 39 43 25 57 75 49 40 27 21 35 49 42 41 64 21 35 33 31 30 43 34 23 30 17 31 53 39 37 47 35 55 19 51 40 40 42 29 50 28 67 29 10 28 38 38 50 1 35 31 40 27 68 66 40 41 54 15 28 57 58 44 15 18 37 47 50 25 12 42 37 50 62 46 36 20 38 44 53 45 57 39 53 44 35 44 30 23 43 39 53 28 41 6 52 56 47 37 43 31 30 28 46 31 23 37 38 41 68 36 43 30 48 46 12 20 45 51 51 36 61 31 44 35 62 28 24 36 47 51 37 46 25 38 58 53 39 42 40 53 53 58 36 19 51 38 57 39 62 47 30 53 48 55 55 43 35 31 39 36 28 33 8 68 45 66 46 47 44 21 27 59 49 61 42 66 50 19 53 30 42 61 54 75 13 61 62 52 54 58 45 18 36 50 28 59 24 22 44 52 68 49 26 31 32 33 36 44 42 28 48 48 35 24 46 36 75 44 49 31 1 45 42 37 18 25 31 52 23 48 28 41 73 30 33 37 33 36
25 35 20 36 49 24 42 44 6 50 40 40 47 20 31 31 48 53 58 60 26 41 33 51 53 26 42 32 63 13 35 28 40 11 63 44 12 33 20 36 18 41 26 13 8 37 30 18 44 36 40 32 31 49 40 14 54 43 41 35 32 24 34 26 18 42 32 49 41 26 65 51 31 7 33 30 46 27 38 54 34 39 45 43 37 55 15 64 59 39 67 8 46 34 13 33 41 27 42 10 51 34 35 44 27 39 41 13 11 31 49 15 42 46 7 26 31 10 51 42 35 29 59 45 30 69 55 39 63 66 48 42 45 30 43 34 29 23 37 40 53 9 69 20 23 38 20 42 50 46 47 19 50 29 35 37 44 34 41 36 37 53 30 59 30 43 26 25 54 52 51 60 41 40 25 30 38 44 47 34 29 43 50 30 23 23 58 48 31 70 44 41 20 38 65 33 26 37 26 33 67 69 25 27 9 44 37 48 40 5 52 53 38 30 36 32 22 55 47 44 49 51 52 32 42 32 59 17 33 9 32 19 34 56 24 21 51 54 26 16 24 49 20 70 45 57 30 26 25 35 46 54 37 75 32 44
47 53 47 34 45 35 45 52 32 31 37 46 36 45 52 24 22 19 50 33 57 48 55 55 59 24 28 36 65 37 35 60 41 37 53 16 28 45 45 13 43 61 26 48 15 46 41 47 64 59 33 42 45 54 31 47 82 21 58 44 58 41 37 30 46 35 58 24 24 40 71 27 40 56 49 54 46 52 38 49 28 46 44 68 26 37 18 54 48 23 63 34 42 39 46 64 76 48 46 57 60 30 47 25 51 43 25 49 41 48 23 23 26 41 43 41 34 48 48 28 32 17 40 51 30 26 62 47 63 38 48 46 13 24 58 57 43 45 46 33 11 42 31 47 29 39 34 69 36 39 48 28 31 48 53 76 34 51 45 33 50 33 58 35 50 17 44 43 37 50 36 62 33 53 53 20 31 44 9 40 49 35 54 31 67 50 56 40 38 77 39 53 64 28 62 48 40 42 28 33 68 30 44 53 30 25 14 76 32 45 41 41 64 31 54 34 30 51 73 64 29 74 57 43 59 34 58 32 57 46 50 32 38 47 39 59 59 44 53 10 37 65 16 22 27 43 27 43 17 34 32 43 34 37 29 24
48 49 61 45 28 48 23 47 29 38 57 52 51 48 45 28 32 70 31 40 49 72 45 75 61 45 35 47 61 63 41 43 55 39 20 42 20 40 43 26 32 56 25 31 12 52 23 32 51 61 21 42 22 15 27 36 68 31 45 55 12 38 59 46 39 27 49 33 57 3 61 30 68 28 27 50 47 62 55 61 28 51 27 48 43 61 48 27 40 7 70 21 39 42 14 60 68 42 43 61 76 17 31 34 44 21 39 30 53 55 48 49 36 66 28 42 59 31 40 15 31 46 34 69 35 51 45 1 55 50 14 36 19 52 48 91 32 17 66 47 2 25 54 51 39 60 54 8 14 23 46 43 37 35 33 27 33 45 42 37 25 52 77 55 53 40 69 67 48 44 36 60 29 41 23 36 29 67 30 24 29 50 57 56 56 19 68 36 47 43 33 46 47 8 31 23 38 31 0 34 35 35 40 35 25 22 55 64 32 42 64 53 43 54 48 73 30 56 61 17 37 45 61 61 37 32 59 5 30 67 31 43 17 48 54 65 55 54 30 49 24 38 17 46 27 54 48 44 29 30 73 41 14 47 47 50
57 48 69 62 38 26 38 31 38 51 40 43 28 49 29 12 20 50 50 38 28 59 20 46 62 42 12 33 60 43 34 60 38 58 43 37 25 21 19 24 44 54 17 46 13 80 46 40 57 59 35 23 19 36 24 42 45 35 44 49 39 6 40 28 32 14 65 38 71 29 33 37 28 38 28 60 48 41 65 47 11 55 30 52 33 18 30 74 49 -8 24 17 44 37 22 57 64 59 47 47 61 37 39 25 39 39 53 42 54 65 53 40 30 27 10 32 30 55 62 12 31 41 45 49 31 27 40 40 53 31 43 35 38 48 30 59 54 27 33 45 19 3 44 42 27 36 49 18 36 41 30 35 23 55 15 57 37 31 45 57 36 50 52 42 34 48 63 36 40 36 62 44 38 21 35 34 46 56 39 36 7 47 27 25 51 67 56 15 17 35 40 40 35 28 70 38 35 29 49 43 58 33 34 36 45 42 58 70 59 58 58 47 37 35 33 30 18 78 53 36 35 45 40 25 23 34 19 31 60 37 31 40 4 12 18 51 43 36 38 41 49 37 32 16 49 44 30 38 23 44 31 38 13 42 39 47
38 58 31 71 48 11 44 50 17 61 48 67 71 38 56 41 46 65 53 73 14 62 30 45 62 4 36 58 74 30 46 51 41 34 50 44 25 59 46 54 46 31 44 6 48 59 45 38 48 54 43 45 20 58 43 37 81 38 67 28 34 21 58 50 35 27 48 38 31 4 74 68 59 12 30 12 64 22 54 50 40 31 34 38 57 11 18 65 35 23 52 29 49 34 3 44 50 46 52 44 62 48 22 37 53 36 51 41 54 45 43 49 57 54 21 23 36 36 43 55 35 19 31 51 62 60 35 28 62 65 49 73 59 43 53 81 47 40 44 49 21 20 72 23 36 40 42 14 53 44 43 31 51 41 -11 33 43 49 40 37 51 48 38 54 45 61 39 50 68 54 42 51 54 63 30 20 52 70 52 50 12 43 33 19 73 51 50 40 19 63 40 54 25 36 79 57 25 53 53 46 45 70 41 42 19 29 60 66 36 34 28 78 42 33 21 54 54 62 25 36 35 59 30 51 42 32 51 33 52 33 33 64 41 59 27 47 74 41 7 33 42 65 25 48 62 76 26 53 38 47 55 38 35 68 28 77
44 34 37 49 23 30 33 25 30 24 43 62 33 39 20 24 21 45 40 35 30 47 46 79 46 56 44 48 64 22 35 62 14 34 68 46 28 34 52 9 39 62 18 55 5 40 17 33 63 49 33 52 36 35 9 50 41 37 23 69 36 48 29 48 48 63 73 31 48 22 36 35 51 23 33 38 44 43 56 49 16 51 31 32 34 62 24 74 45 1 53 28 45 44 30 53 53 53 46 45 53 43 48 35 32 35 23 12 25 46 37 45 50 63 25 45 38 23 67 33 37 32 70 52 30 37 57 26 64 61 32 53 38 36 64 55 42 32 38 54 22 15 58 40 39 31 35 22 34 43 43 50 56 46 37 52 43 39 24 36 33 47 88 37 22 38 24 45 54 53 47 73 43 34 30 21 41 55 38 41 46 18 51 33 52 22 45 57 26 43 39 40 29 16 43 61 42 23 24 7 66 29 39 48 39 38 51 66 39 44 59 62 33 43 80 26 8 58 44 61 32 62 68 43 20 26 42 20 44 25 36 42 17 67 10 43 49 47 46 31 22 77 37 42 54 26 46 33 19 20 40 47 10 52 79 51
52 68 24 29 39 29 28 57 29 46 20 42 41 28 21 32 43 44 45 43 44 51 44 44 54 32 38 45 47 30 48 56 37 44 49 34 26 22 30 18 38 48 14 12 2 47 36 20 55 43 17 47 51 46 19 49 63 38 51 56 48 56 27 58 33 36 56 44 47 31 64 46 62 38 46 45 27 54 44 63 52 31 39 48 32 42 26 63 44 28 32 31 43 47 34 45 64 50 66 34 51 38 41 28 50 27 37 23 19 42 39 21 36 36 34 32 48 39 50 45 29 35 61 41 17 43 67 43 54 20 66 48 28 6 46 47 61 36 53 38 26 36 43 42 68 11 40 31 19 51 40 48 40 38 30 47 53 43 45 54 18 41 58 42 51 42 42 26 38 55 40 41 48 29 30 18 54 34 50 38 52 24 39 30 51 58 43 41 2 24 62 42 38 44 58 28 36 26 42 19 68 60 25 47 29 7 38 59 49 36 21 38 47 37 54 28 15 76 43 54 27 40 40 12 40 25 39 25 50 10 23 41 31 59 -7 53 32 58 36 26 42 52 26 26 61 57 30 54 16 48 43 29 46 66 63 43
17 60 27 47 52 3 55 35 5 43 19 59 58 34 37 37 22 53 38 46 31 60 35 58 50 26 44 46 73 32 39 36 23 34 46 56 32 79 35 58 29 39 34 21 24 33 11 35 58 38 41 38 67 42 35 31 69 41 42 35 20 20 46 28 45 35 40 52 62 29 68 56 64 31 60 22 53 32 54 66 44 56 32 61 34 38 30 54 41 24 45 39 50 21 19 35 43 46 78 30 56 25 17 42 29 46 40 18 26 44 31 40 61 47 17 -2 25 23 54 44 35 34 43 46 38 43 38 26 61 64 67 36 55 35 53 63 49 34 44 54 47 31 61 37 42 24 31 21 72 38 49 37 57 49 34 21 50 58 46 52 17 60 32 57 69 56 62 27 51 52 76 61 49 39 33 21 44 64 34 32 14 46 18 49 71 77 65 33 51 60 36 48 44 44 65 31 56 34 36 54 60 46 17 40 27 38 39 62 50 36 37 68 47 41 33 34 16 55 45 50 64 53 33 50 41 44 30 49 50 23 9 48 22 48 30 36 66 44 27 48 31 56 56 46 63 51 29 46 27 36 47 52 41 60 36 67
49 79 40 52 53 17 39 75 16 64 52 34 55 33 38 68 46 66 39 63 48 54 50 22 41 32 33 34 76 93 55 68 54 35 54 41 37 60 26 28 34 59 38 49 43 71 55 65 38 64 36 44 32 63 85 38 77 70 49 34 44 57 38 61 48 39 36 64 56 47 52 64 52 49 38 56 46 67 94 34 41 19 57 44 60 45 44 45 61 23 29 66 44 59 44 44 61 72 68 58 78 38 26 26 24 34 39 58 57 43 61 24 50 42 55 15 28 58 54 44 16 46 55 51 58 43 41 43 37 53 51 67 49 38 29 67 65 50 54 60 41 29 76 51 39 43 79 33 12 81 23 48 58 32 25 56 24 24 47 56 18 56 62 57 48 48 77 29 61 55 66 32 49 48 60 50 61 64 60 34 35 75 39 51 78 74 77 65 26 63 59 37 29 38 53 21 53 12 53 45 29 61 45 47 30 40 38 70 38 48 25 58 60 50 22 52 23 64 53 54 34 52 40 38 50 32 26 23 67 38 39 44 48 39 20 69 51 51 24 21 34 25 49 31 61 42 51 47 46 42 51 25 36 51 50 51
29 53 39 49 33 8 58 41 26 31 43 61 77 49 48 34 18 60 63 47 31 51 58 66 58 31 56 43 87 34 42 61 34 33 59 67 39 79 76 33 25 51 58 25 29 24 23 26 75 53 40 59 29 44 44 67 53 60 67 46 31 52 30 58 60 67 55 41 72 30 72 52 52 34 34 7 57 38 64 42 32 64 41 49 51 36 54 68 25 15 42 58 30 50 37 51 66 33 55 49 62 63 41 42 27 41 23 29 52 40 41 69 68 54 15 14 22 23 56 27 35 33 30 34 41 41 40 48 72 55 24 56 49 17 79 70 56 49 59 56 25 44 67 32 40 40 31 17 64 26 58 46 59 39 32 33 47 46 39 53 41 56 62 37 52 62 38 27 77 38 41 80 51 33 38 44 51 80 46 40 34 53 62 39 99 39 61 49 22 51 52 59 44 32 33 38 50 42 50 31 75 23 52 40 57 27 51 71 58 24 66 71 50 50 60 22 30 51 46 64 35 49 71 60 53 13 46 63 54 57 35 58 13 56 38 72 86 26 29 47 35 81 72 43 77 63 28 34 34 52 67 40 19 69 58 63
46 62 20 75 53 38 51 41 34 37 47 50 41 18 25 49 31 74 34 59 18 40 24 43 32 26 62 45 75 13 48 44 53 33 55 39 25 31 38 21 55 62 16 24 38 63 48 44 28 66 38 43 48 41 34 32 52 58 35 50 59 35 30 46 34 45 27 42 53 29 68 51 45 20 34 44 34 27 59 63 49 38 28 32 44 53 48 60 31 31 38 17 27 27 30 28 64 23 17 28 47 42 15 19 35 18 41 42 20 16 31 43 41 41 42 23 27 44 52 50 16 15 47 67 22 44 34 55 44 45 39 42 57 33 44 35 37 40 56 60 47 28 57 28 55 18 42 35 19 64 38 37 71 39 23 43 13 34 64 36 34 37 35 37 21 50 35 42 62 53 57 64 62 20 34 27 23 59 53 36 26 33 59 27 41 32 49 42 6 61 59 32 27 36 45 25 23 56 41 21 34 54 44 54 29 34 40 44 48 23 43 44 38 40 26 53 12 49 29 37 30 37 42 49 49 6 28 -3 34 33 58 39 33 52 23 42 65 63 18 21 32 33 25 31 30 52 37 12 27 36 46 34 10 64 37 31
36 62 42 50 39 35 29 33 23 37 45 40 32 46 50 32 25 51 34 39 40 62 49 57 66 60 15 54 78 36 23 60 36 35 29 40 33 23 15 27 56 51 -1 54 5 86 35 7 54 65 21 23 59 33 27 41 60 37 50 41 29 38 42 24 56 26 63 57 55 24 56 35 70 43 39 30 21 58 42 30 35 46 34 36 31 26 43 47 39 21 55 15 40 22 22 61 64 57 28 42 70 33 29 16 50 39 60 22 25 41 31 39 20 65 33 41 36 51 60 17 29 45 58 76 26 43 45 57 46 27 38 67 27 53 68 72 24 29 55 40 13 22 39 34 60 46 63 45 27 38 48 51 24 33 38 50 35 43 38 38 29 45 60 43 31 38 59 38 49 71 47 44 50 31 27 46 30 57 27 46 38 67 27 13 39 41 81 34 34 52 32 30 42 2 50 19 30 34 22 39 40 39 32 47 37 29 29 48 67 33 37 57 51 45 25 35 -6 61 67 44 31 59 34 54 26 38 53 15 47 36 39 48 36 58 28 37 70 43 36 22 50 56 30 35 43 50 36 71 35 47 41 51 23 40 53 21
35 39 33 70 51 20 15 44 11 37 64 49 56 34 36 31 36 59 48 53 39 75 30 38 62 52 46 33 108 64 49 46 34 33 55 52 29 33 15 33 56 41 35 19 16 51 27 33 58 66 32 18 9 57 69 25 63 60 39 62 45 31 30 31 33 46 44 39 60 41 71 35 45 38 25 31 68 60 53 49 46 28 32 46 26 51 55 44 48 -6 83 14 25 31 33 35 62 44 52 38 73 38 22 25 11 33 46 37 42 28 39 55 56 57 25 20 31 24 43 35 44 23 38 41 24 58 30 41 44 66 40 59 62 51 58 53 44 45 51 54 27 32 56 29 41 42 48 53 25 55 58 48 41 12 21 43 28 32 48 7 25 31 60 50 35 36 55 42 55 60 50 58 46 40 22 62 31 49 57 24 39 62 60 49 50 42 77 28 19 58 37 77 27 12 53 20 25 33 7 39 58 71 34 37 8 36 15 48 79 25 68 67 28 81 30 53 -15 62 43 48 44 50 65 55 54 50 61 35 55 48 27 44 49 56 31 39 61 53 52 14 32 42 34 23 50 34 40 25 10 44 57 36 11 57 29 37
31 57 58 53 40 33 53 33 8 28 43 35 29 27 41 40 19 44 56 22 30 48 62 44 51 39 45 36 79 37 33 73 8 22 57 47 24 45 43 18 37 39 45 48 47 67 36 41 35 54 39 45 32 27 52 27 85 57 51 40 39 32 8 45 57 34 44 34 47 40 57 41 34 34 45 24 27 59 51 40 49 55 28 40 52 58 56 65 56 27 46 56 27 33 14 61 63 30 29 45 56 21 48 56 45 29 35 42 20 33 48 44 38 75 51 12 56 37 47 42 62 21 57 48 36 46 57 26 69 61 33 15 33 26 55 44 43 49 45 70 39 31 70 56 21 26 46 49 44 46 46 31 40 56 55 55 28 36 67 36 56 44 56 47 31 43 27 57 42 65 78 58 35 43 12 53 45 72 35 31 41 54 49 32 50 54 63 34 35 31 36 46 57 39 52 43 40 74 37 27 54 48 70 52 46 33 46 30 62 24 57 92 49 22 49 48 0 50 57 61 22 62 85 49 50 27 38 28 69 25 54 58 70 48 51 48 63 56 32 49 45 40 23 20 67 24 47 53 18 47 32 71 31 63 45 41
45 62 29 39 51 30 25 55 36 60 41 64 45 41 48 36 36 72 52 46 38 72 63 73 60 55 48 60 72 62 37 63 42 55 50 34 20 47 23 34 48 66 47 37 38 47 25 54 63 60 16 29 42 42 53 49 41 70 35 65 42 54 30 40 55 37 55 55 85 43 67 49 68 34 30 37 53 53 62 36 15 47 54 69 36 33 52 46 33 2 41 37 50 41 56 78 68 55 65 51 65 47 49 12 40 20 32 45 53 63 65 21 61 42 25 22 29 42 54 28 24 42 34 50 20 41 41 53 36 34 45 47 45 56 56 68 60 49 47 43 15 33 43 26 62 42 46 44 67 42 45 51 72 40 25 55 34 28 61 69 39 47 60 66 37 43 63 28 37 40 63 58 38 37 46 41 30 61 33 40 10 62 58 57 53 49 85 53 47 49 50 57 40 32 42 20 50 26 36 33 67 42 58 46 49 46 47 83 52 28 45 58 47 63 43 33 32 69 62 56 38 50 57 32 46 40 41 30 69 46 24 65 22 8 34 65 40 68 33 25 33 53 47 30 57 46 29 55 15 31 84 45 1 61 60 30
37 47 58 59 75 23 43 54 12 56 38 48 27 47 19 63 37 40 59 51 35 54 28 44 37 33 49 50 89 14 20 47 32 52 70 28 49 83 46 36 17 55 51 34 13 43 34 37 54 40 62 40 54 23 71 12 72 66 67 32 61 54 32 45 47 66 25 45 48 41 80 39 65 45 32 52 41 46 52 45 76 44 16 50 10 47 43 53 23 21 30 46 36 28 34 62 55 43 46 48 60 45 47 33 49 39 29 33 47 21 50 35 33 42 44 14 42 41 29 45 52 47 38 55 57 40 26 49 64 36 45 27 32 31 70 76 33 36 45 49 37 46 47 23 44 29 45 38 39 19 76 28 59 53 52 44 35 50 66 43 41 62 28 42 27 30 41 31 57 45 58 49 67 40 31 35 29 53 66 37 44 41 29 32 43 51 33 51 36 40 36 38 34 35 63 29 54 47 38 20 46 56 55 37 21 31 31 51 42 33 65 63 53 33 22 57 8 42 49 60 31 56 67 61 59 44 23 44 49 63 43 57 37 44 7 46 55 46 45 55 9 32 49 31 59 68 37 37 53 55 25 61 17 74 45 48
72 45 37 50 51 39 37 36 29 47 40 51 46 61 51 34 9 49 28 39 35 49 33 48 79 41 26 40 74 51 38 55 57 51 44 65 30 68 40 16 51 72 36 32 31 68 70 11 57 80 31 42 48 40 54 43 83 43 84 52 45 26 19 35 34 42 55 33 77 43 37 43 58 20 46 38 39 44 33 50 37 23 30 44 45 73 62 55 27 26 28 49 30 22 47 62 63 39 52 40 60 77 59 20 33 23 47 21 31 33 60 47 53 29 37 18 22 42 61 29 35 19 28 37 33 43 32 47 47 50 35 39 45 52 66 50 67 51 58 39 30 42 55 36 48 27 41 28 19 32 41 42 58 27 40 69 32 60 59 24 49 28 56 42 38 33 35 38 51 53 51 61 59 35 27 44 35 84 40 35 25 49 55 16 49 53 60 36 19 57 52 34 48 26 55 25 54 49 39 43 73 35 60 57 62 24 61 59 60 66 82 58 49 37 49 61 13 57 55 52 18 47 57 40 19 35 33 10 64 26 22 52 17 34 30 47 52 45 45 14 13 51 46 60 46 39 57 38 25 41 54 37 10 64 59 38
24 72 48 59 50 19 73 37 13 39 26 59 50 30 36 54 37 39 33 21 50 54 64 57 63 43 28 52 64 15 37 48 31 41 47 57 45 48 65 36 45 56 31 61 21 45 33 41 50 33 16 51 56 33 36 40 74 40 59 43 43 42 26 36 45 26 63 61 57 21 63 25 68 46 40 46 21 44 42 46 51 42 46 25 58 37 45 48 28 20 55 24 43 40 22 89 48 56 38 48 73 49 39 33 49 39 43 27 24 52 32 29 41 40 37 16 16 51 49 16 33 44 50 27 50 52 50 51 52 35 28 51 45 44 63 66 45 40 74 36 30 40 72 64 39 33 54 40 39 37 35 38 49 64 38 46 33 50 44 69 45 40 69 39 36 40 55 20 69 69 35 40 48 24 29 27 52 42 42 36 47 37 46 28 55 64 60 47 44 47 57 35 42 43 72 45 48 25 38 28 42 40 40 39 45 26 31 54 52 34 62 56 65 26 19 50 22 51 56 56 28 58 43 43 44 25 31 30 63 20 53 38 14 43 14 54 55 60 42 46 32 59 32 49 52 44 49 51 46 45 49 9 42 43 49 53
45 77 32 29 22 24 67 24 40 42 35 58 30 4 44 34 11 57 59 58 41 44 57 60 48 44 40 29 66 40 36 59 51 43 61 35 32 53 44 47 25 43 23 46 22 34 28 41 49 36 31 65 46 30 47 50 68 54 66 29 16 31 48 63 65 44 41 39 62 18 44 58 42 40 50 49 44 33 41 63 49 53 39 59 46 66 42 36 32 35 32 66 27 15 21 42 52 50 75 64 54 38 27 60 45 30 54 66 46 49 66 31 37 64 40 29 44 43 44 34 28 31 42 56 59 60 51 43 83 65 46 37 32 39 41 50 40 44 68 60 42 34 69 37 28 45 35 32 55 36 39 45 46 60 41 42 44 59 51 59 54 53 45 58 42 44 58 14 30 53 66 57 50 38 33 43 46 81 42 54 22 56 14 69 65 27 70 47 33 37 45 27 42 59 47 36 62 37 43 61 55 49 39 38 50 64 54 73 53 22 54 54 56 47 25 46 17 63 56 47 31 41 62 50 39 49 25 39 60 44 57 42 30 52 56 48 62 36 28 54 31 48 31 44 59 35 35 43 40 26 37 45 23 73 23 65
40 51 55 44 47 45 56 37 26 51 51 70 77 31 35 51 59 71 62 56 25 57 43 60 64 7 57 39 60 25 41 66 50 62 57 33 35 71 48 13 36 59 36 52 35 48 51 24 53 59 38 54 20 33 34 36 41 66 53 41 46 41 32 40 52 54 36 49 37 16 66 33 43 18 16 54 38 42 65 62 28 41 37 65 43 43 19 61 28 1 47 42 48 35 41 48 64 57 48 47 64 59 50 38 47 25 47 51 43 36 50 34 39 41 9 44 26 30 52 31 25 42 54 37 47 55 48 35 63 63 23 64 35 57 42 57 24 42 33 39 56 34 51 33 4 55 20 15 26 24 53 18 63 55 21 34 42 33 51 45 49 40 54 39 14 25 34 17 59 57 52 58 36 31 35 28 30 50 28 29 40 36 32 35 63 15 54 36 34 47 42 36 29 20 52 69 32 38 42 26 48 37 49 37 26 53 56 71 31 31 62 83 40 23 26 57 47 52 56 31 35 53 59 50 21 39 33 9 67 24 44 29 30 25 27 60 52 32 30 17 33 51 33 35 71 64 41 40 31 36 43 50 6 60 41 48
26 74 31 54 53 22 35 54 27 40 30 38 56 13 43 63 52 54 45 27 35 39 41 41 65 29 27 35 91 44 44 58 44 45 39 45 38 71 27 20 60 64 39 44 30 68 25 35 39 69 28 41 34 51 47 18 72 35 37 29 36 43 16 52 47 23 31 50 67 23 84 37 51 30 31 49 24 57 48 43 34 19 16 26 38 19 41 46 51 6 63 31 34 35 33 60 73 46 66 50 82 48 28 21 19 31 25 50 36 42 44 10 49 42 5 14 12 37 49 43 12 59 48 53 22 43 53 48 56 41 42 77 30 50 34 61 36 53 66 73 21 30 77 45 56 48 61 39 37 56 48 26 56 24 16 42 24 19 38 45 35 53 64 53 45 60 68 24 38 43 52 55 42 41 39 25 38 46 36 34 30 41 47 31 57 53 63 53 37 60 56 32 53 26 77 23 16 24 27 28 49 52 54 53 11 24 36 76 49 43 43 62 68 42 38 58 24 59 51 64 27 51 51 48 58 23 25 19 63 37 34 46 29 45 23 45 56 61 26 16 22 41 28 33 44 54 43 54 42 19 45 35 34 68 44 53
