90 62 -103 -93 3 -126 21 66 -54 -69 42 -116 -121 -59 -13 -96 79 -6 125 52 99 -97 -92 -124 84 49 3 32 -123 52 -25 43 89 -104 -70 -95 87 28 99 64 -29 -8 -91 -26 0 93 -24 76 2 50 1 -76 -69 -114 -17 -6 -44 111 1 -22 21 18 70 -70 -64 -120 85 -69 -116 -116 107 -79 -19 66 -50 31 75 125 68 -8 65 16 -51 83 -6 45 -88 -63 -10 122 63 81 -123 117 63 -16 37 -113 -72 75 -122 58 -64 -50 -55 84 43 -49 91 -2 -75 -62 -88 -108 -110 -24 114 -75 35 -116 63 -27 8 -4 -41 0 67 -83
-102 -56 36 108 26 -40 -31 -126 13 78 -120 -42 -89 -120 89 106 118 99 117 106 83 31 -2 49 -114 36 86 -114 71 -86 -80 81 -80 -125 -46 67 20 121 27 30 106 15 46 8 -13 15 -4 81 111 -64 106 20 58 9 -114 -66 -114 39 22 58 41 8 -114 -1 69 -43 68 17 110 -77 -56 -98 -7 113 -41 119 -12 89 -55 -26 -67 93 -30 -105 -99 -22 103 -75 82 -61 31 -63 -78 -16 -61 -6 44 -109 -19 -101 40 -64 -54 35 91 106 6 23 -40 80 -39 36 12 101 35 -128 90 -25 -127 -82 5 33 112 -89 111 5 -18 97
-15 -118 94 112 -112 -75 -51 -19 37 -30 34 89 -105 -109 53 14 -121 -46 -117 -48 11 -78 7 73 58 27 -54 -124 53 101 -34 69 -109 41 -105 -97 -7 107 -106 -88 -17 116 -41 -25 -97 -14 -87 32 81 59 -61 17 93 -36 121 -43 81 -46 -115 10 118 -68 27 -29 -108 -75 -29 64 -36 -45 108 -12 92 13 -103 -86 -77 68 106 -92 19 47 47 -53 -64 -20 -70 54 -10 57 -74 -89 -18 25 -23 13 110 -108 -118 -34 37 16 23 -105 -91 -106 -45 -21 50 -107 9 119 103 -24 6 55 -108 30 -71 32 -20 -100 50 -63 -80 -76 -103 100
-95 -11 -120 28 111 -35 45 -16 53 71 32 -33 105 -26 -10 73 -92 -27 -50 -79 -115 -50 58 -116 -124 -73 -72 53 -117 -78 8 54 35 14 59 28 -38 -103 14 10 -67 -35 44 -16 79 57 -125 89 -97 28 104 102 107 -7 113 -42 -29 102 -35 4 52 -3 77 -84 -34 -25 43 -121 -43 -103 -120 -7 38 -120 0 22 -108 -34 113 63 -29 89 124 -17 117 106 124 -23 -116 -71 53 75 15 26 95 -82 -56 106 19 69 -42 -108 43 72 40 24 36 -49 43 -103 108 45 113 -38 -53 -21 -60 97 -24 16 -55 -116 -44 -121 -82 53 9 119
93 -5 81 14 65 80 -29 -105 -84 -50 -4 94 28 121 -49 -119 8 -42 -14 1 -66 -26 59 -106 111 -47 -51 40 2 -100 -49 63 -98 -97 -118 16 51 -43 4 58 103 -83 100 -64 24 -126 -103 117 70 -73 -2 -89 -56 -11 -117 10 -128 -4 29 -35 34 108 -81 -2 70 44 -62 4 -2 9 -39 64 -71 -56 -126 34 40 -79 90 86 -79 -102 -36 -9 -57 -77 -19 -17 91 2 -111 40 113 107 -124 -64 93 -102 125 2 -30 12 -125 42 -65 9 104 -76 76 90 -92 7 -3 -64 -96 -69 125 21 31 -40 -68 66 -98 117 -102 10 -85 0
44 -76 16 82 95 122 113 -55 -55 121 -49 -43 65 -13 -27 -62 -79 114 -51 -116 109 14 45 44 91 29 10 93 -121 -15 1 -26 26 76 52 -66 41 99 -87 66 -8 54 97 62 121 -52 -31 71 22 -32 -37 -3 -37 108 44 -101 -83 -13 -21 -82 99 -56 36 35 -6 -31 -30 18 -29 66 -89 -120 -128 -41 101 63 -3 -118 38 53 65 113 30 93 -90 -2 60 -4 -99 -118 125 53 57 -81 62 -77 42 87 91 -73 82 -72 -107 53 5 -59 64 57 -80 -48 46 4 -127 23 106 -69 121 -65 -107 105 -3 32 111 -74 -13 -24 -125 26
124 -106 -52 124 98 66 -84 76 101 122 26 116 -6 127 22 21 -85 121 -91 -6 -93 -90 84 -120 -64 -114 -80 124 75 -5 -1 -33 71 -11 -9 -60 14 -80 -11 96 27 -36 16 -64 55 -12 -75 -94 49 119 -104 -38 -75 -17 50 -119 103 -91 -9 -92 -118 -75 -96 -64 40 15 -53 81 -98 -38 -7 -28 -50 -19 104 -75 -114 46 45 -10 -124 -63 -79 36 99 -10 21 57 -127 -66 23 62 -108 23 18 -75 61 -18 19 100 127 94 56 40 53 -40 -48 -83 -124 116 74 -89 -43 49 73 88 0 110 96 121 -56 9 40 -22 -12 -73 103 98
83 121 53 -2 -9 103 -93 64 56 -50 -21 47 -49 -117 -82 -88 -99 -11 60 -81 -44 -126 -7 -42 44 46 -101 -65 -98 75 -85 -107 -32 -108 44 -4 -122 -104 66 -117 109 -83 -105 -58 -81 60 -68 125 -2 122 -31 22 73 -22 115 -57 127 98 96 -85 72 -11 -70 -21 -127 15 112 14 -18 0 -70 -8 102 -20 -81 59 38 83 66 -78 -86 16 48 -54 61 -28 -51 -118 13 41 124 72 45 96 44 89 19 108 27 102 124 -74 22 -42 78 82 -52 -72 45 120 118 6 12 96 107 -52 60 61 -109 -90 -64 -116 -128 -57 3 -53 2 33
106 91 114 -117 36 58 -51 -52 4 -24 -109 -118 -73 -12 93 -59 45 78 -23 56 -68 32 4 92 -49 -24 61 123 115 95 28 -72 53 19 118 -23 24 -30 19 -25 72 62 72 100 77 119 -81 46 -106 -120 26 70 -110 -118 -17 -13 -58 66 120 16 26 107 -15 110 -82 -32 66 60 -54 -17 104 -122 -101 79 -86 -67 42 6 0 -26 90 -32 -63 -107 -44 -2 -65 47 110 -95 28 37 118 -70 -16 -97 30 7 67 -2 -17 -102 -124 90 10 3 -99 -27 4 114 70 10 -80 55 -122 36 -116 111 14 99 -58 22 26 -100 -26 114 119 -101
69 -85 -16 44 -114 -76 -31 83 24 -26 -41 -128 71 80 93 -9 -17 42 53 127 -115 1 -93 106 -82 78 -104 126 54 51 19 70 -21 113 -101 -96 52 94 -97 -99 0 25 49 -55 -15 -116 12 -39 -52 -111 -72 -28 -121 -115 -92 65 -122 94 -27 -22 63 72 -17 18 -127 111 90 -104 -82 24 70 -59 92 -66 -22 -38 -1 -24 108 1 -15 -49 36 -71 -2 -10 -115 45 42 122 58 55 9 -88 -123 -57 31 -119 -88 10 33 -55 -15 89 121 -103 64 -60 -16 98 100 30 -21 -123 -73 -31 -93 95 -22 15 -32 -61 -97 92 -89 -106 -102 4
107 -107 1 65 126 44 -103 -106 41 -33 35 69 47 53 117 -29 -16 56 -62 -7 -67 -99 4 37 -15 -110 -93 -65 -78 21 -44 -77 -67 -103 92 102 -73 -2 80 -5 83 -2 104 25 91 35 -126 126 -67 -8 41 -12 109 -91 47 -125 -41 -36 13 -97 5 -66 3 28 117 -87 47 -77 -76 -26 27 -127 61 -107 -68 -30 -109 13 -110 -65 -65 54 -89 50 82 35 1 93 42 -111 12 65 37 -111 -30 74 -101 61 -77 -49 71 94 43 -2 118 39 -67 -37 27 -17 -114 -37 121 90 -38 -30 39 68 98 -15 123 -108 -66 34 -32 -78 -96 -104
-10 91 118 -61 -126 -90 -24 -92 73 -49 -63 -60 -47 80 126 -119 34 -80 42 -112 109 -86 -2 20 37 -13 54 -83 -19 -89 -52 38 -100 -19 92 -4 11 13 -27 25 -9 61 -100 91 -81 -105 21 -100 -56 29 99 -21 -68 45 127 63 111 -19 73 11 -71 -67 108 -18 25 52 -72 -3 -67 -11 84 -44 59 -3 25 -44 93 17 -9 -4 110 -42 -16 114 -33 -107 -106 -30 -118 60 -95 -47 30 88 -83 23 -6 55 28 -7 -29 65 -63 108 -23 -51 -75 74 -81 -93 96 -52 117 67 -73 -116 -12 78 119 123 -17 -9 -110 -87 13 -25 -45 50
0 -128 4 69 -21 -127 -29 -89 -103 -25 -97 -44 49 67 74 -1 -32 105 -126 -66 102 108 -48 -125 29 119 35 88 91 61 0 18 97 -47 25 -63 -4 -94 -71 69 2 -123 76 6 123 -42 -64 87 -14 74 39 78 39 111 61 100 71 -54 -25 -8 34 13 -117 -61 -34 -127 100 81 38 18 4 -112 23 68 -112 -83 -46 -4 -60 93 -16 108 -39 -25 20 -96 -19 -123 -19 -41 97 73 -42 -7 -95 -96 -121 -109 93 -46 96 -109 62 -30 -65 105 42 35 -117 95 -100 71 -22 -119 -118 -56 -27 4 54 48 -120 -102 46 -95 19 102 -10 100
65 14 88 -125 91 -75 -48 -118 47 -43 93 -17 13 127 88 -27 -23 36 -61 70 -116 86 -73 -30 -8 -28 1 -40 -31 -53 -75 26 98 101 81 14 -118 -81 54 -128 13 122 93 32 -4 103 -121 114 -11 -26 -98 -118 43 -43 -112 38 -85 59 -60 -58 -111 -60 2 -20 -37 92 -87 96 43 -74 38 17 -77 73 57 106 84 18 -115 2 50 -20 73 -48 -117 -1 95 37 -36 0 91 105 118 -24 -33 31 127 90 6 -17 -123 -97 72 17 -121 120 79 67 26 -57 93 7 115 -106 113 -125 59 -43 4 -66 36 -104 34 64 -75 95 -125 6
-57 31 -72 -119 -28 66 53 -47 77 -104 -30 125 73 -39 95 -47 54 72 -99 77 -120 45 87 52 66 112 -59 -25 122 106 -68 81 -10 18 106 43 -79 -17 -52 34 -42 -56 16 -44 -88 51 64 -112 -83 121 43 50 -77 67 -112 2 -102 10 -105 86 -27 6 -106 99 116 -2 4 -5 40 16 54 -114 -16 -36 -70 -116 -83 58 101 33 66 111 8 90 -10 -31 36 -65 48 -94 102 80 29 -106 -67 -76 112 52 13 30 18 27 -22 121 23 -103 -54 -78 -41 -69 -3 -71 -103 -115 26 -125 125 125 17 -92 -119 -24 -46 98 -34 -9 -118 2
-55 -93 -17 -110 5 -28 -38 72 -53 110 -38 91 -109 -120 -6 75 -39 -61 7 47 -55 -97 -43 56 49 3 -110 96 93 85 9 6 87 -24 40 44 -27 12 -25 55 -116 24 5 66 25 -78 -19 90 -13 -5 -72 27 52 106 44 78 -101 -10 63 4 14 55 -98 51 65 -38 98 58 -72 24 -51 90 -128 24 83 -115 22 9 105 -83 -14 -75 -67 -71 86 109 78 63 94 -42 -115 51 -37 -36 -45 78 47 28 -75 -31 -6 107 -27 79 -97 -113 119 -47 60 -4 83 -58 -122 25 101 69 -103 64 17 49 -69 -89 122 -67 -95 -63 -65 104
22 28 83 -128 107 -102 -50 -83 -93 -110 -26 40 78 81 -61 -16 -27 123 8 -84 104 -54 -73 -56 -66 -84 -83 -128 114 -106 -19 122 -36 -127 9 23 35 57 0 -97 -106 -106 -84 96 -45 43 34 -85 61 1 -100 14 17 -59 91 -127 9 -9 -95 -10 -118 77 -20 -28 47 -56 -35 -21 -14 -25 93 -39 -101 -59 -6 -36 -71 -67 -58 102 -23 93 -2 63 -84 34 -58 63 62 96 -70 113 -55 -79 40 71 70 -109 -117 -16 -32 52 -3 -70 106 78 67 -50 -88 -64 8 88 1 -94 -42 -119 -69 -45 -90 -23 -4 18 104 -36 90 -113 18 22
42 40 61 -80 68 -9 -17 29 -128 -25 8 71 72 90 -91 -41 18 10 12 56 -19 -29 46 -101 -61 -14 88 115 -45 -99 23 50 -50 123 121 26 51 -95 -38 70 -54 114 51 54 -83 -116 -76 37 -50 13 -90 112 -32 -2 46 -2 -81 65 127 -22 66 25 65 115 70 94 -104 72 -50 -122 20 -64 -1 -28 -124 11 -116 2 52 -25 30 -9 -22 1 -26 1 66 -27 88 -35 -23 65 -119 69 -76 -46 72 -5 3 -92 34 56 68 127 -104 -100 -88 35 -84 53 -39 -37 116 -122 -104 115 76 91 -42 108 99 -40 85 88 -21 48 66 24
-121 9 49 -60 127 -19 -8 -79 119 96 65 38 -29 58 -77 35 -35 -90 83 -47 -6 118 112 38 39 17 82 118 -58 -68 101 -66 -50 108 -66 85 80 -107 1 -107 113 80 101 26 -128 52 -24 -34 -28 -47 66 -128 -86 -117 24 11 62 82 -80 29 -49 24 -27 56 -47 67 -16 -122 -59 -30 -120 17 72 -44 121 -67 -2 -18 -5 -109 103 -80 114 -118 -60 92 -95 -43 -34 23 78 -64 101 -73 -43 29 -28 -52 82 -28 -31 28 -111 23 118 75 -16 -89 -42 -2 79 -65 -101 85 -59 73 -12 36 -93 55 -87 21 -85 -50 -112 54 -93 -104
-13 -99 85 82 -6 6 0 21 3 -106 -31 36 20 -66 -72 -125 -14 110 -110 106 80 29 -93 -106 43 -23 92 127 -49 74 117 -22 57 -77 55 -65 114 -118 11 6 -49 26 -60 36 -66 41 -124 -49 29 -58 -36 68 -97 -107 -28 -96 -29 4 -120 99 -101 -120 19 98 -96 120 -128 66 50 33 32 -1 -54 -112 -49 40 -98 120 2 103 -29 35 -61 9 -112 126 -43 -101 -22 19 -40 105 7 -111 97 90 -59 53 -120 122 121 26 -31 -29 -13 55 -115 113 46 -77 107 89 92 47 60 -77 -73 -48 -92 13 21 -82 -106 -26 -80 -58 62 127
13 -82 -56 56 -9 102 121 79 109 41 -78 -69 -113 26 -108 98 -51 -59 -106 -99 104 -88 36 93 -119 -23 12 -105 -30 -86 111 5 15 -48 6 99 -108 -26 -123 48 -61 -107 -49 -93 69 -43 112 66 67 -89 -76 -70 118 108 92 -122 -54 60 84 -119 -78 -128 67 -38 117 -83 -101 -9 -16 -27 -37 26 41 10 -1 -100 -123 89 -41 -78 39 -98 17 -46 -55 54 85 97 -110 -4 -24 -120 120 -72 -69 64 101 -22 -30 127 110 32 -52 -84 111 25 -128 51 106 -10 8 118 38 -56 -107 -27 20 -36 -55 22 -61 125 109 -79 -25 114 74 -98
-89 -49 -93 -84 51 25 14 17 -89 40 -57 -52 -39 -89 110 69 68 -50 -121 -71 92 -125 -65 -2 -60 16 88 -75 16 -42 -92 -89 96 52 -52 -23 63 48 18 -70 -62 -13 -122 -71 -45 -68 115 -85 -87 5 93 114 15 -41 -48 36 111 7 57 -82 -127 25 94 -28 -85 -125 54 -69 -65 74 46 -81 -46 65 88 17 26 -111 120 -127 45 -95 113 78 -97 98 42 19 90 -68 -22 -19 -5 122 98 -116 90 -57 -12 -7 101 99 57 42 -12 -47 122 111 -92 -96 90 9 62 -25 -65 97 31 -6 0 37 70 -6 -84 -43 -95 -10 -47 26
-88 53 87 32 85 -57 -94 8 66 82 117 73 120 117 -105 -18 68 -105 62 11 66 -19 -61 -114 61 103 -78 65 97 82 115 -43 48 22 -25 117 26 40 -4 -96 65 59 -28 -16 101 -17 -117 -27 -108 -51 85 -38 -4 3 4 -106 -83 -66 58 -72 -9 43 -126 -123 82 -36 -90 113 72 -60 61 -46 -91 55 -113 -81 88 29 -31 6 91 111 -113 -108 46 53 70 -18 -1 113 74 -11 41 85 -97 -119 -74 9 -71 83 125 79 -63 111 56 -51 22 86 102 5 -62 -104 -116 -73 50 -54 83 43 -90 -25 -50 -58 -115 -15 77 -101 53 -2
-99 111 125 64 -70 -14 67 -121 8 69 -86 -25 46 -21 -114 73 89 -69 94 5 117 -55 37 76 6 108 65 -90 -38 3 -9 -6 -102 -103 65 41 -53 39 -56 50 -104 13 -119 -17 89 67 61 -98 -79 -120 97 -67 -9 106 19 79 -93 -111 -105 95 -16 45 104 -48 -104 -32 -49 -53 -31 -85 44 -54 -60 -118 71 56 107 -103 -88 -74 94 -33 38 45 -41 -70 2 -73 -61 37 53 -101 -122 88 -68 -10 -44 -85 -48 122 9 -88 -52 -123 -3 1 -22 6 61 125 3 -21 44 13 -126 -58 -86 -65 -34 2 41 -8 118 61 104 -17 86 -123
-30 13 95 -65 68 -115 -86 -124 -114 -61 26 26 45 56 -103 84 -62 -114 -1 -127 -41 -100 -35 -74 114 49 52 16 107 -127 -28 87 -28 71 -93 -118 2 -40 12 -35 -96 -32 110 81 38 -60 85 -93 -126 5 90 -95 -81 113 -23 46 46 87 -34 -22 34 -87 32 63 -38 -25 -77 -10 42 -57 -25 6 -14 -53 -122 48 116 33 -11 -4 -126 -4 24 -68 -124 76 4 89 6 97 -21 116 72 18 113 -54 -66 36 54 52 48 -93 -44 125 -57 -5 -6 -10 -97 32 -120 -39 -61 -62 -33 -4 95 31 81 34 106 85 59 -71 51 -34 -39 -80
-57 -103 25 15 -21 67 49 120 6 -4 111 -105 17 111 -59 36 -59 67 33 -36 84 -40 14 71 -7 87 65 -96 13 -93 -89 -97 90 -72 -25 111 -85 53 84 29 95 91 24 -72 67 46 92 -106 -16 92 26 58 12 -105 -62 -66 -115 -56 -68 -72 107 -37 -91 -42 -57 105 103 97 44 -89 51 23 -33 43 15 79 -6 68 -61 -61 101 -14 114 23 -65 90 -54 -35 -108 28 -74 43 91 4 126 -23 67 -38 -76 -122 -115 38 -99 -87 -57 3 -94 -13 -97 10 9 -13 -100 -69 96 -19 -82 110 -78 -42 5 -65 -79 -5 -89 -41 -115 6
-73 17 124 -83 -22 120 -117 16 118 93 -5 2 -74 5 -116 -25 66 14 -64 16 30 73 6 -102 9 -4 14 -61 103 -46 125 -90 72 -13 -84 -41 79 125 -68 103 49 72 112 -51 73 -121 -26 15 -75 35 -62 -81 105 -27 100 119 -32 -39 52 -14 81 -126 25 -41 126 43 26 -116 -62 68 -111 -86 -60 112 28 94 80 -31 58 -33 66 15 -94 -105 20 -81 34 39 50 -73 13 -7 48 -99 85 24 -84 -57 21 -119 28 127 -23 -5 -1 -31 -90 65 -28 -79 -19 -113 -66 -15 -22 -102 118 -3 81 -71 20 -97 -126 -100 -72 -38 -21 0
8 79 -123 -84 60 21 77 -113 39 30 39 115 12 -27 -36 3 93 79 -16 -82 77 119 -10 -50 -47 49 -77 -66 -93 -73 117 -118 -19 -8 -7 39 55 36 -87 -46 90 34 108 -37 -31 68 12 -83 8 -28 -28 84 46 -36 -68 -89 104 45 102 27 -89 -36 -95 -46 105 76 32 -128 26 66 56 -21 -69 -31 -110 58 66 -95 12 -10 -88 82 122 87 118 11 61 -38 -65 94 113 89 53 -65 12 71 47 -94 -95 -102 21 -96 -71 118 4 -27 -63 40 50 -113 -23 -1 121 -102 28 126 66 -105 19 108 -90 45 -86 -34 -128 -68 -82 122
22 78 125 90 -37 -2 -72 -104 8 -87 3 94 100 -23 -3 -78 -11 -122 95 -107 -87 -105 71 -47 -79 58 -68 -125 -128 100 -29 -85 -39 117 -100 -86 -58 -96 116 -31 126 98 100 71 -58 47 117 125 101 62 12 -104 101 60 -37 -114 114 125 52 115 119 -103 -54 -18 -47 -30 -122 -25 55 113 -69 -15 4 -55 72 -116 -128 -62 41 95 9 -1 -64 66 40 -29 -45 -21 120 114 -10 98 4 -82 116 -6 5 -116 -6 1 14 45 -3 123 -122 -90 46 21 -92 49 -10 -48 -57 -87 -84 -71 68 73 -110 20 49 -1 12 49 92 73 -59 -103
-59 58 -52 -14 22 -4 -24 107 96 45 85 -1 -114 52 -27 70 17 12 -54 -27 96 127 -31 54 6 101 -7 36 30 -124 -27 25 122 -11 78 14 -40 -21 35 73 106 -58 115 84 0 -111 31 -64 -96 68 -108 -32 -43 -69 87 32 -49 63 -80 25 16 117 25 -40 -5 -36 -42 -53 -113 -127 72 -32 82 93 -74 60 -95 8 33 22 -15 -4 82 -32 78 87 -74 -102 3 -21 -70 84 -12 -22 -19 22 -95 -89 -16 -49 -81 62 -109 -113 108 0 -101 0 52 114 47 50 94 -54 108 -63 116 47 87 -95 -126 87 -96 -108 -12 -42 120 57
-98 30 72 93 -80 -111 -30 61 -86 45 -101 -45 60 -47 -124 32 -24 -37 -64 -44 -96 -33 10 51 -15 6 33 -65 -43 -125 45 20 -44 122 32 -40 -51 -69 -78 -20 14 15 125 -110 -5 -30 14 119 -90 32 -94 43 42 15 30 -68 45 -2 -6 -31 44 -60 65 110 74 103 64 68 67 -123 2 -64 -16 -15 116 70 -80 -94 88 17 -28 -26 33 76 32 -61 -44 13 -52 -61 -21 -43 89 123 60 -127 -55 18 75 -51 -85 -100 30 -97 30 -70 70 -92 -78 -113 91 -128 -89 -78 -83 81 -19 -64 69 -18 21 -122 81 125 -3 -55 -71 86
-25 122 58 -78 102 -105 -27 -61 68 36 -31 -7 -76 -5 -36 -6 51 -110 71 11 -43 -101 115 -6 -126 -26 105 23 -93 18 96 -96 26 -16 -76 -25 -72 106 74 11 -32 -20 -94 28 69 -20 -52 -4 44 45 -127 -12 -75 110 -109 -67 -112 1 65 19 -87 -32 60 44 -68 93 53 -88 0 71 56 91 -128 37 -89 33 19 44 125 39 -91 60 -84 -40 38 -87 -64 -124 -26 68 -58 -101 110 86 16 -4 21 6 29 -14 -23 73 107 34 -56 -79 80 30 -110 75 66 -54 5 71 77 -126 -26 -56 28 -87 72 -34 -122 -73 -107 29 -74 65
-34 94 -42 7 47 109 -21 -50 59 28 -89 72 50 -120 -92 -82 -123 110 -36 48 -105 -64 -74 -55 36 -113 103 39 -11 85 83 -65 -79 -60 82 -106 -65 -21 -59 112 -95 -12 118 -109 5 100 127 53 -39 45 -57 -64 -30 -37 -118 -119 63 -56 42 44 76 -32 37 71 64 51 -110 -74 5 -66 -123 -120 -74 -66 49 -60 -115 79 69 40 -76 113 60 -7 -16 82 -24 -82 63 -106 -112 20 -2 61 53 -116 -40 88 35 -35 -84 -112 107 81 64 14 97 -89 5 60 -38 -90 92 25 -109 -57 -58 -71 -45 -90 96 83 -100 -44 6 -114 -101 -49
-92 -78 -125 -83 21 -101 -109 126 59 -14 50 4 -113 -103 -102 76 -1 27 -94 111 -90 123 14 -66 -83 64 -77 -125 -109 -46 66 88 -7 -91 111 -71 39 83 -85 -26 25 75 -17 115 -68 25 91 -64 -58 59 34 2 50 125 -31 37 111 -104 -97 92 -124 122 -92 -78 -74 86 97 -79 88 44 1 68 -7 -95 62 -123 -103 -118 -5 -106 45 28 25 101 24 19 122 -80 -86 -6 19 -121 -79 -123 98 34 121 121 -118 78 -2 97 20 38 -98 -53 39 26 98 94 -12 -86 80 -1 -89 43 36 -88 -101 125 38 79 -118 13 -92 -9 30 -113
72 -59 29 -26 32 -88 122 -128 -69 101 88 85 67 -25 -119 -93 93 126 100 -61 48 -117 31 67 -67 -114 46 -94 -120 -96 -69 -14 -106 82 112 -120 108 -47 -100 113 106 24 -112 -94 -113 10 58 -6 -95 77 38 60 18 -102 -56 97 24 21 65 -46 -92 -79 77 -25 70 -52 73 -101 78 -31 -55 3 -47 26 7 -32 -109 67 19 -82 -122 -123 -21 -95 99 43 -24 -85 -59 39 -12 -77 26 96 -127 24 109 -77 109 -104 103 33 -19 33 -94 13 -38 -66 -95 -12 -45 29 106 -2 -114 -5 -12 102 94 65 -34 42 -33 -102 -3 73 68 -104
95 -10 -44 -127 -61 -20 110 -52 76 94 -84 116 -62 38 54 -14 -91 -3 33 106 85 -49 86 1 42 -52 94 73 4 -60 -111 103 -47 -51 -107 -47 -82 98 -11 -70 7 -51 54 127 -45 44 45 22 -72 -82 3 24 -124 17 10 90 -43 -122 -53 105 -70 -37 -25 -47 -67 78 -50 -71 -77 84 29 63 93 -113 -128 46 -59 -83 119 -19 -2 8 -55 -5 -82 99 -8 58 -58 18 -25 -102 8 83 -117 27 -21 -71 125 -72 121 -10 -63 -33 -69 88 -106 113 -110 -13 -2 31 72 54 30 -121 15 86 -96 -73 50 52 -103 47 -69 63 110 33
-85 61 123 7 124 -51 126 124 93 85 108 -16 56 10 -3 27 86 -24 7 -110 0 96 64 -82 107 6 22 -101 -64 -46 61 94 -57 32 80 120 36 72 75 7 -67 -17 0 -17 99 -78 60 87 -123 81 42 -8 -4 -34 -83 -128 74 19 47 85 -50 -35 115 -120 69 -12 93 -79 -58 -16 111 14 25 38 58 -8 -72 -29 -37 -120 18 10 31 -72 73 36 110 52 115 -112 -20 -55 -49 -72 27 -63 125 56 25 -26 54 -71 -103 -113 -84 -37 -21 -63 80 1 -106 1 9 -97 98 31 12 17 -98 34 44 53 58 126 105 39 82 -26
55 54 -42 35 92 101 6 32 42 -80 22 92 -29 -73 126 95 -52 91 84 -71 117 -8 -46 37 -96 108 -13 103 -98 -120 56 -28 -17 76 50 -30 -36 57 -60 -45 -26 0 115 75 -46 58 -44 -95 -44 -93 76 -16 -96 94 57 -127 88 -22 -6 14 -80 -123 65 -103 86 109 5 -26 -47 12 56 -96 -86 110 18 -127 94 25 85 121 13 -107 120 67 -58 54 18 -41 118 6 111 14 88 -11 -68 88 48 32 81 97 -18 -114 -88 50 95 -61 -56 112 -38 38 -70 -65 -33 -5 -73 -16 -115 -79 6 -29 -29 33 69 -48 58 64 113 -18
-117 -16 0 82 105 108 -109 -56 -126 -70 -64 78 -40 -99 -33 -115 -28 -110 -85 -41 55 120 -11 11 31 33 72 -115 -64 107 -20 -42 27 -31 89 -67 93 -43 -9 24 110 -73 39 -12 -27 -117 6 62 125 -27 32 -56 46 47 85 67 -128 72 108 100 -54 -26 -37 50 -120 101 -34 110 51 112 1 -2 28 48 -47 37 -18 -31 40 -24 -115 -128 12 78 64 51 -26 -76 -44 124 97 -38 -52 5 -74 28 23 -103 97 46 -29 25 -70 43 -57 -69 110 106 127 -109 96 -109 25 114 83 -4 124 5 -92 2 -15 0 -90 117 37 113 -91 -82
94 -5 57 -9 -51 -46 95 -85 106 5 54 -59 111 96 43 -61 45 -65 49 -42 37 110 -15 -79 -99 107 7 87 -42 -54 12 29 -108 71 -115 29 -3 -123 20 -28 54 47 17 -118 75 -68 -53 19 21 12 46 -88 -98 -22 -80 70 68 -7 22 -13 -74 22 34 109 74 -9 -47 -21 -103 -38 42 100 -89 -123 -63 66 84 -30 96 -91 119 -76 -42 73 -100 -20 -93 6 -96 -71 98 97 35 90 53 98 -29 -23 -91 34 99 -105 56 -102 58 10 -121 72 19 49 90 -42 106 -14 -1 -87 -30 81 -86 8 113 55 39 -88 -121 -115 -108 84
-92 12 21 18 -4 100 -27 -115 38 -121 -69 1 28 -121 -45 -74 -2 19 98 4 -35 6 -23 43 69 -72 18 -105 114 76 115 100 65 -104 25 -69 29 125 36 -124 5 -127 -63 -40 -48 53 40 -84 61 -40 92 -7 -69 73 -113 45 95 -46 -104 10 -58 67 19 -99 75 32 92 1 72 22 102 -34 -47 -19 111 113 -48 97 -106 117 -107 -66 11 -95 -94 65 104 69 -9 70 -6 -84 16 4 98 -60 33 -12 85 125 105 -58 -88 -6 85 80 24 2 113 -36 -110 71 46 27 -29 -44 -18 -74 -62 -19 -110 -127 73 14 -1 40 22 39
-74 -71 -108 -13 -24 125 -68 -120 -74 109 -59 -11 6 -115 -60 -54 48 27 40 56 121 20 127 38 47 -20 -118 -94 1 -31 108 -30 93 -121 124 99 15 -65 -43 -112 26 19 -38 -1 -11 -71 -113 -73 79 -41 14 87 40 18 -57 84 53 0 9 -30 30 -18 -111 89 -56 17 86 -28 20 53 -100 -23 77 -3 55 28 -102 -109 61 21 66 -5 -26 -25 -1 72 -94 120 -76 39 -111 98 100 2 -53 -26 1 -84 67 44 -72 67 -64 41 93 71 65 -70 -78 96 -7 -53 17 106 -56 64 66 -54 -81 75 -20 35 -33 -64 -24 -56 -6 -19
-14 -107 116 41 38 37 78 -41 53 80 -18 -72 103 -97 -116 61 -117 60 -66 -35 -4 58 18 -48 59 -82 123 85 -117 -26 73 62 -34 14 -128 -30 76 -17 -47 -59 -11 95 -107 41 107 50 -90 74 31 96 2 55 90 4 39 116 -107 -3 108 -80 71 -81 52 -114 23 -59 47 -22 4 55 -126 42 122 102 -124 -55 -34 87 13 80 -44 17 5 54 -22 -88 -115 18 12 61 -44 -50 19 -22 49 -108 -49 92 95 -92 -93 -31 -102 63 67 -95 -83 92 59 -20 58 49 40 6 -9 -9 -55 -53 113 81 -10 80 -99 79 -5 8 2 -17
32 -28 -125 -84 59 -101 -123 -95 72 88 59 -33 -87 44 -37 55 -117 -56 -16 63 114 62 69 42 -37 -128 -29 43 -84 12 -87 -3 -15 25 -1 -121 80 75 70 26 -84 32 117 -40 99 15 -128 -18 -73 76 -33 -19 74 -106 -37 -93 -125 3 57 -35 65 65 -83 95 -46 87 -20 -83 57 -105 20 100 -123 74 5 46 53 124 -13 -48 -25 13 -74 65 95 91 96 -74 20 36 64 -10 -75 -38 -78 64 -59 -37 -60 -22 -66 93 14 -24 60 -58 -37 -87 -11 -114 37 -6 64 72 -112 -110 98 -72 14 -59 34 101 -21 -95 -57 -19 -52 103
104 46 0 -4 -74 119 73 6 -109 112 3 -46 -38 59 -22 116 -72 94 82 44 -11 -44 -125 24 -82 46 -2 0 123 86 -126 53 114 57 -57 -65 -125 17 -5 84 -67 103 -32 76 123 5 126 38 -94 100 -12 30 127 120 -105 110 -61 118 11 51 18 7 -4 -99 -113 -109 35 99 77 -76 -53 100 58 -7 -117 28 85 -43 58 32 -125 21 14 17 -65 -96 107 48 113 -128 45 -16 -15 -42 -59 -102 25 -111 -81 -55 -19 36 69 -97 -2 -79 -77 -62 57 99 -93 -24 92 52 116 5 -122 -2 -97 108 -13 -2 25 108 -39 121 30 12
-45 -78 -78 -15 38 -45 75 -110 -80 62 40 70 42 -64 33 -37 86 -128 -90 77 81 81 32 77 51 -98 94 106 -101 88 51 -82 -2 78 -9 -106 59 -56 -23 111 -123 -2 -40 -45 -70 -51 121 -115 79 18 18 -120 -26 97 75 116 110 -10 70 -113 18 24 -113 -106 -80 115 -99 106 17 -66 -99 -25 75 -83 87 80 -64 -4 -15 -103 -67 28 116 58 15 -97 -82 101 -71 125 23 31 121 72 -88 -90 -107 -97 60 -28 -40 73 120 -69 124 95 126 -34 123 -112 -49 -89 -13 -14 -128 3 -44 53 -13 -76 119 -79 -95 126 91 50 39 34
110 92 83 124 107 -39 97 81 -91 -57 25 -92 14 6 105 -103 -8 -108 104 120 101 -127 97 68 -49 59 23 -70 19 -45 106 63 26 -17 46 78 8 -64 -83 114 43 57 -17 114 43 73 97 -63 -127 -30 117 -124 -54 -72 25 -60 112 -56 41 45 25 -29 48 -69 67 -51 -66 105 1 121 66 124 48 65 65 -124 -82 -110 -71 114 -50 87 -71 21 15 87 -118 -91 -69 1 -83 46 -85 -75 -20 104 122 84 4 123 -9 -10 75 117 76 -22 -34 121 69 40 -35 69 17 -117 -106 -99 -64 122 -67 -32 53 -72 -6 34 17 104 -85 65
-7 -31 62 49 89 -76 -33 29 82 12 -85 63 -25 15 -55 36 -29 -94 -16 -104 -53 55 21 69 -40 89 -68 -29 59 44 -15 95 67 62 95 -62 26 -71 53 -99 97 91 52 9 58 -107 -107 -119 70 -19 -3 105 -101 -115 -15 -51 -34 -86 67 -107 73 -103 101 101 -95 -38 -123 -39 -85 -76 -17 82 18 74 17 72 83 -18 69 -18 18 15 -73 31 82 -11 -118 116 -87 10 -25 67 66 69 -32 17 -114 -24 -52 -21 55 -102 43 -105 -24 45 26 -84 31 -34 61 -62 24 114 -2 -113 15 74 -78 -12 114 -34 -128 -39 -121 -126 45 45
-114 -95 73 72 27 96 5 -50 87 -119 42 60 -11 56 -114 -3 121 14 -14 -98 74 6 -21 -69 -7 -22 76 -108 98 75 -56 -106 -110 44 114 96 -20 -39 -2 -105 28 10 -14 122 17 -114 32 20 39 55 74 44 -54 56 -82 55 -48 -45 28 98 17 5 -41 -58 73 2 83 33 67 3 -46 -13 -67 92 16 -120 50 41 124 -87 -16 -53 38 4 -54 -12 119 -98 -117 -28 -96 -112 9 -57 -25 72 43 -87 -80 3 -70 -81 -124 -117 -86 19 47 87 -7 72 -74 37 108 37 100 -46 34 -115 34 21 -7 -110 -37 -2 11 90 103 -125
31 19 114 -20 -59 67 10 32 -96 119 1 -16 31 120 124 -127 -68 -93 30 126 57 14 -106 76 35 -63 5 -57 95 64 -107 59 -73 -50 -84 59 23 -91 72 7 -2 -9 79 39 -82 105 118 48 38 -116 5 -83 -92 -16 45 30 -43 -74 -91 24 73 -2 31 -1 113 -66 -44 7 88 37 -42 -52 83 -101 -112 27 115 42 2 119 34 -3 114 102 43 43 -53 99 34 -30 -18 -43 55 0 78 -50 -127 -109 -18 -119 -101 -2 -22 -104 117 58 -59 -124 -87 -125 -82 83 -95 -31 85 72 -60 24 -49 53 -83 122 -123 -82 -60 20 -81 -80
-74 -12 63 -79 -35 118 -1 47 51 14 6 -94 -36 92 107 -1 82 -67 -72 -99 -86 -79 -86 118 56 50 50 -31 -14 51 78 -98 -44 32 -114 34 -51 -62 -48 77 -113 41 -55 26 46 -9 109 -13 16 88 18 65 -11 85 -110 53 33 60 44 21 11 19 -43 111 -78 -101 57 70 -90 88 12 -8 -108 15 -65 34 41 3 -117 73 -5 30 -55 -70 127 -123 -46 -66 -14 -33 -100 -37 -17 21 -27 63 50 -70 -91 -77 -115 11 -99 47 -14 -128 -126 96 115 106 -109 0 -80 27 -43 -100 -2 52 -124 117 -89 58 -79 -46 116 103 78 -101
45 96 40 -107 -114 -12 79 -35 -102 106 -2 -42 91 -56 92 98 116 26 6 14 -40 0 124 64 -80 77 -94 4 -87 127 -79 -31 95 -2 -85 -40 103 89 109 39 -124 51 50 -37 -25 -128 72 19 -82 -2 -122 -29 -121 -94 -86 -117 -67 -5 49 66 -71 -22 -115 -75 34 -91 10 22 35 -73 58 96 46 -122 51 -92 -125 -39 124 -66 80 119 5 125 -105 101 3 25 81 40 -116 83 122 -2 -65 58 80 -60 117 93 48 54 -61 -17 -110 18 -70 -10 45 -1 46 -97 -68 105 -92 118 -109 -92 7 -83 65 33 -77 126 -128 8 -30 18
-93 106 -69 116 89 -98 -51 116 -38 -39 -103 -45 -43 -100 85 -51 1 14 -120 -8 85 -110 -75 -49 -70 -99 -27 -27 23 88 63 59 30 66 17 76 -128 89 32 34 -126 72 58 53 4 63 -82 106 120 -62 114 -116 -114 32 -8 -23 -87 117 69 97 -31 24 18 44 -96 31 119 104 82 -56 -68 -127 -9 -109 -11 96 -14 78 -94 104 117 -108 61 12 -26 -99 73 -108 -121 111 3 40 -87 -87 62 76 23 45 75 48 109 37 -81 -94 -93 -5 125 101 -94 -58 -122 15 90 16 -52 -45 -93 21 -54 -86 102 14 112 92 -4 -66 -103 1
71 -115 2 28 77 48 -108 -114 -15 -114 -111 -4 -113 -87 -112 -109 115 85 -46 -94 53 126 78 -80 23 -5 18 6 -124 -105 -75 57 -27 -90 -78 -23 -44 122 108 90 -13 -2 103 -3 90 -114 12 -124 44 -101 51 -83 -71 -127 20 22 93 32 78 -117 -59 -5 30 -43 -121 -38 84 47 65 62 -55 97 -89 -95 -34 -51 -10 26 57 101 -107 112 96 65 11 60 104 120 2 -55 -119 -41 122 -50 27 -20 -70 73 61 -70 126 70 26 -115 -29 111 -112 22 -95 -71 -24 -6 -33 -62 -35 -89 -108 106 77 -121 -110 70 -75 -111 52 -97 -80 -68
-110 -36 104 50 -62 -60 63 -109 -107 -109 122 38 95 -119 -99 79 85 -112 -40 -92 -61 -8 -122 -105 -48 43 65 -119 84 64 -46 -8 -92 108 125 82 27 -32 65 127 -108 -114 -92 -82 -52 77 16 -77 -35 -40 -37 94 23 -101 -128 106 124 24 -13 -56 58 -70 -28 -119 41 13 28 106 -30 42 -91 -53 45 -78 -78 4 -70 17 -88 -14 -9 -50 -34 118 94 -64 -43 15 -46 -29 127 99 117 33 17 20 93 48 115 -96 -11 16 70 30 28 21 97 -85 22 -42 53 61 82 34 5 -69 124 58 43 45 33 -51 -77 -84 -128 -10 -41 -71
-17 118 -52 -81 -38 -13 -32 -25 65 76 -89 -48 111 -63 13 -37 99 -96 49 3 50 -96 44 119 -118 64 -119 -94 -93 1 33 126 -9 -100 -13 -43 -31 -22 -76 -10 -42 31 0 -35 127 -84 75 47 83 99 -93 -96 -57 -40 124 -91 -28 29 113 -97 63 -62 21 122 72 -58 21 109 83 -36 41 -100 79 85 101 28 14 68 -91 58 102 -11 -98 1 -18 -23 -88 67 72 -48 -18 46 91 41 -51 126 -10 57 -20 -90 -85 7 95 111 -25 -91 -38 -18 -59 127 76 -78 -23 -55 57 -120 -82 67 -31 52 -90 -121 52 -125 -8 -61 109 -91
82 -43 79 117 -8 74 -120 43 1 -111 -17 37 11 19 14 -33 -96 -68 -88 88 -24 -117 -53 -67 -107 -6 48 8 64 79 67 -113 -11 40 125 -73 17 -75 51 71 -22 -12 103 -81 106 -114 -15 4 93 -95 -36 -105 -32 -65 8 -98 46 -29 64 68 18 -85 -66 14 53 -104 13 31 75 12 -124 109 68 -83 103 22 54 124 101 -96 -81 69 -13 -8 19 -63 38 85 -71 118 -71 -2 -101 -72 -105 90 -2 76 -83 117 -108 106 86 -119 80 -50 -119 -128 -10 -28 -85 -9 78 -43 68 -107 -47 56 -53 113 -105 -59 96 113 43 104 -5 -51
35 -40 43 119 53 72 87 -78 -50 -24 -53 102 -31 -93 55 -43 110 87 -52 -35 80 52 21 82 -113 -5 124 -25 25 -108 -118 25 76 -86 -103 -61 66 11 -87 -61 -14 89 -32 -86 -58 -12 21 100 119 74 110 -90 -10 -30 56 25 -86 -29 62 -35 66 118 -46 -48 -102 -92 -80 -81 -91 10 37 117 -89 0 95 -23 -6 -11 22 -8 -17 112 -16 -12 91 90 -102 -85 25 -9 23 -109 -37 -1 92 73 82 118 32 50 109 20 46 97 -108 -37 112 -41 -89 -6 -95 -21 18 25 -94 3 115 -62 7 38 113 -44 -82 107 5 124 -108 116
-18 47 19 -39 103 -67 -102 53 -94 -17 106 2 -37 -34 -80 -97 -103 59 -72 95 102 -111 9 125 -39 -123 123 126 95 -28 79 -99 28 57 -80 -6 -78 25 76 -55 -122 -87 55 9 -84 -67 91 23 -14 111 13 -71 65 -16 -106 -95 113 76 -110 -124 -109 -107 5 -1 77 89 -45 -24 34 -38 -41 96 -80 -115 50 -68 118 -14 -117 68 -4 -11 65 62 126 -62 70 56 -40 30 119 48 110 -109 -92 -16 -96 43 26 98 -119 20 -112 126 71 5 33 -78 -115 73 -72 85 15 64 -8 -10 -9 107 -59 -26 -79 27 -92 28 50 71 -109 123
-76 18 58 108 -93 54 36 -55 3 118 49 -46 14 -112 -101 -36 -110 -37 -39 3 -128 96 113 -91 121 -9 79 -22 -125 53 -11 -92 -54 -102 63 -68 68 -53 115 -82 -113 -95 124 -9 45 116 -102 -28 -100 -86 34 23 -23 112 1 127 26 -81 61 33 125 -120 51 53 99 33 106 -88 -94 91 -127 3 81 21 -87 -30 -33 89 120 25 63 -14 -85 16 -116 86 105 34 14 6 56 72 -12 117 -9 -85 -68 -62 -95 26 -25 56 -54 8 -128 -55 -11 84 111 99 -24 41 1 106 -25 -44 83 63 -115 99 -36 -84 42 -110 -122 -71 -6 -48
-10 -126 -97 -128 -65 44 105 100 -37 -9 62 -103 -2 49 92 -53 25 -87 2 21 -91 -92 -15 -36 5 11 -57 -16 -23 -11 124 -87 87 7 121 57 63 46 -122 104 81 57 -64 116 -106 -43 -126 106 -103 -6 -69 0 -38 -93 127 18 -30 -107 -89 -127 92 -1 -3 -54 12 85 -84 7 -38 -102 -36 126 -66 -56 -25 105 -1 89 -55 -73 -102 72 -113 -9 65 109 -3 -44 125 -68 -90 82 15 22 35 -62 122 56 -109 -6 -101 2 39 98 17 -33 -74 -47 -44 8 -105 -6 104 -64 74 -43 -64 124 -57 35 64 81 -120 102 -89 -49 -11 73
65 -7 108 127 98 51 106 43 101 -29 14 37 -76 -35 29 -108 -116 -100 -110 -13 126 -46 104 -126 -93 -119 51 28 37 58 -25 -55 101 79 -97 -18 4 -26 26 -113 -87 43 -38 -7 64 -69 24 -120 10 -58 68 75 71 10 -3 -27 -4 -103 70 -60 57 16 -25 117 66 122 127 -76 114 51 33 94 -54 -8 -94 -1 -43 40 37 -77 126 -108 24 87 -123 -33 88 -127 73 -85 -36 94 -7 96 -123 9 -75 108 -55 -55 -23 123 65 -24 -26 88 54 5 0 112 -2 -37 -10 -113 -35 15 101 29 -94 26 -26 -44 -11 28 72 22 -35 -75
-81 66 -104 123 -39 22 22 -24 98 -101 -82 36 -104 -63 -101 81 96 -68 -100 79 105 71 -39 80 -40 -85 6 33 39 35 27 15 50 -19 5 -25 -45 -115 91 -104 -66 -43 60 -122 -98 -99 -79 -88 -16 107 -126 -20 -7 -45 8 61 -33 40 -128 -102 -90 -65 95 -114 -123 73 12 -17 75 1 -7 -39 -36 -98 41 122 49 51 -95 15 -84 46 -11 -3 -70 -6 -1 -90 92 99 -69 -7 11 124 121 53 -36 -29 35 94 -58 -42 25 -123 -44 81 23 125 33 -104 -96 -34 84 49 -107 -118 -122 -128 120 -126 -107 -35 53 32 -125 33 57 -76
68 -56 41 18 108 -35 82 121 124 -41 4 22 -94 56 -86 11 -109 57 16 81 66 3 32 119 120 -99 -104 -20 -64 20 -52 -104 36 -115 86 14 -84 -70 42 -7 -13 61 -62 -60 85 31 44 96 119 87 20 80 40 0 -73 63 20 27 10 63 117 68 82 -36 -61 -98 -107 117 103 77 5 -18 -85 55 28 -58 45 30 10 33 -15 -29 7 58 -27 -19 15 -22 -77 86 -126 67 53 67 -114 -18 105 -39 45 47 43 -3 59 124 37 76 -14 80 -111 -61 -115 41 53 25 78 -99 10 61 -71 -29 127 -17 -22 74 44 49 -110 -16
