26 -21 -41 112 -21 83 25 111 121 88 62 -90 7 69 81 -110
101 74 -104 80 117 -19 26 -31 -50 93 -69 -86 -73 -122 44 72
29 53 58 84 -127 -2 -31 -117 -65 126 -60 -96 22 -99 -69 108
-75 111 104 39 -14 78 118 91 -19 29 26 125 86 -12 -58 99
91 108 52 -39 -99 -103 10 -122 -120 15 -126 -111 -100 -40 -36 -76
124 13 -33 121 -53 31 81 125 -122 55 -92 -101 51 15 -43 -81
-12 16 -125 115 -122 -72 113 102 -33 -69 34 -23 99 78 -81 61
-20 80 -107 68 112 -62 62 118 71 -20 -22 -55 -111 96 64 -42
-54 2 12 118 -124 -12 105 -13 -70 -41 83 74 22 53 24 -40
120 -64 -20 65 101 29 64 30 88 36 42 119 -21 -115 -89 78
-18 78 -83 63 -119 -112 -122 86 73 11 -123 55 51 -21 -66 9
91 -12 23 20 54 73 -22 56 63 81 -112 3 74 10 -33 -96
105 25 -76 -118 27 -67 -16 -56 -10 82 60 -79 -97 49 -66 -64
-53 -43 -61 63 47 19 84 -93 11 -61 82 -114 -105 24 5 -41
-13 -117 47 19 61 -18 17 -25 -124 95 -101 50 -128 103 -60 45
94 27 66 34 -102 -42 48 -60 76 -84 112 92 53 -11 -66 -35
-102 -87 -28 0 57 49 99 10 -86 114 -59 -9 -15 -51 29 -40
-58 59 39 27 34 102 -37 -76 -23 106 118 -84 -14 -62 23 -122
-11 73 8 -78 -65 -9 -32 36 -118 41 -75 2 70 -88 -25 85
-107 127 48 118 75 65 -57 -21 -42 21 -53 -73 95 -85 -11 -124
90 22 -16 31 -60 -91 -3 -114 4 108 -99 -91 -66 -62 -18 -67
-104 -34 124 -111 70 -56 101 27 -89 -12 57 -19 -5 75 0 82
104 86 8 18 -126 44 -67 81 -75 -7 0 -126 2 -44 -10 66
-91 -2 -70 -7 -100 -111 90 8 -64 71 126 4 60 29 118 -78
-71 106 -30 -110 -107 55 -61 101 106 127 -40 -31 -38 -35 111 2
-26 -54 37 41 -48 101 -78 28 77 69 -60 -74 -93 100 -39 -124
62 5 -54 71 -73 87 -52 -38 -108 70 114 20 94 -35 117 -1
-52 -27 6 -110 -49 52 -123 -44 83 -11 65 -35 -40 -29 13 -109
86 53 127 -32 -89 38 -30 -64 90 -64 -61 -88 -73 -111 22 88
125 44 55 -73 -82 -69 -47 -14 -6 53 -103 -92 -50 34 -95 -109
42 109 13 106 -56 49 -82 56 117 61 108 109 -82 43 -51 -4
41 -42 -124 59 81 69 122 58 -9 -127 59 -24 11 -59 28 19
32 7 -83 87 -33 -36 -21 -53 109 7 115 114 15 -30 54 -27
-92 -86 -87 69 85 16 45 -48 -100 68 -127 -76 -48 -114 89 -65
57 -2 -29 125 101 14 93 62 110 -31 -26 -6 62 17 -28 35
120 -99 66 53 34 25 -18 -43 102 -99 -100 -128 -20 -35 -31 68
80 13 -77 -77 -118 -78 -116 -128 73 -123 -113 -30 -93 -33 26 -36
100 -42 82 92 98 26 -48 45 118 -55 -34 -33 -100 -65 94 32
-80 -108 108 -109 -77 -119 7 57 -1 -90 14 25 -24 121 105 -33
-108 -34 77 9 19 -25 80 -50 -84 93 -46 -45 -19 -90 40 22
-34 74 107 -6 94 -25 59 -15 -16 119 -127 -67 -74 -113 77 -69
-83 108 -83 6 -46 68 -87 46 -66 -102 27 96 87 -68 -10 103
6 81 97 -91 -56 109 3 -14 -90 8 -6 73 103 123 91 94
43 20 -29 18 -18 108 7 -48 107 57 -121 105 7 -104 -29 -7
65 79 -52 120 4 -17 -60 87 29 76 115 73 -15 -63 54 46
36 52 -64 55 -102 114 -92 127 -103 59 -6 -71 -85 -29 -51 -33
-48 -58 -25 -76 109 -107 -58 -104 57 -95 -104 8 38 -49 -48 -19
-44 -77 104 -21 75 32 43 114 -8 83 -56 75 -103 -82 -47 11
-81 29 10 -31 0 -34 93 -88 10 -93 -123 1 68 54 124 -92
91 6 -24 -125 108 -48 -36 100 100 -2 -97 -29 15 -54 -117 -38
115 65 27 -83 -76 104 -1 27 -117 126 66 -30 53 127 82 6
96 77 2 -73 -38 98 -22 -103 49 11 -17 -9 16 38 102 27
118 -27 -110 -63 118 -112 73 -38 -20 104 -99 25 -65 97 83 -78
-71 -118 106 46 -104 -109 115 64 114 -102 -72 126 16 -104 61 125
61 39 18 11 -38 -81 -61 105 -83 89 -109 66 -16 63 105 -79
60 109 -59 22 -73 -105 -4 93 79 -109 -45 -103 -118 -60 63 81
-42 -112 42 -42 100 116 69 -26 -119 7 -89 2 82 4 -40 -6
32 14 66 -18 97 -101 -49 71 -4 60 -23 -7 70 3 12 96
101 0 -44 28 52 -71 79 -57 -79 -29 41 22 61 -121 34 53
-45 90 15 81 115 -19 21 66 -9 -124 -15 -15 32 -49 48 -119
-67 -115 -47 -24 -125 126 -81 57 -45 4 -44 127 17 39 40 102
-54 86 69 -91 -125 83 59 -33 -41 -100 34 -105 5 78 -119 -57
-4 -12 59 6 2 -51 -78 -39 -40 47 -82 -61 92 78 20 103
23 122 -116 116 71 9 36 -25 -60 -40 60 -88 55 86 -29 -105
