-127 26 -10 43 -86 -53 38 22 -115 -10 -53 -58 7 0 85 -77
50 -112 -50 -19 -1 3 -16 -53 45 -30 10 7 117 -8 -24 25
39 -77 -30 -87 64 9 -26 104 113 -70 61 64 13 -122 -60 122
7 -90 96 36 112 -106 -119 71 13 -55 104 85 -39 -22 104 52
-100 -8 1 66 -78 35 68 66 14 36 -12 124 -15 86 -122 -118
68 -13 49 63 85 -25 52 100 -68 11 99 -117 -106 43 35 -32
120 -65 -94 10 48 -106 98 94 -125 32 -54 -107 47 -71 -81 17
76 11 -84 -62 71 36 -43 11 58 88 -24 54 -30 127 -75 51
-95 -112 -56 -123 11 -36 -41 -59 -111 -123 57 48 104 124 115 -104
19 12 64 13 15 72 35 -64 -104 -60 -127 47 -58 -28 7 -93
-75 36 82 32 -93 -61 -7 -82 51 105 72 -81 102 -72 -59 126
96 118 -36 -102 -128 -60 -3 91 93 15 -128 -19 -59 -18 43 -15
126 8 125 43 56 61 -79 -82 114 -102 -41 -70 10 47 80 -124
-63 -30 -90 -122 -25 6 125 2 -36 62 6 -88 -55 81 -48 -9
43 95 39 -110 -28 83 -79 -92 -80 -58 -22 29 24 -88 -15 60
-31 -93 -80 -71 -128 115 1 -89 110 59 -97 -83 -6 71 -5 -124
-52 18 -100 -48 49 111 -92 -40 117 11 114 94 55 123 -3 18
-97 -95 43 125 73 -93 -15 107 115 17 -16 114 101 -99 -52 -1
-17 -120 17 6 -108 7 -97 115 88 124 15 -127 -69 -78 -116 -61
88 -95 -75 -18 -11 -12 -95 17 40 -67 108 -98 118 60 82 26
-50 119 56 -127 -93 -9 -30 64 -93 -71 103 -42 95 -14 -108 69
84 -59 -4 -127 -22 -5 50 105 35 18 30 -67 -112 5 53 -45
125 -97 89 27 -6 -90 52 72 -113 93 -41 100 -57 42 -14 -37
-90 54 -107 75 -23 126 57 -15 40 -50 -41 7 -50 87 94 64
121 8 12 30 -114 96 -103 100 80 -52 -115 17 69 22 -34 66
74 -54 -37 -67 -96 94 -24 -108 68 -5 36 -107 108 -1 -119 101
126 122 88 -71 126 -67 38 68 -83 108 -23 39 127 -25 -75 -111
33 53 -112 -45 92 -95 -15 -120 -2 -67 -108 -26 -91 114 113 112
64 -40 66 36 12 -72 -70 -113 54 -31 -23 13 81 40 52 -102
-6 -30 4 88 51 -15 -2 -117 72 3 -50 -127 106 -126 72 92
-123 -124 -12 50 47 122 -64 -117 126 6 -73 102 121 39 -117 87
86 -116 87 20 50 109 -76 -51 69 -46 54 -110 -109 62 -67 -113
-61 -64 5 -78 127 -26 -78 102 32 -63 25 -120 -16 -78 -65 -79
-63 116 -65 -42 -125 -60 -117 77 -56 33 -66 -106 -83 43 -5 -59
63 14 -127 -86 -125 -13 93 -71 54 108 -76 -112 5 -33 90 3
-31 91 -64 -90 -4 -31 51 -108 100 -12 29 92 60 69 76 84
42 -51 -9 127 28 116 -110 -68 80 46 2 4 60 -109 -29 120
-128 -21 -79 69 -44 -113 64 125 126 95 8 -63 65 -103 95 45
-71 -39 -50 91 4 63 10 51 -24 -33 -13 18 41 -51 37 -67
104 -41 -119 -47 102 8 -73 8 -79 25 108 54 118 -70 -101 -62
-43 -36 -34 -85 -78 -36 21 -1 85 -32 82 -109 15 111 40 -81
-124 115 40 -102 56 121 78 -75 100 21 43 -112 63 28 13 81
73 -59 -82 34 5 69 -60 -89 -90 29 84 -50 -58 54 -75 -86
-113 109 49 14 31 -78 21 87 -124 95 103 -81 -11 -108 -127 82
41 -52 80 117 71 84 -41 71 125 35 -49 -35 -96 76 -125 -51
33 -83 -16 93 6 15 -100 9 -80 26 -102 -50 27 89 -28 -119
-90 -113 -100 121 45 -65 77 -33 -40 -64 96 -107 -7 -24 -82 -106
-99 -31 46 -115 126 62 53 38 -57 70 115 -61 87 -2 -85 97
-58 62 59 61 -99 -35 53 13 115 62 38 -74 61 47 -114 -70
74 -13 84 -47 -56 -78 -112 -96 59 116 118 -28 68 18 120 -19
70 -42 -31 -25 -80 18 78 -104 46 73 55 12 -115 76 106 62
-72 94 65 39 40 -21 61 -6 -121 -89 85 -40 -81 48 -84 -38
124 0 127 -56 58 1 105 22 112 57 -17 -81 17 -110 98 21
-101 80 -56 -81 64 12 113 27 -23 -98 -41 -100 21 -64 -6 92
-28 68 0 16 85 16 35 -105 -41 111 50 -53 44 -13 -7 -39
127 53 -80 -55 -103 93 119 100 121 12 -12 24 53 -53 75 -77
20 39 82 90 125 -31 -115 49 3 107 117 -27 -108 106 127 -25
-123 4 45 -98 -91 -109 -28 83 19 -119 6 -87 126 -49 -21 15
54 125 37 -5 6 109 49 -46 110 -90 -40 -128 92 -96 -10 -93
43 39 -62 114 53 92 100 -38 -21 -16 98 -29 -27 36 49 -119
-16 63 -12 38 -23 106 62 -43 -11 52 50 -109 -28 72 25 -17
96 59 25 -14 84 109 78 122 40 -86 67 47 -86 -5 8 -75
124 -106 53 -28 25 -92 -85 44 -77 42 -88 -44 1 -73 75 -17
66 108 -128 51 -91 28 25 40 64 -105 118 1 126 -6 -122 55
