-66 -81 127 96 56 -35 -10 27 111 -90 34 -60 123 -79 93 51
-104 -111 -121 27 -121 -20 35 107 37 83 -80 102 119 41 -65 3
-70 -35 -116 -116 10 -122 107 -50 -35 -115 -44 -84 -3 -51 93 43
56 59 43 126 83 -60 6 96 47 -123 62 -72 54 -45 125 112
-10 -31 28 91 -12 -96 6 17 -11 -103 52 -128 -57 90 49 -10
-56 127 50 -123 53 -11 82 -45 124 50 -68 -51 42 89 102 -54
49 28 97 114 -27 -51 -117 101 98 -81 2 -13 -40 -13 -12 85
103 -11 41 -115 -8 43 -85 51 85 8 -11 49 26 7 -94 25
87 -89 -108 -128 76 -110 122 103 53 -60 -102 -104 107 -60 74 -49
-93 -53 124 -123 20 -93 76 -34 104 -124 89 -79 -118 112 -113 -36
-9 -104 -20 -85 60 111 94 40 -40 24 32 78 50 -128 -89 63
51 -84 -28 -85 -2 72 46 125 56 -35 84 -51 11 126 52 23
-56 75 -39 17 -91 -17 34 -117 -16 40 11 -7 -40 9 -107 32
23 44 -105 -106 -49 -110 -51 -62 -102 -49 -21 49 -50 121 45 -35
93 -81 76 0 23 78 35 34 106 33 10 98 -120 27 104 90
69 -24 96 69 18 -23 15 -99 -86 -68 55 -118 -126 -22 12 -51
96 -66 -37 -64 -6 75 -58 4 61 21 61 -60 -43 -68 27 -122
-116 -4 -89 108 39 10 -58 -79 115 -106 -44 76 -76 -87 -84 -110
30 -118 119 -118 73 -34 87 65 53 92 0 50 -29 124 -7 97
13 29 94 -33 34 44 -8 -61 75 13 27 24 -4 -39 65 25
-22 -81 72 95 91 46 34 -81 -59 110 -29 -15 121 -107 -97 126
33 -80 91 87 -117 -112 -70 84 -73 126 55 66 23 10 -85 -21
36 -119 2 -22 40 57 -35 -108 -18 -27 -6 -52 -9 -53 -76 6
-69 93 0 123 115 -62 -8 -119 -87 -13 124 117 114 37 0 -113
84 21 24 -4 22 63 36 82 52 -49 19 62 -117 -52 101 -52
-58 67 68 -49 12 102 86 -110 -106 -127 64 105 50 11 47 57
-123 44 -80 29 -116 -21 51 104 -9 110 -44 53 37 -78 43 2
-58 59 121 -74 -63 56 44 125 -96 -100 -118 -95 79 -107 -5 95
37 118 47 10 68 -79 -10 103 43 -40 -103 -128 57 -128 -62 -53
124 1 43 -66 -4 -13 18 -75 -125 -104 -125 -107 96 -55 65 79
46 -89 -97 98 1 34 55 83 94 -63 -77 60 -66 -67 -50 69
-113 -26 12 -1 -66 34 20 -13 64 -38 -95 96 -3 -122 -36 -87
104 1 36 -101 -117 -61 93 -99 58 -105 120 120 -108 -20 -43 88
-49 21 -107 -102 -98 -78 -20 -66 -22 118 -66 -77 -19 -74 -22 -61
-66 63 77 91 71 -7 -89 112 -70 111 -126 -63 -117 -15 -41 -90
-82 -34 112 -100 -111 -109 -3 92 31 25 25 -5 -52 -35 10 24
-9 8 -93 -120 36 -124 68 17 34 44 -63 -70 80 -39 -6 -58
90 39 82 43 -79 113 -56 34 120 53 -60 120 -100 -112 106 42
110 -120 16 -58 -59 76 101 -81 81 78 -89 -118 -21 -21 -26 -83
13 -63 -3 -77 89 117 -9 -26 108 51 -97 -25 78 96 -121 -49
7 1 -45 -51 6 -6 4 -86 95 -128 -65 -33 -83 65 79 57
-73 -21 -122 -9 -126 -120 -45 64 84 109 -33 -9 -8 -110 83 4
72 24 111 -32 58 -29 -117 34 83 20 -25 -7 104 104 86 70
-31 -90 24 121 -106 -128 55 110 -45 -51 14 -81 -13 69 52 -108
-62 72 -107 111 -106 -106 -19 -29 -33 24 2 -54 104 0 87 -41
93 -90 12 -77 106 118 -127 2 -26 90 80 116 -50 112 -45 42
105 -84 -13 -84 -78 124 79 -27 -111 -126 -109 124 23 -30 -86 -29
-22 -124 126 -122 -62 -14 42 103 -31 83 41 -45 -37 -8 -117 124
-25 -96 38 -122 17 36 -119 124 -100 104 66 4 33 -19 -69 -59
-43 -39 -120 103 26 -39 43 124 -52 -9 -2 71 -34 101 -97 -9
42 125 48 -7 114 92 74 126 -90 -34 -110 51 -27 114 -126 -70
-9 5 -62 -110 -43 9 -119 -50 92 -117 -98 82 -123 96 -17 -24
-21 15 34 -66 13 102 7 113 79 -42 -58 15 -114 -89 117 -2
-12 -95 -118 56 97 31 83 -124 30 -29 -76 70 -85 -101 13 105
-65 81 9 70 -54 60 -114 -70 -88 55 117 -13 14 52 -44 -120
-99 91 -11 -114 -23 103 54 -13 -89 119 -18 -119 21 -93 -79 -11
-103 -14 67 26 124 -67 -4 14 -111 -78 3 74 -55 47 118 -38
91 -4 0 101 101 120 75 -75 -83 -94 -95 68 3 60 -52 85
-60 81 -59 72 26 -70 95 26 67 54 -96 -21 76 -23 68 -65
-20 -114 -66 -108 119 90 47 42 5 -48 62 -108 -97 -99 10 -100
104 81 27 124 69 -41 -84 121 33 9 46 52 -36 -68 -89 -27
-121 -42 24 -39 78 82 -119 58 83 64 -92 100 103 -26 -123 68
2 -18 107 -70 -115 -54 -121 -55 46 -68 -117 -58 -101 -97 -68 -42
72 74 -89 31 -95 -65 -80 14 1 11 82 96 14 -77 79 105
