98 101 37 -35 74 94 67 -42 -27 -125 -8 114 0 -107 92 17
121 49 55 -31 -94 -32 96 -103 125 109 97 110 93 120 105 39
-99 -108 5 -99 60 -36 -69 102 -46 43 -45 -7 102 -86 -34 -74
121 -69 -12 78 123 -13 -110 -36 65 -9 0 85 -54 -100 75 73
10 -115 45 17 -120 16 -122 36 -127 -87 36 -80 29 27 125 -30
77 -5 -73 55 -9 -29 -112 -5 1 3 -100 -96 123 119 28 123
14 -71 -18 25 127 -35 80 108 -115 -110 123 122 -57 78 -125 88
32 89 121 111 -116 -23 105 17 -73 -110 66 -46 113 -49 -64 -117
82 63 -122 -87 50 8 -119 -38 -85 -14 90 86 124 -13 113 -14
-31 -24 31 -3 126 36 -119 78 -95 16 -36 -37 -73 82 -66 -91
-83 -9 -75 81 89 -24 -44 -38 -11 68 -37 -82 -48 -116 -1 -30
-19 103 -46 -36 -94 48 -105 114 -122 -107 47 -64 32 -70 -98 77
-124 67 -38 -7 -55 -30 74 -13 4 -70 -47 -60 -118 -123 -66 54
-59 -107 34 -124 -50 -100 -68 -111 -108 87 -57 21 -68 25 63 4
67 126 -54 5 -84 -33 -60 -108 69 -62 -42 102 67 69 -81 86
30 104 -18 77 8 -18 -63 -103 68 -56 -35 9 -88 97 62 -26
-97 -34 -15 38 115 -110 113 -20 -86 98 -8 89 14 -124 10 -20
122 -124 95 -78 -20 17 107 -6 -92 -5 121 -9 -85 -125 96 -37
115 114 -96 79 60 14 18 5 121 89 94 -84 24 43 71 -61
77 71 -106 6 -82 16 80 -85 37 112 98 -16 -118 -68 -1 105
112 53 -36 81 -10 -75 46 -13 43 102 37 84 55 118 109 74
81 -91 -87 -17 -55 84 86 73 67 40 -55 -63 -97 76 -83 -64
49 102 -35 -21 18 -65 55 -81 -82 -114 2 -19 89 40 76 -61
-17 24 36 69 -66 120 -2 29 87 -46 -98 -72 101 6 -53 -1
-79 -77 78 100 65 69 -64 20 74 10 86 18 -37 -52 53 -1
-91 101 125 7 -88 -50 26 -34 -22 64 -55 -120 -115 -43 -78 -63
-76 -107 -20 -50 60 -11 -33 -11 36 50 100 -44 -92 -76 108 18
-87 15 -27 -102 65 -45 -88 100 -18 -7 -36 42 -106 -124 58 -27
-118 32 79 -29 -101 63 38 -2 67 121 -27 -97 -33 114 -112 -42
38 55 123 40 -127 -118 -31 55 71 66 27 -75 -54 -99 -48 -121
69 -30 48 34 -21 -77 -47 50 -103 -128 15 91 -70 -54 -66 -11
-52 42 87 -12 -126 -79 22 97 88 -41 121 18 64 28 121 -89
-70 -44 102 120 -61 24 -122 97 -40 16 -108 93 -115 45 66 -117
120 -122 -102 18 -70 124 -15 45 -20 -39 -90 -85 -126 101 17 -7
-46 -55 -28 86 126 12 -21 -13 56 -53 69 -78 118 -65 15 -59
-32 45 120 -58 110 15 -2 28 -8 45 -62 83 -97 -124 33 -36
-22 -24 32 -81 -19 23 100 -18 62 77 -17 -103 43 -71 60 -4
54 -92 -25 21 123 -42 93 -100 -100 107 -12 8 -103 -64 26 -113
-126 19 74 56 51 -34 -102 92 -23 -27 54 -122 92 -90 50 99
-124 -69 18 -12 72 30 -125 40 -14 -14 118 42 -98 33 -87 61
-115 -1 -114 1 -128 93 -92 92 -35 -34 -106 -40 3 5 -46 -60
-2 48 85 117 -47 -82 -64 -121 -99 -47 -58 93 33 -104 123 -112
-35 -34 56 -36 59 -90 -7 89 41 16 -61 -108 116 -74 58 34
64 58 48 84 -91 -106 51 23 76 33 48 -72 26 -78 109 36
87 110 -27 -92 -35 -90 47 15 127 57 -33 -95 12 82 80 2
-97 -111 -42 78 14 60 64 -61 15 -47 -25 3 -122 -34 -105 -89
-8 -41 -108 -20 111 -43 -113 110 -96 -125 -40 119 -52 125 -103 -33
109 35 -111 66 99 -41 -88 110 88 -119 -89 81 -33 12 107 -91
109 97 18 -80 -123 0 57 4 74 -77 65 -88 39 127 -43 84
-61 44 -109 41 -4 115 102 77 -2 -109 18 39 -82 -64 1 40
78 68 -54 -34 9 -103 77 7 -4 76 67 -27 85 -35 111 -106
-80 -91 -126 -28 83 29 120 123 37 61 49 33 110 -105 -68 -50
-77 50 -66 -58 47 -112 -84 -58 -16 -125 22 107 -25 -33 -21 64
70 -49 -35 -53 -102 -5 -31 -122 -9 57 42 -128 0 98 -102 -108
32 -9 1 92 -102 -126 -21 -86 -54 10 107 84 -36 -90 -32 25
125 97 -123 -7 76 63 57 89 27 4 48 -17 59 56 -89 -86
-116 67 46 48 -68 -74 97 79 35 -48 91 29 2 113 91 -119
-51 -24 -38 -27 -2 16 -47 110 -77 75 8 59 24 -77 94 -88
61 123 58 -106 124 -44 75 11 -62 -65 -61 52 54 -44 42 74
-84 100 -30 -88 -84 5 99 36 -67 -37 72 -8 17 119 121 -83
-13 -3 105 -38 -44 -86 -21 -81 117 67 -52 -83 -6 -56 -20 -90
-54 -108 106 -33 37 -50 -113 16 -108 -41 -66 0 23 -28 -96 63
103 73 50 57 -12 -52 -17 -100 69 82 65 -124 -127 63 110 -81
84 -68 -43 0 -103 -43 -63 12 -6 -91 5 9 -79 -43 0 -11
