-19 6 59 -90 74 80 107 107 86 -21 89 125 -10 -116 83 -103
99 111 114 44 77 -84 -98 -76 -124 -18 87 119 122 17 120 89
-10 -87 96 -48 -123 -71 74 -78 61 -42 113 7 77 85 105 -11
-122 -24 67 -43 -118 100 122 -13 66 -5 62 -63 6 46 -77 -46
20 99 90 73 104 -1 109 -79 -55 94 -126 119 27 70 125 91
-18 2 83 119 36 94 -116 -9 -114 69 -121 51 104 102 -117 91
106 107 59 40 16 116 -66 -39 17 -27 -54 77 -86 -105 -72 -80
-46 -87 83 4 103 -29 2 27 -28 -122 -29 -68 -104 125 -11 19
20 -51 -86 41 73 -85 3 -101 83 122 0 101 7 -117 57 38
124 46 92 116 -73 -124 -9 -49 -9 51 -109 67 -123 74 45 2
100 86 2 -32 -13 -17 -49 46 2 33 -30 18 -87 75 -59 -109
-34 -66 127 -124 -89 -123 28 114 -34 -112 -22 -29 -6 -31 -8 -6
-43 11 -28 1 57 -33 -108 79 107 38 -73 50 -126 -6 35 -106
37 117 91 -56 -46 -17 -77 -58 -122 51 -74 -56 -12 20 -120 126
-34 -43 50 21 12 47 26 70 84 29 -3 -62 -99 107 -125 -88
-1 -71 14 19 77 -4 -103 -40 6 105 25 34 125 -23 117 109
35 -4 2 -22 117 -101 -44 10 -29 -113 -58 17 125 -3 40 102
-100 39 -61 69 -46 -90 -96 -65 23 15 44 46 -74 67 -8 47
-58 -19 -128 28 27 83 96 69 -54 -117 53 -28 36 -43 67 111
-124 76 28 86 -104 114 32 -29 79 10 -41 118 61 -3 -93 -128
-85 125 23 104 -40 58 44 -77 75 48 24 -22 83 3 54 -68
87 87 -22 34 96 -25 48 -124 0 107 4 3 -65 -14 -101 126
-72 62 -39 65 -53 -104 87 -113 -110 -73 59 91 104 117 98 -1
-79 -60 -37 -25 -71 9 61 -18 -67 10 -70 -128 23 -85 -80 -81
96 -113 -118 -4 38 19 -69 100 56 87 -72 114 36 -43 22 -65
-26 56 75 -60 3 -51 62 65 -17 19 110 -95 -87 -99 26 -55
8 27 52 125 -117 36 83 2 23 42 -14 -54 79 52 -17 10
-44 -53 4 -101 18 -116 66 10 79 -3 -128 90 16 24 -33 15
-18 -116 -92 -56 -114 72 -58 -46 -69 -1 45 -104 121 0 -2 102
-128 127 49 -53 -101 -34 -85 54 -41 -106 68 117 -46 120 -39 95
-86 58 41 2 101 105 -115 66 -54 -16 -114 -28 -81 -66 85 54
101 75 -70 -123 -28 104 -48 -96 -71 1 30 -86 -86 -118 -72 -62
-28 -76 -60 69 -122 -126 -72 2 -56 5 -124 62 -31 6 12 54
-84 43 -127 -82 11 -34 -54 -12 110 63 -24 -62 22 49 85 -85
-15 -60 -41 -106 101 37 -97 -94 -101 -124 19 39 -109 -36 111 -120
82 -94 69 -101 -18 78 7 -100 -104 -114 -48 24 70 113 -111 -113
-122 94 4 64 52 -39 -123 93 -53 -10 74 -26 -121 -62 57 123
22 -85 -68 77 -99 -125 -61 -26 -37 -29 -91 -48 -84 -105 -11 38
-106 2 27 -65 102 48 -62 81 -75 -27 72 -88 -34 39 113 46
-55 -101 -41 -26 -58 -17 93 -89 -100 -46 -100 -12 22 -117 -105 59
-44 -75 -99 -92 -120 116 39 -38 73 37 -41 92 -99 59 -73 -25
88 -92 -98 -35 71 -23 72 -111 47 32 43 -12 76 -57 -57 4
116 -55 -121 55 -80 -13 95 90 54 -116 53 -56 86 -45 -2 104
40 -99 -107 -126 95 42 -19 -33 -115 75 -39 -15 -37 -108 51 87
-127 8 -113 -31 -100 102 -126 -90 37 9 113 78 -9 89 -2 7
60 -121 -84 117 109 59 -106 -128 31 49 118 -44 -114 36 37 -91
-42 17 -54 84 -53 5 -2 -18 -92 -13 -49 -42 -119 79 -81 -86
-24 -13 -94 -32 -101 122 29 2 -48 23 -43 81 -71 23 -111 -49
70 22 26 30 76 -67 23 31 -85 -113 -67 -112 88 -28 -108 101
-119 125 -29 -98 -33 50 114 84 -83 116 -6 -105 -111 -33 -46 91
-56 87 -48 119 43 1 32 95 115 28 37 19 -72 114 31 -60
-110 81 -61 -115 -117 -32 -59 -15 -122 41 -92 -127 -49 -18 -115 -7
17 -119 77 -95 23 -66 -64 -97 51 103 78 110 126 118 24 -35
-44 29 60 56 -29 34 -91 -100 -4 -55 -79 107 -116 -114 10 -34
-127 -34 58 -79 -58 -67 66 -30 37 -67 -64 -13 -63 -42 82 88
97 64 -35 -80 50 119 19 20 -80 21 -17 -104 -99 -78 -68 54
23 -84 123 42 -103 -2 -83 53 32 83 94 38 8 -108 101 -9
14 -110 12 40 -25 -55 -96 -23 -112 61 -7 19 -113 70 -73 -25
-88 -83 -12 117 29 74 48 -96 119 -73 -57 30 40 -123 -31 -41
-42 84 99 -65 45 119 98 -52 82 -109 -110 33 11 -9 118 27
88 -74 19 -82 -64 -98 -88 4 79 -74 -5 81 -70 67 -113 17
-1 104 37 113 20 4 -30 -1 -91 46 -76 26 66 83 60 -101
38 -96 -55 104 15 80 111 -55 -44 94 -73 -122 117 12 63 -28
-100 -46 -42 -86 59 8 89 -93 73 -52 89 -37 -105 -3 48 -27
