-21 -67 -19 -59 -36 -22 -6 -18 -15 -30 -1 -6 15 1 8 -33
20 22 27 18 14 17 22 2 28 28 26 1 -16 -20 11 20
-4 2 46 19 6 24 18 -18 9 -16 19 6 1 16 40 27
20 20 7 -5 4 -5 12 -8 19 -10 9 39 12 -3 -9 13
-27 4 3 -6 33 -30 17 -19 9 37 -42 -10 -7 -3 -15 -4
0 33 9 30 19 14 24 -9 31 -6 1 -22 19 3 -15 27
3 35 6 8 8 4 7 -7 -3 -17 -16 3 37 38 24 9
17 -12 14 15 14 38 38 -3 21 17 3 33 39 30 55 -4
-20 7 -14 0 1 37 18 16 16 1 -20 -39 11 -38 8 0
12 0 -27 -17 -19 -27 -17 23 -20 1 -2 -10 0 -4 -41 -33
-32 -3 -4 9 1 -12 -25 -2 7 -4 -47 2 2 19 -16 -4
24 12 13 -10 4 -28 -2 -24 17 11 22 7 2 -9 -29 7
50 12 43 45 52 40 21 43 -8 18 -2 44 11 46 2 67
-9 -8 -25 -9 -15 12 8 -14 3 -12 -17 2 2 -14 15 -8
14 10 36 46 32 -7 24 38 6 34 3 30 8 34 39 2
-34 -27 -20 -36 -43 -10 -11 8 -31 -19 -13 -16 -18 4 -34 17
-7 -11 39 6 12 15 -5 29 10 33 17 10 25 41 -10 -13
6 2 20 2 15 -38 -17 -19 -2 1 -13 -3 -6 2 -40 7
28 -14 30 10 39 -1 2 19 1 -2 29 48 22 9 -2 56
31 19 30 33 58 40 25 42 27 19 15 53 0 13 2 37
36 0 -19 -43 -3 -4 -26 -14 -10 -30 -53 -24 -2 -8 -48 -33
11 4 -18 -18 16 15 1 -6 32 -1 -3 8 39 -10 -10 -7
-12 -12 12 1 -18 -5 37 3 17 -17 10 21 34 32 18 1
4 6 11 -8 -13 -6 -45 -34 -17 11 -25 1 -15 -8 -20 -11
11 -26 -30 -20 -2 -49 -50 -35 -41 -29 -28 -6 -15 3 -38 -15
27 -8 8 22 27 23 26 31 30 36 18 10 -6 31 18 2
7 -27 -58 -17 -27 -17 -37 -25 -9 -43 15 -2 -25 -10 -19 -12
-42 -58 26 -33 -45 -9 -10 -32 10 -23 -24 -4 -30 10 -41 -29
-22 36 21 -2 -22 31 41 1 0 15 11 -3 13 16 29 14
24 -28 -27 -30 -17 -39 8 -17 -6 -24 -12 -15 -16 -14 -16 -20
25 -4 1 26 0 23 -7 58 17 -2 8 13 -2 31 5 13
-16 -4 8 -23 -12 -9 37 6 37 5 5 -44 -16 35 0 11
-37 -4 5 26 6 9 -3 0 -19 -7 -22 19 1 -19 2 -10
21 9 7 2 37 11 2 41 12 4 12 9 38 16 30 19
-7 -31 -40 -31 -53 -36 -31 -40 -21 -50 -33 0 -33 -19 -7 -31
10 43 -7 16 7 11 47 33 13 8 31 22 -7 23 39 4
15 24 -17 0 -2 -4 5 21 -5 50 19 -8 8 -1 -5 34
18 1 45 29 16 32 4 18 11 26 17 -4 13 8 23 35
-4 -20 -10 -4 0 -8 -1 -16 7 3 -17 6 -5 -5 4 -2
-10 -19 -20 4 20 -6 30 15 8 19 -19 -7 -26 -7 1 -18
-16 -42 -3 -8 -2 10 -7 -18 12 -36 -19 -1 -5 -7 3 -35
0 16 35 -12 1 16 10 -4 -22 -22 8 -35 7 -17 -7 -12
17 14 12 25 8 -13 3 20 1 35 3 35 -6 4 -11 20
37 -8 -22 -18 7 28 -26 21 -26 -34 3 -18 -7 -4 2 -11
14 -7 -38 18 -32 -5 9 -29 -53 -8 -31 -2 -12 0 0 -2
-20 8 -16 -13 -37 11 12 -16 -4 15 -16 -3 19 25 -8 4
-26 -16 -11 -27 6 -36 -12 -13 24 -9 13 -4 -18 -2 -7 3
-6 -18 -22 -31 -19 -31 -9 -20 -4 -10 -18 13 12 -10 -15 -20
21 -28 -13 -26 -48 -53 -17 -12 -15 -12 -18 14 -17 -6 0 -21
-13 20 7 20 16 25 36 20 -6 10 1 -6 4 -3 38 -2
21 -2 1 0 42 -31 -2 10 -7 14 -8 -5 -5 20 -3 21
2 0 -5 1 19 29 39 -4 1 23 50 11 -14 18 29 35
1 -29 -37 19 3 -12 -9 -15 -9 -30 -18 6 -10 -16 -43 14
-31 20 -13 -40 -33 -9 0 -8 -8 -6 -6 -19 1 -48 -15 -21
-15 11 -12 25 1 -15 17 -34 28 23 -34 -10 -16 -7 32 -5
-7 -45 -35 -3 19 -24 -58 -6 -9 1 2 7 -24 18 -32 -14
-3 9 34 -3 10 18 20 -10 -7 4 21 36 24 9 38 0
-26 -13 -53 -25 -7 -53 7 -1 -23 -18 -20 -17 -22 -35 -39 -15
1 23 -4 10 -31 -33 24 -3 0 -19 -6 25 -13 25 28 28
25 -44 0 -7 -22 -9 -14 11 -3 -37 21 -34 -8 -33 -12 -12
13 26 33 -19 6 -8 -1 4 34 33 -4 -15 -1 11 0 23
15 2 6 16 -4 -14 -2 -2 -20 20 23 26 -37 13 40 39
-11 7 9 -8 -13 -19 12 -27 34 -10 -22 -14 -21 15 10 -16
9 20 34 -9 0 27 23 35 9 -3 11 8 22 15 16 6
