-31 -36 -22 -38 -12 -46 -41 -25 -39 -14 -24 -44 -41 -22 -22 -46
22 -28 -25 34 21 0 7 -7 6 -10 2 -1 38 31 20 49
43 28 5 3 9 26 -6 20 32 15 20 3 26 47 15 28
39 39 35 29 20 13 31 29 48 4 32 3 42 22 16 10
-25 -25 -7 -17 -30 5 -11 -33 -23 -15 -13 -2 -32 -39 -8 13
1 14 44 48 5 28 11 1 16 38 35 18 22 18 25 31
7 21 29 35 12 38 -6 -7 27 35 -9 19 26 12 14 22
58 52 79 31 13 64 53 54 21 48 31 60 25 31 51 11
-14 6 -43 -35 -26 -40 -14 -5 -15 -19 14 4 -20 -23 -9 -5
-37 -35 -13 -29 -15 -45 -12 8 -35 -17 -31 0 -55 -8 -35 -64
4 -14 -5 -30 22 -17 -28 -37 -19 -6 -27 3 -25 -42 31 -30
-20 -18 -20 -22 -18 -15 -2 -3 -5 -22 8 -22 -13 -12 6 -1
43 57 39 42 40 58 34 45 37 19 44 45 43 43 59 29
12 -5 11 6 -29 -1 -14 22 -4 6 -17 10 1 3 -7 -4
38 27 13 38 0 35 34 48 18 49 38 45 30 57 60 39
-27 -29 -53 -25 -1 -31 -63 -40 -8 -16 -54 -35 -8 -59 -26 -19
17 0 -3 34 22 30 12 1 36 40 32 16 5 2 43 1
-7 2 1 -6 -19 -13 1 -25 -32 -16 -14 -14 -2 -28 -9 -13
32 54 25 36 35 55 6 31 50 39 31 -17 52 52 32 42
42 49 46 32 42 39 34 46 53 43 54 34 23 43 9 5
-67 -53 -16 -31 -1 6 -27 -9 -31 -16 -21 -13 -24 -39 -56 -6
7 7 26 11 10 24 29 30 12 29 -9 29 9 11 29 -29
-9 14 -1 6 6 28 11 -4 9 27 11 2 16 31 -13 16
-21 -39 5 -33 -23 -26 -24 -6 -42 -19 -37 -18 -36 -22 -26 -26
-74 -54 -67 -64 -49 -32 -58 -43 -36 -81 -42 -68 -59 -49 -44 -47
28 30 18 40 16 26 37 30 4 31 65 35 16 23 40 4
-36 -46 -55 -52 -23 -17 -38 -31 -47 -44 -46 -49 -66 -44 -26 -36
-48 -56 -12 -40 -43 -21 -27 -33 -33 -22 -32 -51 -38 -8 -8 -60
-3 43 -10 13 15 35 12 14 -5 -3 23 4 14 38 21 44
-23 -22 -45 -26 -5 -25 -25 0 -4 -20 -41 0 -30 -28 -8 -37
16 9 -26 20 28 32 27 25 -3 32 39 6 13 16 30 14
15 -10 -20 -7 11 -52 -6 -32 -24 -21 11 -34 -30 -21 -17 -29
10 18 28 27 -23 26 9 -5 25 0 -4 12 41 9 40 9
41 13 -3 9 10 -1 13 23 43 21 23 13 -8 32 25 -29
-41 -47 -39 -54 -49 -46 -33 -59 -53 -68 -41 -57 -50 -57 -88 -41
62 29 1 37 34 54 60 45 42 45 42 14 40 57 6 22
28 52 10 18 12 5 36 40 16 20 30 0 -1 25 18 16
11 32 9 67 43 28 51 12 25 35 6 36 33 26 53 36
-15 -2 1 -32 -2 -12 -18 24 -45 0 4 8 -12 -40 -3 -25
-15 -28 5 -18 -13 -2 15 -10 -2 -7 1 -21 -3 -18 -38 -8
-12 -10 13 5 5 12 25 -13 -11 -10 0 -22 16 14 14 23
-16 -9 12 -21 -13 -23 -8 -18 13 11 21 20 1 2 2 -39
-12 15 0 10 -13 2 15 -12 -16 -16 20 36 20 7 -28 2
17 -22 13 -25 -6 5 -2 4 -10 5 -14 -14 -9 -23 -17 -6
-14 -17 -11 -15 -34 -45 -3 -21 -21 3 -15 3 -22 -20 -26 -53
-25 -10 11 -24 -24 -6 -12 -15 4 6 -17 -12 0 -2 -14 12
-21 -9 10 -9 -15 -12 7 -29 -9 -16 -4 -28 8 3 -12 -6
-33 -53 -6 -35 -34 -46 -16 -42 -38 -12 -52 -14 -46 -34 -40 -23
-30 -32 -15 -20 -37 -55 11 -1 -8 -62 -42 -37 -36 12 -58 -54
35 33 23 14 37 10 32 30 38 13 21 17 27 27 30 17
8 19 23 7 0 -1 -6 13 28 34 27 34 18 -1 7 16
36 31 -19 13 25 -9 19 17 17 9 20 21 33 30 -5 -7
-10 -8 8 -29 -11 -47 -46 -36 -20 -19 15 -36 -8 -67 -23 -2
-23 -30 -26 -7 -37 7 -42 -16 -31 9 -53 -20 -23 -31 -39 18
-20 -8 -16 -29 -19 -20 27 10 -23 -29 24 -33 -11 14 -15 8
-22 -21 -15 -25 -2 3 -32 -37 -12 -23 -4 -37 -13 -35 3 -14
-6 35 -4 14 -23 9 3 36 9 27 13 52 7 20 18 4
-37 -26 -31 -32 -27 -53 -56 -53 -50 -33 -25 -17 -37 -46 -57 -9
-20 6 2 -8 11 25 29 5 3 28 -14 -5 20 33 -6 12
-6 -20 -41 -29 0 -46 -45 -37 -33 -12 -16 -26 -37 -25 -8 -16
43 31 39 41 11 -6 40 20 27 22 31 9 7 34 46 -17
-15 21 5 25 -24 11 0 5 -2 -5 -3 21 -6 20 17 -10
-20 -30 -11 -10 -2 4 12 -16 -16 5 -2 2 -6 -13 -12 -9
40 44 11 44 14 41 -3 4 45 23 6 10 11 42 8 -15
