-8 -11 19 -22 -11 12 5 -2 -17 -23 -21 -6 -9 10 -3 -1
-4 1 9 20 -2 20 -4 23 -1 7 19 0 10 -2 4 8
8 -15 2 23 14 8 2 3 -10 15 13 12 5 -2 2 3
8 -4 2 -4 16 7 -5 -4 0 4 2 -12 7 -9 15 14
-23 -2 0 -7 -13 -7 -6 10 -4 10 -8 -8 13 20 -4 -11
13 19 -3 -1 -4 4 6 16 7 -4 1 7 4 11 5 17
25 18 0 11 -11 -20 15 -7 8 0 7 0 2 -9 17 3
23 26 4 19 18 1 38 15 13 16 30 16 3 16 14 6
-10 -35 -14 -20 3 3 -5 17 -6 1 -9 -3 14 0 -9 -8
-12 0 -1 -12 -16 3 15 -14 0 -26 5 -11 -7 14 -8 18
-12 5 -8 -5 -15 -24 -18 -7 9 0 -5 18 -14 5 6 -9
11 1 -10 -6 7 8 8 1 -7 6 -12 5 -8 2 -11 23
6 12 34 15 25 10 -2 10 14 8 -5 5 11 27 0 -4
-3 -11 -2 1 9 7 1 4 7 -3 18 -11 6 13 -4 -7
19 0 -7 -2 32 12 20 13 20 25 4 6 -9 9 15 11
-37 -8 -21 -18 -18 2 0 12 -1 1 -14 -28 -16 -18 7 -18
12 -14 10 -8 4 -12 -5 -8 16 6 4 4 15 24 3 5
-7 -7 -22 3 -30 -4 -6 4 -5 4 9 -6 5 -16 1 -10
4 -2 -4 1 0 16 4 6 13 24 5 9 -15 -26 20 7
47 9 15 30 30 3 -5 -10 2 -3 6 19 13 -2 9 6
-2 15 -10 -10 -38 -6 18 -12 -9 -10 -9 5 -6 -19 5 -9
-1 -4 0 10 11 -3 16 -2 8 1 14 -3 15 3 21 11
-3 4 0 -7 1 -15 22 22 7 7 -2 4 0 1 3 -14
-3 15 -25 6 -7 -15 -18 -6 -18 -1 -9 0 -30 -9 -2 4
-13 -2 -13 -12 -26 -17 -9 -7 -9 -13 -15 -4 -15 -16 -30 4
4 -1 -5 -1 14 31 -2 21 11 16 21 25 14 2 -2 14
-18 -11 -18 -9 -23 -18 -23 -3 -2 -14 -15 -11 -11 -10 -14 -17
0 -12 -11 -14 -3 -14 -10 6 -13 -3 -26 7 -27 -5 -25 2
19 -6 -3 -15 -3 2 -2 18 -6 3 18 8 6 32 19 12
-21 -12 -7 -18 -4 8 16 3 6 4 -22 -12 -13 -7 -2 -5
-4 22 1 1 0 22 -19 6 -7 23 14 14 -2 13 9 5
4 -25 1 -20 -1 1 -18 21 3 -8 -11 -16 4 8 5 -4
-12 -6 10 -1 6 -13 -2 -16 2 1 11 0 -6 17 2 -2
17 -7 18 7 5 6 4 7 4 12 2 12 3 2 5 -11
-22 -7 -16 -24 -31 -26 -5 2 -1 -3 -23 -21 7 -11 -15 -35
-12 17 19 21 28 15 -11 14 6 26 7 18 16 6 4 7
-20 9 19 10 2 -6 2 -4 11 28 20 22 6 13 -13 16
-2 15 3 8 4 6 -2 15 18 2 14 -1 -1 -4 16 7
-15 -4 -8 -3 0 2 4 -3 6 -9 25 7 -8 -10 21 -1
7 2 3 -23 3 -27 10 -8 -10 -5 -9 17 -5 -2 -9 -7
1 -8 -2 5 3 -9 -2 -13 4 0 -3 7 -1 16 18 -2
-1 -5 14 -6 1 -4 -10 3 6 -7 -8 -5 14 -2 -17 -6
17 17 1 -10 1 5 -10 28 -1 -7 7 -10 -3 -12 -14 -10
-12 14 14 -9 -2 7 8 -26 -20 0 -24 0 -3 -13 1 9
-13 -15 6 -21 -9 3 -16 -30 2 -19 -4 10 11 2 -16 2
3 5 -3 -7 -5 0 10 -16 -11 6 -6 -13 11 -2 9 -21
-2 -4 9 -19 5 -16 14 -28 -7 -8 -2 4 -13 2 2 2
-6 -23 -22 -9 -11 -3 0 -11 -12 -11 -32 -16 -4 -6 -7 1
-3 -13 -8 -3 3 20 -5 -13 -12 -17 -3 -13 11 8 -18 -6
-3 -1 10 14 18 10 -4 -8 18 5 2 -2 -11 -6 11 13
0 -7 -3 -1 11 12 8 -22 -4 -8 2 5 7 10 12 -12
17 -21 12 -5 8 27 3 21 8 15 0 -1 4 9 -6 -4
-22 -8 13 -12 -2 13 -20 16 5 -8 -16 -21 -6 -27 -3 -30
-18 -7 -10 -14 -27 -21 6 12 -21 8 -1 -19 3 -6 -1 -7
-4 6 4 -20 -1 -13 -15 1 -10 -9 -13 -19 2 14 -3 -4
1 -1 -18 -22 -10 -18 -7 0 -15 8 -18 -4 -20 -13 -2 -18
15 8 12 2 22 5 -4 6 15 -10 -1 -18 12 16 -3 -4
-9 -26 -23 -7 -12 5 -13 -5 -12 -27 -1 -14 -12 -5 -7 -8
10 22 24 8 19 10 -2 -11 -8 -5 -6 6 -12 14 -1 14
-22 -10 -2 -28 -19 -12 -13 7 8 -5 9 -15 -24 -9 -17 -12
-2 -2 4 15 12 16 17 6 1 7 12 14 16 23 10 -11
12 19 -6 0 6 12 0 -5 4 -3 -13 -9 -4 -1 -13 -18
2 -5 -7 -11 -15 -15 -2 31 -10 11 -2 -1 10 6 -10 -35
-8 19 15 9 -7 -11 12 15 -1 9 11 -8 6 4 -9 7
