-13 -8 -25 -36 -14 -39 2 -35 8 -44 3 -4 -43 22 -4 10
-29 -9 -4 33 33 49 -17 -20 6 -6 -19 9 26 9 6 4
20 -7 -21 -40 2 11 -7 -12 1 8 -1 -48 -15 41 -6 -6
-12 13 -20 10 8 13 -26 14 -11 14 21 -3 4 31 23 -15
-34 4 -8 -37 37 -22 36 18 -14 4 -6 22 10 -29 -29 -12
13 -12 -4 0 4 53 16 31 31 32 28 2 3 -31 5 1
13 13 9 22 4 30 6 14 -11 18 -2 -3 11 -12 -18 18
39 11 19 6 48 20 19 -1 23 28 30 -3 22 -5 -3 0
12 -25 -28 -8 -18 7 -2 -12 3 9 -20 -36 0 -11 4 -4
-36 21 18 -31 4 -34 8 3 -1 -22 20 -16 -22 -5 -30 -25
-47 -8 2 22 -12 -53 6 -10 3 26 -20 35 18 -19 -36 -7
-14 -10 10 2 -46 10 3 14 13 -2 18 11 14 -13 16 -7
0 27 26 27 22 21 5 22 26 12 -3 22 12 -19 16 18
16 -17 -39 -6 -20 -2 22 -21 5 -9 14 -24 6 -44 15 4
25 -15 -21 -14 14 15 32 17 53 3 13 24 37 4 27 10
-22 17 12 -18 11 -33 -13 5 -20 -23 -30 0 -13 -18 -10 -4
3 12 -5 3 32 3 12 -12 7 9 -25 18 42 12 -10 35
-9 12 6 -7 -16 -8 9 1 -4 10 4 -26 6 -33 17 -17
21 -5 47 -4 26 30 -31 38 -16 20 10 38 -25 4 -18 28
2 -10 40 0 3 33 -2 8 35 -3 3 18 16 13 7 -8
7 -14 -14 -25 -37 -1 -10 -22 -12 18 -16 5 -4 -8 1 1
-31 -8 -15 -14 -26 14 -4 -3 -8 -17 19 1 -16 54 10 -4
49 -12 23 -4 5 -14 -5 30 -11 -7 -8 41 -47 19 10 2
2 7 -12 -27 2 -3 -25 -7 -13 7 1 6 14 -61 -30 6
-32 -34 -14 -10 -41 -37 -31 -28 -12 5 -9 -28 -24 -22 -29 -42
14 -14 -9 5 12 2 26 -5 35 9 16 31 -23 15 41 12
-31 -36 -2 -19 -17 -5 -36 -2 -20 20 -30 -11 -4 -12 14 -57
-13 -25 2 4 -13 13 2 8 0 -8 -7 -35 -39 -5 -14 12
25 -5 0 5 12 -11 42 37 -33 2 -9 15 -27 -28 19 -1
2 1 7 -43 -15 -9 -24 13 45 0 3 20 7 2 17 -14
11 -7 5 13 9 -1 -1 -7 -22 -12 8 4 0 -16 37 -23
-6 -13 -45 -21 0 20 38 -34 7 -12 16 -14 -16 24 10 4
30 27 6 5 40 21 54 18 -23 27 -9 -10 25 21 -7 6
3 -2 23 16 -15 -20 -13 -1 27 1 7 -5 -15 38 18 16
-14 -14 -27 5 25 -19 -18 -57 -20 -25 -12 24 3 -10 -8 -19
29 8 -2 10 -2 -17 -2 -10 7 -5 41 11 23 49 23 2
13 25 42 21 7 -18 16 13 -4 6 32 11 32 14 -3 -7
-21 0 -26 -9 33 -2 -6 10 13 -6 25 22 11 15 13 36
-42 -26 -15 6 17 -38 -12 -4 24 -22 8 0 15 -6 -20 -48
12 -2 3 -30 11 18 1 -36 -20 20 -5 -14 14 2 -35 -7
-1 -15 -8 12 -7 0 0 2 -9 7 -18 -8 -42 7 -11 16
-14 -15 -5 20 -22 -8 4 10 -5 -13 14 -17 12 -9 21 23
27 -33 8 -22 3 -3 1 -7 13 11 -5 3 7 -26 -5 -17
16 -11 -31 6 -24 4 17 -40 37 -12 -4 -20 3 14 -2 6
14 -8 -2 -28 3 4 -23 -12 -35 9 -4 4 -20 -31 3 -22
3 -4 -25 8 26 -4 -20 -29 -23 29 0 -19 12 35 -21 -13
25 38 13 -28 -20 1 -33 0 -17 9 -7 -29 -13 12 -17 35
12 -7 -2 -37 -32 18 -16 -19 -12 -27 -7 -20 -14 3 -39 26
-11 -2 -6 -12 2 -39 -28 -20 -23 -7 29 -35 6 7 -7 -19
22 25 -6 -14 40 7 6 -1 -1 15 -17 15 0 2 -17 6
53 37 6 -6 24 -22 4 8 13 13 12 38 17 24 1 12
7 2 24 21 5 28 -26 -1 2 -8 -17 -4 13 -7 45 24
1 19 -27 8 -2 34 -23 -29 4 23 -16 -19 4 1 -11 -9
36 14 -17 -28 -20 -9 41 -22 -19 12 -9 -12 39 -14 4 -20
15 -25 -28 15 12 -11 20 17 -15 15 -8 17 18 -3 -7 -43
-5 -31 15 -33 17 7 -13 -38 -32 -28 -30 9 -19 2 -1 -17
9 -16 1 -16 -1 11 20 40 0 2 -7 13 -15 22 7 -14
22 4 -2 -43 -8 -3 7 -7 8 1 15 1 -35 -19 6 -22
15 -16 11 10 -14 -17 -11 16 1 -5 30 -13 17 13 -23 21
1 -21 -18 -45 2 -10 -6 -11 -13 19 -2 -33 -15 -35 -10 -44
8 57 5 -5 25 2 25 18 4 4 22 20 38 11 -15 10
22 9 -18 11 11 -4 5 25 10 13 9 24 15 9 -16 23
37 -3 -2 -21 9 -4 3 -11 -29 12 -16 -8 18 0 40 -24
-1 44 21 11 1 8 -29 58 -28 23 27 14 20 -8 -9 24
