21 -3 -4 -12 15 -45 -20 18 -16 -21 -8 1 4 -10 -43 -14
19 13 47 6 -43 -6 24 -11 -32 -25 -6 11 8 12 13 27
25 27 26 14 36 -12 -6 -20 -8 -34 45 -27 23 12 -26 8
41 18 65 16 -24 11 12 -40 -21 -2 22 -9 6 16 -1 13
-1 -24 10 -3 -13 -45 1 11 23 7 -17 17 -4 -5 -37 25
6 -24 32 -3 4 10 -5 30 5 -31 8 -16 -17 11 8 17
-27 10 -38 -2 -37 12 26 49 0 -43 23 -28 -10 11 10 4
-14 5 -10 28 17 -37 5 0 -7 -3 -11 0 12 5 -17 -7
45 12 39 -7 2 4 -28 -27 -9 -31 19 -16 11 9 -7 -5
-3 -2 -31 -1 27 -18 -16 -20 9 12 -17 -1 -9 -5 16 25
-5 -11 13 -17 20 -32 14 13 21 -1 -9 10 -4 -32 23 -2
-31 2 10 0 -38 15 -11 26 8 21 -9 -11 -22 -6 -7 -12
50 -28 34 -1 -27 -26 22 -16 15 5 -7 -15 -20 27 42 -1
25 -46 -8 8 27 3 -21 24 -12 2 -13 2 -11 27 30 1
-5 45 -65 32 -4 -5 -10 11 19 -1 0 10 1 -4 14 -19
-1 -26 0 -33 1 6 -3 -15 -11 -3 -28 -15 14 -14 -3 -23
-8 2 -5 32 -2 7 6 2 -4 11 -38 17 0 -39 -2 -6
-23 -5 22 32 -4 -14 10 7 -9 -28 -4 -18 -9 -31 -9 -9
7 19 25 -18 -15 -1 -21 21 -32 11 -9 -4 13 8 6 20
8 1 -9 0 -12 13 35 -8 -15 21 -1 24 -33 -15 -33 -31
-1 -18 -14 -47 12 -2 11 -18 -16 4 5 -19 -5 6 40 5
-10 15 20 -19 0 2 2 -20 -20 11 -24 -9 -14 11 -20 -16
-51 -12 26 -22 12 18 -3 21 -1 10 32 1 2 -13 1 -24
2 -28 -6 -10 43 23 25 27 -39 2 -30 -4 4 -3 6 13
1 -12 -30 -38 -26 -33 -29 -3 32 7 -14 14 -8 9 20 -6
-27 9 25 0 12 -6 -21 -16 -15 16 4 12 12 -9 -2 -10
23 -31 -16 -28 -10 -15 -8 -23 25 3 -5 0 -7 7 -13 6
-40 -29 -3 5 -9 -17 -17 16 -3 -6 8 30 3 -25 -31 -3
18 -18 18 1 41 2 -22 -32 -22 22 15 17 -21 6 -3 0
4 6 -3 -13 -34 2 -27 20 1 24 -13 -21 21 -32 4 22
14 24 -4 4 4 -26 -23 -27 -17 -2 -24 23 -35 6 -9 -2
-10 -7 -6 15 -4 -17 22 15 -50 -30 -11 -25 26 -22 -4 -15
-31 15 9 17 17 20 -23 -6 -5 -3 -5 3 27 17 -30 -11
-4 35 -14 20 6 -12 2 11 -5 -9 27 13 -24 -33 -24 0
8 7 18 11 -24 -3 -8 -32 2 11 28 -30 20 -9 28 -4
31 23 37 -3 2 7 -3 -15 14 2 5 -17 -3 -21 -5 4
-21 30 -19 56 25 13 -7 25 -12 1 16 -8 0 2 12 -23
6 -9 1 -39 3 10 -6 3 18 -12 11 16 -14 3 13 -16
13 -3 17 27 5 -37 -22 -16 -26 -18 -30 -2 -40 -3 -22 14
-21 27 -4 -21 0 3 -11 -19 14 -28 14 -26 0 -19 -19 -42
18 -41 46 39 8 20 -17 -14 -52 20 -2 6 -18 22 17 17
-22 13 26 29 -29 7 45 19 12 -10 39 0 -16 -13 9 20
-7 34 -22 21 39 23 18 11 -9 9 -10 8 -17 -2 -10 -10
0 22 -5 -15 -24 11 -17 -20 -3 6 6 -8 -20 15 10 2
-5 -10 6 26 35 -12 -9 -20 26 13 -42 1 -4 -8 27 -2
4 -22 -12 -17 -18 35 26 -38 7 38 -6 29 22 30 28 27
-11 -1 -18 16 -9 18 -30 3 -15 11 10 -9 -13 25 -2 -9
-18 -11 19 22 -9 1 -32 -8 -32 18 -1 -7 25 12 13 10
24 2 -5 11 -4 17 10 -47 -28 23 -28 8 8 -27 -13 0
10 11 -4 14 3 8 16 -28 18 32 -18 17 1 54 8 30
25 4 -14 36 36 -1 -6 -7 -3 8 0 -12 3 4 26 -1
2 7 -3 20 -22 -7 26 -7 16 15 21 3 -18 27 14 -5
-8 -14 34 6 -10 -15 -1 -22 7 6 -37 -7 33 17 -19 -24
-6 -4 -19 2 36 25 -15 16 24 -5 35 -3 -15 -13 -21 -20
16 -35 46 42 1 -11 -6 -8 11 -34 18 -5 23 -19 18 -3
-14 1 -10 -8 -19 -1 -9 -25 0 14 12 -20 -19 6 -6 -25
14 28 -12 36 3 17 17 10 17 8 21 18 -27 -18 -12 4
-11 -28 -14 25 -1 -12 -50 -46 44 20 -37 13 15 11 -12 -16
6 -22 -36 -8 -8 13 44 -18 -10 18 -32 16 -19 12 31 58
0 6 -7 12 24 19 -35 31 1 -27 -13 5 11 -6 -16 -6
3 2 0 21 -6 -25 20 3 3 -9 31 -8 -2 -18 -8 3
-25 21 -18 -10 -47 11 38 -1 27 -3 14 -6 6 4 4 36
2 -26 -8 -12 17 -2 4 23 1 -29 -30 -8 24 -24 0 48
-16 -26 -17 18 -30 5 -5 41 4 0 -15 8 -31 19 0 3
