-14 -10 -12 -18 17 -35 -11 -5 28 9 -2 -32 2 -20 4 -22
12 -16 -12 -2 38 2 -14 -23 -5 -23 -6 -28 -5 -2 -9 -29
31 -2 1 16 -16 6 6 22 8 30 11 8 11 -9 7 3
18 21 -19 7 19 9 56 11 21 8 8 -25 14 -5 -7 -4
-7 -8 -5 -28 0 -14 -36 -5 13 -10 -5 14 -39 6 2 28
25 -3 11 20 -37 -9 -10 -9 -11 -1 -7 0 3 -11 12 18
19 -7 16 24 -31 -13 -48 9 -6 -19 18 -10 -16 -23 13 -2
28 44 7 7 14 -17 18 -1 14 34 25 6 8 1 2 -5
3 -17 12 -16 -17 -37 -14 9 0 6 0 10 10 -6 28 -11
-1 12 5 -35 -2 10 2 -5 25 45 -14 -16 20 -12 -27 -21
-8 -12 5 -1 -15 7 -16 4 23 -5 -12 -7 -2 24 9 13
-17 -28 1 -32 -1 -19 18 -37 7 -19 -26 10 12 -15 6 0
21 9 26 3 6 25 17 56 1 -4 1 -28 -7 -14 12 11
-8 -12 18 -5 2 -9 10 8 19 25 4 23 18 1 16 0
-3 -20 2 0 18 38 -12 -2 3 3 -21 6 -29 -10 9 1
-8 -6 19 0 -25 -24 7 1 12 0 15 19 -16 -13 -15 -35
-13 27 5 -1 24 -2 -6 3 11 26 31 19 -25 1 -9 23
-6 14 7 -7 -13 -10 -3 33 -12 -15 -15 14 -26 -14 14 -25
17 -2 -3 34 21 5 40 -14 5 16 24 12 9 -4 -3 7
4 24 -8 30 4 3 7 9 -2 5 -17 -16 -17 7 12 33
15 25 4 8 -22 8 -32 -5 -1 12 31 -3 35 -34 15 28
-5 7 21 3 32 -3 -9 17 22 -17 2 -8 53 29 -6 19
2 -41 -11 27 -3 3 23 -6 15 9 33 12 18 -3 20 -15
0 25 5 -42 -4 7 20 -10 -1 -13 20 9 -10 -13 -4 -6
-6 4 17 -34 -18 -14 -2 -27 -27 -7 0 -20 4 -17 11 -8
-3 23 -8 -12 -19 12 -4 5 -39 -6 -34 -2 -8 -3 -18 -16
11 -19 7 10 24 4 19 -15 21 8 6 -18 9 -5 -1 -8
-7 -22 -1 0 -40 -20 11 -9 -29 -23 -26 12 -24 -19 25 7
-31 -18 11 -5 11 10 -11 8 -9 10 -12 58 28 -18 3 27
4 7 -29 -39 -15 30 4 -23 23 12 8 -6 -3 6 10 -20
20 -29 -13 8 30 -9 13 15 -3 -11 -7 3 16 6 -1 14
-23 7 23 -35 8 8 -42 -1 0 25 5 5 -18 -32 -4 -7
3 14 10 27 -9 -6 12 -1 0 10 11 12 5 45 26 26
21 0 -2 11 -1 11 -16 7 -5 8 -10 -14 -9 8 -30 4
-12 -10 -34 -5 0 -26 17 -27 -11 -19 39 2 -9 6 1 -48
-5 5 -22 13 14 13 33 10 35 31 31 14 5 45 -25 2
-5 14 12 -12 -5 0 2 -9 5 13 -10 14 -8 19 -5 18
-5 24 21 11 -12 13 -9 13 -8 10 -25 0 -9 2 -1 -7
-11 -20 -24 -7 35 -20 34 -9 25 2 6 10 -9 -5 23 -16
0 -8 -45 1 -57 -2 -33 -3 -14 21 -13 -4 -3 0 -12 12
-17 -6 -15 36 25 -17 15 4 0 -19 6 14 21 41 27 13
-18 -15 17 22 6 14 23 -6 -36 -12 -4 30 19 24 -3 25
11 -3 29 -13 16 2 -19 4 -11 -8 -25 8 15 15 -30 -8
-3 7 -26 7 -22 3 3 -24 14 -14 -28 -33 23 -1 -16 8
-15 4 -10 -18 -2 36 -20 4 -21 -6 -21 -16 -5 -18 6 8
11 -10 -17 4 -38 0 -4 -43 11 24 8 -14 0 7 7 5
-5 -23 -10 3 16 -21 -10 -1 -1 -13 -8 13 9 7 9 -10
-15 -5 -12 -21 -38 -3 -2 -6 4 -1 0 5 -11 11 -4 -17
11 23 -32 -16 4 12 49 -11 -3 -1 3 -6 2 -12 30 -41
35 29 2 32 12 14 -11 23 14 -10 -3 24 -15 13 -29 -12
-1 54 -26 -10 10 9 -20 14 5 20 17 10 -38 -19 1 11
-7 -23 21 -13 7 20 -1 1 16 16 4 34 -23 -5 -12 -7
10 -8 16 16 -2 3 6 -19 -12 -17 34 -37 -8 15 12 10
8 -1 -5 25 -8 5 -6 1 -16 13 -13 20 -15 -10 -15 22
-13 -21 -23 1 -4 -6 -4 -8 11 5 6 30 -18 -5 43 1
24 -4 15 5 -9 -27 -40 -16 -6 -12 -3 -2 22 -22 -1 -22
-34 -22 33 -21 13 20 -16 24 -31 -5 -3 -1 -19 6 28 8
13 12 -32 -11 2 9 -36 19 -7 -3 -24 -4 -37 -18 4 -4
-15 7 -23 -1 -12 37 10 1 15 -4 -35 17 4 40 16 -13
9 1 8 4 1 -13 4 -22 15 30 2 -11 41 7 -18 -1
11 -1 7 7 21 -10 7 8 8 -11 -3 17 -17 6 36 18
-12 -8 2 -1 11 16 13 3 -11 -5 -32 7 -25 -4 1 -6
8 -42 -18 2 -25 17 -40 11 -16 3 7 36 -16 0 30 1
-3 -19 32 8 -5 11 39 10 2 22 11 -4 -1 -10 -37 31
