-15 -25 -22 -25 -32 -39 -32 -14 9 -10 -25 -42 -14 -5 -28 -8
-6 29 -5 7 -3 17 -14 3 -7 5 19 1 -5 13 22 0
21 -10 19 -10 23 22 12 37 31 1 -31 10 23 17 -17 18
18 8 22 -8 25 4 -6 29 58 -18 6 14 -2 6 14 4
-34 6 -3 3 -27 -9 -26 0 -53 -16 18 -30 0 2 -25 -17
17 -6 23 19 16 -4 12 9 -7 8 29 29 13 16 14 26
10 13 8 28 -30 24 25 9 4 -2 22 13 11 -6 7 8
8 28 19 9 6 -14 19 27 45 12 18 33 52 14 2 -1
13 -29 -39 -13 12 -6 -1 -3 -26 8 -5 -18 -16 3 -20 -2
-28 54 -14 -31 -4 -34 17 0 21 -38 -5 -16 14 -39 -26 -41
-45 9 -11 -29 -33 18 -21 -5 -11 -11 10 -5 1 -15 -7 6
13 14 -5 2 -10 4 -26 -1 -37 7 3 -42 -10 7 6 3
28 32 -15 3 31 11 49 25 15 25 46 61 25 13 34 47
25 -22 26 -11 -14 16 5 -22 15 20 15 -14 -7 8 -17 14
5 27 12 29 30 50 7 1 -11 22 -12 11 2 -5 -6 2
-31 16 -4 -27 -27 -24 -27 -13 -39 11 3 -66 -10 3 -1 11
16 5 13 42 -22 -10 1 7 16 14 -24 16 8 6 -13 15
-3 10 11 -18 -13 17 6 0 -29 11 34 -11 -12 5 -7 26
45 -8 28 33 5 -11 11 25 -2 23 5 -2 3 27 24 26
17 0 20 37 -17 26 -5 7 29 -3 -5 30 9 25 13 19
-1 13 -5 11 -42 -35 6 -13 -27 -4 -14 -15 -2 20 -5 -19
16 9 31 -9 7 -9 -18 -2 33 15 18 -5 -2 -22 -28 -24
4 5 -11 20 -18 -15 11 31 1 19 2 -12 -3 34 25 4
-4 -11 -1 -21 -19 -2 -13 -8 -13 -4 -8 -19 6 -12 -8 5
-29 -23 -35 -43 -17 -7 -52 -31 -48 -37 9 -39 -40 -5 -43 -35
10 20 6 9 26 -10 0 29 -5 1 30 -6 24 13 1 6
-52 -10 -48 -33 -11 -34 -23 -29 -38 -46 -49 -15 -16 -22 -23 -40
-68 -24 -39 -25 -54 -21 -37 -35 -44 -5 -19 -38 -30 -6 -12 6
19 -31 -20 18 14 8 14 -7 17 16 -16 14 15 15 22 12
-29 10 -15 -24 -10 -25 -28 -6 -26 -12 -1 -40 -2 -5 -4 -8
26 14 -34 4 20 17 25 1 -5 -11 -3 12 25 -6 -25 24
3 0 -6 -6 -7 -15 3 -4 1 -8 -28 -6 -16 -2 3 12
6 14 15 28 23 -5 13 22 22 9 19 -2 -16 30 -9 1
-11 -19 16 13 6 -5 -4 -16 14 1 -6 34 -10 22 -6 2
-17 -31 -14 -58 -11 -14 -7 -15 -32 -10 -12 -32 -23 -41 -39 -18
37 6 23 13 40 26 9 10 27 15 7 24 17 21 3 -5
9 13 10 18 41 -1 5 8 6 7 5 9 -6 12 8 15
5 13 38 11 30 10 11 -1 -6 58 33 10 6 5 39 22
-16 23 -24 -11 -13 -5 -19 -5 7 -10 -13 -10 -12 -16 -19 -8
-9 -9 21 -2 -11 0 15 3 -12 9 8 -5 -4 -7 -8 -16
15 -13 3 19 -15 3 10 10 23 25 1 7 -12 -10 -10 14
14 -14 -14 39 -20 -3 -12 -14 12 -9 -26 -2 -3 -1 10 5
15 24 6 18 23 12 4 -1 8 4 25 -4 -1 11 -15 20
-3 -10 -6 9 1 -8 2 -27 -5 1 -10 19 -6 -7 6 -2
5 -16 -35 14 -15 -18 -4 -25 -11 -8 -16 -10 9 -7 -31 3
-31 6 -22 -11 43 6 9 -1 -25 12 11 2 -10 -13 -10 0
5 2 -10 -1 -20 8 31 12 -10 18 -12 13 -14 7 34 -5
-19 -13 -19 -14 -38 -14 -5 -5 -34 10 -19 -30 -15 -4 -2 2
-6 15 -36 -34 19 -31 -7 -16 13 -20 0 -16 -20 2 -14 -15
-3 -2 21 9 30 -3 15 37 -10 -6 -2 15 -3 -33 -5 -1
36 4 18 9 8 5 -14 24 34 -20 1 10 9 35 -1 21
20 -11 3 2 23 -7 10 -12 -11 10 -4 4 10 4 25 3
-17 -6 14 -27 -1 -18 -7 2 -21 4 15 -20 -9 2 -17 9
-19 -20 -19 9 -40 14 -21 6 -13 -15 -28 -9 3 7 14 -20
9 -34 -8 1 12 -3 -12 2 -13 8 -5 -21 -27 13 1 22
-9 6 13 -24 -10 -44 20 9 -47 -6 -5 -31 1 -22 -2 -2
12 -32 7 11 9 0 -32 -16 20 -6 -27 -48 18 -7 14 -19
-15 -33 -22 -35 -12 -24 -3 -13 -20 -31 -26 -7 4 -12 -5 2
14 -10 -6 7 -34 34 7 2 15 23 4 18 18 33 8 29
-23 -11 -8 -9 1 -21 -27 -8 10 -4 -14 -11 -13 -6 -13 -2
13 29 -4 -8 28 5 16 -1 13 29 12 33 17 -14 27 0
-2 -3 -8 21 4 3 -16 -7 -13 -7 16 11 17 -3 25 -1
0 -8 -3 -2 -27 -5 23 -15 -18 15 -15 -10 16 3 -47 -11
22 7 14 45 -20 4 -4 6 18 9 6 5 36 -3 45 12
