8 -5 -18 -20 -13 1 0 -17 -25 -5 8 -4 27 9 -8 7
-11 -5 -10 2 8 3 -7 -11 -37 -1 -6 -19 23 -5 -3 3
-19 11 14 -16 -7 -14 12 6 4 -1 -9 -8 4 -10 -7 13
-21 11 0 4 0 29 -3 10 20 0 5 8 4 -3 13 6
9 -15 11 10 -18 -11 3 -21 -8 5 -3 -3 1 -7 -5 -25
14 8 -13 14 -11 -13 0 -2 -16 -6 -1 -2 15 -6 -6 3
7 7 -3 5 21 -14 24 -4 -2 -2 -19 -15 15 8 -2 8
15 -3 3 -4 -2 -19 6 10 17 -3 -10 -4 -8 -18 -6 -1
2 24 -6 14 -9 5 -17 -4 0 -12 -10 12 12 31 2 3
-6 -14 -18 -12 4 15 3 -12 -24 -5 20 24 -6 1 9 -8
-15 6 30 -24 16 1 5 -29 8 19 9 5 -2 15 2 4
2 12 -4 17 3 -2 -5 -9 -19 1 9 9 -3 -10 -22 4
7 10 -8 26 -18 20 7 14 4 14 14 -4 14 19 10 1
19 -2 11 11 -7 10 -7 2 10 -10 -6 33 -6 -3 -10 -14
13 9 10 7 7 -14 11 -11 17 -7 -7 6 -30 -7 -8 14
-9 14 -13 13 8 4 1 2 -16 1 -5 20 3 12 7 -10
20 -15 -1 -7 7 11 8 -16 17 0 10 13 3 3 -16 13
14 10 14 4 -3 -32 8 -9 -19 13 1 -15 -10 -13 0 -14
-1 3 -8 14 -14 14 14 43 3 26 -16 -14 19 1 21 3
-5 -14 -5 -19 -4 10 -11 20 -6 11 14 -4 2 7 6 14
-3 -26 -11 13 12 -2 -11 -5 -15 -8 -12 16 3 7 1 -1
-9 -19 3 -12 15 5 1 16 16 29 28 20 10 -17 9 -20
-3 6 0 -3 7 -16 -1 18 19 1 0 2 14 11 0 1
-7 7 -4 -9 11 -1 6 4 -10 -12 -7 7 -26 -12 -25 5
-2 7 11 11 -5 6 -6 -7 -15 -5 0 -18 -3 -3 4 3
-12 28 -18 4 -19 -4 1 -2 -15 6 4 -12 -13 -9 -7 10
1 -11 14 -8 -24 10 3 20 4 10 10 4 -38 -1 -3 5
14 14 9 -14 -13 -8 -15 -28 -9 -20 5 -7 6 -5 -5 19
-4 15 5 -2 -29 -6 -9 -9 10 -13 14 12 26 6 12 10
-11 3 -10 2 -18 15 -1 20 -2 23 2 29 -23 7 -1 3
17 0 -3 1 -10 11 8 -22 22 14 9 -9 19 2 -2 16
5 -17 -24 -16 -4 -7 -5 -16 -33 9 9 2 -3 20 -11 -8
15 -10 18 1 7 -7 9 6 36 1 2 3 0 20 -14 2
21 13 -15 8 -13 3 -13 10 -16 14 -4 12 8 6 7 3
-26 23 11 -5 3 12 5 -14 -7 7 1 -13 5 -10 4 -7
13 -2 6 -2 -24 29 4 15 17 5 -16 -9 15 -12 7 11
3 -9 1 19 -9 -2 2 -11 8 3 -1 2 -9 -10 9 -18
-3 -22 -7 -6 10 14 -2 8 -31 26 22 15 0 8 20 -16
-20 -17 4 -5 -23 3 16 -1 -5 9 0 2 -3 -2 3 3
-6 -2 -7 -7 1 -11 -20 -16 -12 -6 -16 15 -8 13 2 -13
-1 11 -8 2 5 -6 -8 -12 -4 6 -7 2 10 9 -5 4
5 -12 4 -9 11 1 -16 1 1 -21 17 0 10 14 14 5
-6 8 4 10 16 -9 6 -22 2 -11 20 -3 -7 -1 -12 -4
20 -11 -4 -2 -15 31 3 -17 -1 0 -10 15 -10 -9 -11 -6
-3 -25 2 -9 -4 0 -9 -17 -7 9 1 13 -30 6 13 29
1 -14 -5 -16 -18 8 -6 2 11 20 -3 -2 -12 -7 19 -34
1 7 8 -20 -8 -1 -7 16 11 7 -3 -17 7 5 5 2
-10 -5 7 4 10 5 18 1 -37 27 -4 10 14 7 -1 -8
-16 -22 -5 -11 0 21 12 -7 -28 -7 22 4 1 -4 0 0
-14 15 6 11 5 4 -9 29 18 7 -11 1 -6 0 20 -5
2 -4 -8 0 0 -6 -8 8 1 -1 9 -12 -16 -1 -7 7
5 17 3 21 -20 3 -8 3 8 -17 12 -2 -2 -7 -11 11
9 -8 13 -16 0 -29 10 -14 -1 18 -7 -11 -17 -7 5 -29
9 8 5 16 11 -14 -15 14 0 9 4 18 2 22 8 -9
7 -21 -5 15 -3 4 -7 -4 -9 -14 8 14 -6 17 0 -26
1 26 -22 3 -19 -8 -6 -17 8 6 17 -6 -9 -1 -17 -5
-1 -7 5 -35 -3 2 -1 13 7 6 9 -4 6 6 12 12
7 -6 1 -16 -13 -20 -24 -9 6 2 -15 4 -10 0 -6 -1
3 -39 12 -2 12 9 2 27 -17 27 -14 9 15 2 29 1
12 -1 6 -14 -11 -6 -7 10 8 5 9 16 -18 -10 -1 7
8 5 18 15 -17 -8 6 9 0 -20 -10 -4 -4 -9 -14 -4
-1 -6 19 14 -26 16 14 17 -3 6 2 -19 -35 -11 -3 23
10 -15 6 12 0 -10 0 -5 -6 9 3 19 2 18 -1 -25
11 1 -3 12 22 1 -18 20 27 0 -9 10 -6 6 -8 33
