-5 -17 0 -12 17 7 -30 -14 -5 -16 -13 -11 -4 -24 -37 -17
-6 -25 8 50 -20 21 -25 22 -1 6 8 -2 0 29 -5 44
34 -43 27 12 -3 2 -17 18 -43 -17 10 16 -7 16 -6 7
-11 9 10 26 -5 15 1 5 1 -9 10 26 -13 15 1 42
-23 33 -12 -53 -19 2 34 18 11 -11 -1 -23 -13 10 4 22
22 16 44 -15 5 10 7 19 -5 31 11 -14 19 23 -9 20
19 -20 4 5 5 25 3 -17 8 42 10 26 43 22 -4 -3
22 29 10 14 26 50 -14 -16 -52 37 25 13 15 26 14 10
-9 23 -3 25 1 -23 -1 6 31 -12 -9 -4 27 3 -8 10
15 -11 11 -46 -8 1 10 2 -15 75 -7 1 -11 -9 -7 -20
18 40 -2 -26 21 -34 -22 -7 -11 -9 12 -27 -1 -21 17 -1
12 -22 -3 -17 12 6 -15 -9 -1 -30 -11 -1 21 20 22 13
11 7 6 40 14 -7 7 18 28 13 -3 16 -12 -34 22 10
-1 16 19 31 -13 -3 -9 -14 -10 17 -20 28 -6 9 -12 -10
28 -2 21 2 37 22 -10 21 1 24 -3 16 3 16 12 17
13 -17 -22 -24 8 -10 -1 -24 28 0 22 -16 -4 12 -43 -33
-7 -3 -7 14 3 -10 6 27 12 34 17 -5 -4 -8 3 10
-4 -3 15 -28 13 -9 -12 -18 -14 -5 -12 1 -5 -4 16 1
26 -10 3 1 30 28 13 -9 -28 8 37 19 -4 -1 -19 21
8 -1 30 35 -25 -3 1 -13 -31 -5 18 15 -10 -6 11 33
-16 -21 21 -24 -26 -13 -12 -2 -12 48 -30 -18 -23 7 15 -34
4 -12 23 -2 -2 1 -9 0 -30 -36 7 -5 1 13 24 17
36 -7 10 -30 18 16 -14 -2 2 28 16 1 -24 13 41 -28
11 -3 -20 -30 -8 8 -14 12 -21 -5 -21 5 -4 -4 -5 2
-27 -17 -8 8 -19 -12 -19 2 3 -23 -43 -24 -31 2 11 26
-10 7 15 0 12 -9 -36 29 -7 -11 -2 -5 -10 19 4 -12
22 -21 -18 1 -26 3 17 3 -23 7 19 -8 -30 -9 -19 3
9 14 -20 -20 1 3 -12 5 1 -4 -8 -27 9 1 10 -17
5 -10 6 31 32 -20 18 28 29 -5 38 -10 14 6 13 -9
-6 -1 -14 -39 2 -21 7 -2 -20 8 -18 -13 -9 -27 -23 0
-22 6 23 22 13 -26 -9 -3 4 20 -3 -9 5 -11 -19 -7
4 2 29 8 -6 -21 -25 -15 24 -5 -18 12 6 12 28 12
31 13 -3 5 -24 -2 20 2 34 29 -11 5 4 13 28 -31
2 -24 29 25 36 16 -35 -1 -14 7 25 14 35 -4 -16 4
-24 8 -6 -13 -28 -14 8 -25 -2 -23 -20 -1 -6 -30 -31 -1
12 11 22 31 2 -3 16 17 17 -15 -5 -10 -26 -18 0 8
14 36 -7 -43 9 2 16 15 -5 10 -26 -14 8 -12 -9 -15
11 -2 9 12 24 4 10 3 -28 -13 41 -11 -2 -4 8 13
-17 18 7 15 20 5 2 -8 -10 -3 4 14 -29 -12 -11 15
-14 -10 14 2 -11 -12 17 33 10 -1 20 4 -1 -28 6 0
2 19 24 11 14 -1 -20 1 21 13 10 -2 4 9 -9 -4
-6 -2 -18 7 -10 -30 14 9 10 5 -11 25 3 -7 17 -12
-9 -12 25 -8 41 -14 8 9 15 16 3 -3 3 -5 21 2
3 17 6 11 -32 -10 15 1 -10 -11 -17 -1 -6 -17 -27 -21
19 24 8 11 -16 0 -11 -18 -8 23 -5 16 -15 -43 -19 -38
-10 1 -10 -11 0 25 -22 -46 0 9 3 -2 19 -7 15 0
-6 -26 -9 3 18 15 -9 3 16 -4 11 8 4 3 -6 14
4 -21 -29 -33 -32 3 0 -12 0 -10 12 16 39 -11 10 -22
-6 -6 -6 -1 2 15 18 -15 15 4 -24 -11 -5 -38 2 -12
-12 30 -8 15 19 8 14 33 5 9 23 10 13 16 -5 13
-28 2 1 15 29 15 -23 7 -10 6 -31 -7 -3 -20 -3 16
-28 6 14 9 22 -21 25 22 39 -1 9 17 -10 -35 12 -14
-3 13 29 -23 -10 -18 -29 -21 11 -21 -15 -34 -21 -12 10 -5
20 1 -13 -18 -25 9 4 -6 -5 2 20 -23 6 37 -40 -4
0 46 4 -11 10 3 24 19 20 33 -12 -7 -4 -5 24 16
-6 -21 26 -13 6 1 -27 15 -19 24 8 8 -27 19 -16 -9
26 -9 -23 -14 6 14 4 -20 -16 -19 8 33 33 17 -11 4
2 -5 7 -10 -19 -17 -18 -8 -5 -18 -35 -25 -3 -18 13 -21
26 5 2 -7 11 36 8 -25 27 2 3 25 -9 -36 11 -5
-10 -10 20 10 2 12 -1 -30 -46 13 2 -15 -18 3 -3 2
11 19 25 -15 6 5 21 40 -14 11 -8 -16 20 -6 1 6
-11 1 -39 -6 -7 15 25 20 11 -32 2 13 22 -11 -25 -7
4 13 15 -40 4 -4 -8 14 7 40 10 -10 4 -38 9 -8
13 -22 2 19 -36 1 -23 12 28 16 -24 24 -3 10 2 -1
