-29 13 -11 11 -16 -43 -6 1 -23 -21 -11 -4 12 -16 -4 -20
19 -31 16 24 15 -25 -3 17 6 -27 19 5 5 37 -14 -10
-30 -3 8 7 -9 -5 -2 -14 14 9 31 11 32 12 2 8
-15 3 36 -14 21 7 8 -10 21 -7 30 14 14 2 15 11
8 -11 7 -33 -29 22 0 -4 -17 14 -27 -17 6 -21 -5 1
25 -5 13 24 22 45 7 9 29 23 16 -1 3 38 8 6
-15 18 17 16 -8 4 12 21 27 18 12 4 23 34 28 18
-1 26 15 35 3 22 26 29 23 33 29 24 23 26 23 -8
8 -18 8 -14 -4 -8 -4 -20 -12 5 -12 -16 -32 -9 8 -36
-16 -8 -7 23 -19 -14 -3 -2 3 -22 0 11 -6 -19 -5 -16
7 1 -6 -23 -4 4 24 -6 -7 7 -6 -6 -9 -10 3 -17
0 15 -8 -17 7 -20 -11 -9 -16 -23 -30 0 -41 -20 -30 -12
29 -2 18 45 49 50 3 -4 26 22 37 19 31 28 38 14
-1 30 7 15 11 2 9 9 -12 32 2 -7 18 -20 26 -23
-19 22 9 9 0 47 4 14 -31 13 -2 28 20 19 2 -13
-17 -3 -6 -26 -34 -14 -31 -1 19 0 -17 5 -34 -3 -3 -1
7 15 16 3 8 -5 22 22 15 7 11 18 -12 12 21 11
-3 -30 -20 -10 8 18 1 -2 -33 -34 13 7 -16 -11 -20 -27
-8 -17 11 1 37 36 32 -4 27 46 18 29 9 51 24 29
20 -14 42 41 53 17 30 19 0 10 17 3 40 33 12 5
-9 -25 -7 -23 -7 17 -15 -24 2 9 -21 -10 -40 -10 -13 -12
39 -3 34 -12 28 -20 42 -12 13 -8 30 12 28 -49 -14 -15
-11 -21 21 18 24 9 20 -4 -2 2 -9 14 -21 18 -12 10
-11 -4 -44 9 -14 2 0 -9 -5 19 -20 -26 -12 24 -25 -10
-2 -32 -21 -47 -11 -8 -30 -26 -17 -29 -7 -47 -46 -37 -24 -10
25 -3 8 18 22 18 13 21 1 0 20 -16 -16 20 -1 -22
-22 -38 -13 2 -3 -14 3 -46 -16 -33 -20 -6 -1 -37 -8 -12
-27 -31 -27 -4 -4 -2 -13 -45 -21 -19 -10 4 -7 -35 -37 4
38 34 3 3 28 -1 -2 -14 9 24 -19 23 6 -6 -16 11
10 -16 0 5 -12 -28 24 7 -15 -7 0 2 -7 -22 -1 -23
17 -10 6 22 36 31 4 17 22 -22 15 -2 12 11 8 11
-4 -18 10 -10 -11 -7 -4 19 -11 -10 -11 7 -32 -8 -18 -16
7 12 9 1 7 7 34 3 3 17 4 7 26 -1 3 -1
0 -19 2 2 13 -13 -2 12 15 -15 9 18 13 0 11 -3
-26 -46 -37 -44 -22 -17 -34 -3 -34 -41 12 -39 -14 -39 0 -11
33 16 33 0 21 5 30 0 -4 49 6 -8 24 -5 26 11
-1 9 13 -12 14 3 -18 31 -4 12 18 13 -15 -44 20 21
15 17 11 -3 4 2 19 -16 30 28 15 9 9 43 10 -3
1 -21 -20 -24 12 -8 33 -5 -26 -19 20 -5 4 -14 -13 -10
-1 17 3 -20 -1 -26 -38 -17 -6 -3 -22 -29 -22 -18 9 -19
-6 15 -9 18 9 -2 5 18 8 -6 39 -10 7 8 -18 7
-2 -8 0 -23 15 -12 -13 2 -6 -7 13 -19 -4 -18 15 36
10 -7 4 11 22 27 -9 -18 9 -16 -10 3 -9 27 -24 2
-13 43 -20 -4 -35 -24 -4 -17 -5 -9 -9 7 -2 -10 20 -11
1 1 0 -3 10 -35 14 -13 34 -8 -8 -8 0 -7 -21 -45
19 2 12 -24 -1 -2 5 7 21 -7 31 29 23 -21 -21 12
-10 -2 15 -1 2 -15 -3 -23 8 -24 10 -2 -8 -22 -13 3
-19 13 -7 19 -14 -13 -14 9 -9 -19 4 4 -18 -10 -8 8
-1 -4 -40 -11 -17 -51 -16 -4 -14 -43 15 -14 -16 -16 -31 -5
0 33 19 -7 -2 31 -4 10 27 31 18 18 7 12 21 26
11 -14 11 2 -17 -4 24 41 -16 -9 14 11 -13 18 -4 -2
2 1 1 4 19 10 2 -7 14 -7 30 20 9 -23 19 -10
-3 -15 -12 -11 -10 27 -17 2 16 3 -11 -15 -20 -33 -25 -13
-7 -20 7 -15 -21 13 3 -19 -16 -26 -27 4 -15 7 9 -6
3 9 -22 -28 11 18 -3 20 -11 -17 -10 -8 -16 -24 -15 -6
3 -35 -32 -32 -11 6 -14 -37 6 -28 -8 -17 -17 -1 -12 -38
35 -6 6 5 9 0 41 6 19 6 7 19 22 18 -10 -34
-10 -6 -10 8 -20 -20 -12 8 -40 -17 -57 2 -46 -12 -43 0
-4 43 -3 18 -5 -4 3 21 43 13 17 15 37 -6 0 12
-26 -18 -8 -6 -3 3 5 0 -16 2 -35 -3 -48 -17 4 -7
-18 -6 -4 10 -5 1 19 -4 -21 -6 -5 6 20 -3 -13 -4
13 5 -19 2 -20 -10 14 -34 19 9 -5 13 4 43 15 5
-3 -28 -34 -22 9 -7 -13 -14 -8 -19 -7 6 -13 7 -38 -22
-36 -7 4 11 14 31 7 7 50 18 8 9 -19 41 13 37
