-39 -27 -11 -16 0 -26 -28 -27 -21 -11 -54 -10 -13 -4 27 8
25 30 43 13 -42 -20 33 36 3 -24 24 48 -10 3 35 -33
33 41 13 22 17 16 43 47 30 9 -2 -5 -11 25 49 -24
19 2 1 27 27 51 39 11 9 22 41 -9 -9 59 27 19
6 1 -3 9 -1 1 -5 15 -11 -39 -2 19 -2 -47 25 -2
4 -12 8 39 19 19 1 13 19 14 11 5 0 31 21 7
4 18 53 -34 -7 -39 -6 -5 18 10 34 29 15 0 1 19
46 27 -18 -11 36 15 14 33 44 25 32 18 51 36 -9 -17
-16 -36 -24 -3 -15 29 19 -10 -16 -19 -48 1 5 -10 21 -49
-61 -30 9 -33 13 -35 -33 -15 -22 -26 -19 -37 -1 2 0 41
37 11 -22 18 -33 -45 28 -34 -7 -15 -18 30 11 -29 -25 -6
-49 -15 -37 -5 23 32 -25 -17 -14 -10 -21 -23 -1 36 -54 15
48 10 63 54 13 6 29 28 31 19 21 47 32 50 -16 11
9 1 -14 -41 26 38 -21 -29 -2 0 -20 -21 5 -16 10 9
-1 40 25 24 34 15 10 74 17 -22 27 4 70 -9 13 7
-36 -8 -37 -9 -34 0 -26 -1 -1 -3 -15 10 -71 -36 -36 29
26 18 37 3 3 -20 -13 17 -10 32 18 12 15 31 17 27
16 35 -17 6 -2 -10 -44 10 2 21 -2 9 -15 -13 -3 18
10 -2 19 39 16 53 28 44 14 50 52 11 -39 36 3 18
35 8 36 29 29 11 -5 8 39 17 5 41 1 65 -1 16
-36 -26 -10 -28 -26 -8 -24 0 -2 4 -14 -25 -5 11 -21 -38
8 33 44 -16 7 -29 7 -3 15 11 -24 -41 -41 35 13 21
24 -7 4 9 7 26 6 22 -22 31 17 26 11 45 -8 -15
-24 -32 -46 2 -22 -16 -15 -4 -6 -15 -12 16 -5 -8 -43 26
-48 -19 -8 -7 -47 -42 8 -43 -47 -1 -82 -30 16 -46 -21 -16
23 15 -16 27 14 0 8 -4 -1 3 7 43 4 16 18 -8
-13 -17 31 2 -51 -21 1 -19 -58 -15 -35 -21 -46 -15 17 -22
-20 1 -18 -15 29 -14 22 0 -10 -10 11 4 -12 22 -29 -51
27 -16 -18 -9 11 27 0 36 9 13 -25 -4 -31 29 11 20
-11 -3 -20 19 -11 -63 -18 -25 -62 -37 -24 -53 21 -14 -8 4
10 40 7 -19 -24 6 18 7 16 14 -7 28 1 -5 52 -14
9 -5 13 -11 21 -16 -56 5 -24 -21 1 23 -21 18 20 -26
15 31 41 -12 15 38 36 25 57 28 40 13 -24 5 -17 -22
-7 4 -7 49 -6 -10 20 29 -20 -2 10 15 -4 32 42 -12
-51 15 -15 -9 -45 -30 -33 -41 -22 10 -73 -40 1 -67 -42 17
5 25 -10 -5 1 1 22 -39 16 15 11 -27 25 11 35 58
22 20 -16 38 12 24 10 15 31 29 -3 11 32 0 17 21
27 36 17 24 9 0 12 -6 -4 62 3 13 7 -5 28 19
-8 1 -11 -17 -26 33 1 16 7 9 -23 13 21 -29 4 9
-35 -24 18 -6 25 -21 -43 -30 -19 12 5 -36 -3 -28 -15 -28
33 -29 -13 -34 -9 4 12 45 34 6 42 2 -18 45 15 -30
-27 10 -9 -5 -2 58 2 -26 14 0 17 3 8 8 -39 13
-16 -6 10 36 20 8 1 16 28 28 4 31 25 1 -14 -1
-23 46 3 -17 4 -20 -5 -36 34 18 -2 -38 -7 16 5 -25
-3 -18 5 -44 41 -29 -3 -44 -48 2 -42 -12 6 -13 -46 16
-24 22 -26 -46 -43 -14 21 24 -10 38 -25 -25 37 28 -3 -26
-20 -29 -4 -43 7 -37 -10 -4 -38 25 8 -35 13 10 -10 -29
-24 -38 -11 -50 -11 -59 -54 11 -23 -28 -3 -2 -45 -13 -19 -27
-40 -13 -25 -36 -4 -6 15 9 3 -12 -17 -8 -12 5 -8 1
-14 -6 -5 24 -11 18 38 -27 30 -13 10 -13 18 17 -33 6
24 -7 -19 24 3 -27 -36 -27 2 -8 20 -2 47 27 8 4
-34 16 7 -3 -6 9 30 28 2 -13 -13 3 -9 -13 3 -12
-9 -37 -15 32 -15 -1 -43 -36 5 39 -31 -9 -20 -19 -5 11
-4 15 -32 22 3 26 -56 -22 -22 -10 4 -26 -22 -1 -6 -7
-7 -35 -3 19 4 63 -2 -7 1 -46 -16 0 7 -4 -1 -18
-27 -26 -4 49 -18 -7 -2 -29 -44 9 12 -43 -12 9 -5 -22
40 -11 10 16 -1 -43 47 1 -36 -33 20 -6 10 5 4 15
-27 -47 1 -38 23 -40 -49 -75 -25 -29 -49 -53 -2 -11 -42 21
-9 28 -16 -16 59 4 32 -14 46 -3 14 -13 27 -5 -2 18
-27 4 -12 -1 10 22 -10 -11 -11 -10 -28 2 -37 -15 -17 -31
-12 11 12 58 32 32 34 16 15 -12 -6 5 7 7 0 6
19 40 25 19 5 -47 17 -17 -40 -3 4 -7 17 -1 -6 -47
11 -2 -15 39 -7 -10 5 7 -52 -6 23 23 -11 2 35 -19
14 15 3 8 55 29 -6 2 -3 58 7 34 4 28 -7 25
