-36 -39 -18 -25 -29 -15 -29 0 -27 -16 -11 -11 -46 -27 -32 -24
0 -3 5 5 28 34 -23 16 13 20 7 6 -14 6 5 -4
11 8 36 21 47 9 5 7 4 22 0 23 -25 6 6 30
28 0 21 12 26 15 15 -13 7 -4 1 7 -5 -9 8 4
-19 2 -11 -11 -6 -5 -4 -5 -13 -17 -13 -19 -4 11 -9 -13
4 12 45 20 31 15 12 9 27 6 26 24 25 14 10 22
26 0 11 4 2 18 12 13 8 13 13 -11 5 -14 3 36
21 28 38 21 22 40 19 34 17 10 25 19 33 -4 6 13
-24 -13 20 17 -28 -15 -19 -18 -11 -6 -25 -13 -4 4 4 -18
-12 -37 -28 -29 -13 -25 -25 9 -3 -10 -10 -23 23 -15 -27 -36
-7 2 -41 -5 -9 -4 4 26 -12 -3 9 -7 -8 10 -13 -5
-1 -7 -17 -17 -2 13 -3 5 -2 21 -19 11 14 11 -13 -14
51 39 35 48 32 23 38 2 31 31 31 25 47 28 66 14
5 -4 7 9 7 -21 -4 3 -14 14 -8 9 -3 6 30 14
38 -5 17 17 21 32 29 43 27 43 15 22 29 26 34 36
-26 -18 -16 -33 -29 -18 -6 -13 -40 -12 -9 -22 -2 5 -14 1
-7 9 14 8 -9 12 31 31 25 -29 -1 10 21 14 -8 -16
-9 -1 -23 3 -19 -10 -8 -11 -30 -17 -16 4 -17 -11 1 22
15 27 27 17 46 27 47 25 21 28 24 16 35 7 44 22
10 37 27 23 12 19 37 11 25 22 33 12 29 10 14 29
-47 -1 -25 -2 -1 -27 -21 -3 -8 -23 -22 -27 3 -40 -30 -24
-9 -4 19 -4 0 6 -8 -18 8 15 7 12 6 0 -3 19
28 22 2 -5 32 5 18 35 5 15 18 9 24 -3 -6 18
-27 11 -25 -12 -3 -6 -2 10 -23 -2 -35 -20 1 -6 -2 -34
-42 -27 -28 -19 -15 -19 -32 -35 -26 -31 -38 -47 -18 -40 -31 -47
-2 0 11 6 12 8 27 9 42 22 25 15 24 18 19 7
-1 -28 -11 -25 -19 -38 -19 -25 -22 -26 -32 -4 -2 -36 -20 -18
-30 -26 -26 -15 -26 -19 8 -23 -38 -32 -10 -21 -20 -12 -30 -24
31 20 21 34 18 3 28 -4 10 20 -21 30 30 19 15 1
-15 -13 -24 -11 -7 -18 -18 -3 -3 -6 -26 3 -4 -4 -19 -20
-6 3 0 16 14 30 -1 26 -1 -7 7 4 11 2 23 -8
-14 -28 -3 -12 -40 -9 -17 8 -28 -4 -10 -13 -45 0 -28 7
20 3 14 10 3 -8 31 17 5 4 27 4 20 2 17 30
16 9 -19 -11 0 13 1 10 22 -7 12 29 -11 14 12 3
-33 -28 -43 -37 -49 -35 -52 -27 -29 -12 -45 -49 -38 -47 -2 -23
24 -2 27 20 40 26 27 8 21 13 19 25 3 32 27 6
8 37 -13 19 3 -14 8 8 12 21 32 22 29 -7 19 6
-3 36 14 27 16 35 21 3 21 38 13 35 22 39 25 22
-23 -4 1 -1 -8 -10 7 1 -4 -7 4 1 19 -14 6 -1
-13 -14 -28 -16 -26 -40 -1 -19 -23 -23 -12 -5 -18 -11 -17 6
-11 28 13 19 17 6 2 18 13 3 19 10 -8 15 -6 -14
-2 -10 -6 -11 -25 0 3 -10 0 -7 15 1 -14 20 -7 -18
8 12 -3 -5 2 12 -4 17 -3 8 4 -9 25 11 1 16
-18 -18 1 -6 -1 -18 -25 -31 -17 -17 -14 -5 -27 -5 -13 3
-8 -40 -21 -24 -47 -45 -4 1 -41 8 -17 -33 15 -27 -37 -11
10 20 14 -15 -1 -14 -24 -17 4 -4 -17 -6 -13 -10 0 17
12 -2 7 -12 4 -29 0 -3 -7 -6 3 -18 -5 -12 -5 -8
-13 -24 -5 -29 -24 -15 -29 5 -18 -8 -35 -27 -15 -8 -25 -23
-24 5 -8 -9 -54 -22 -14 -28 -43 -29 -29 -3 -19 -11 -13 -28
12 2 24 17 20 5 28 5 37 11 27 -12 17 27 12 10
0 25 5 10 -1 8 17 17 22 -5 15 -8 10 -2 3 -5
28 -7 11 16 8 0 1 1 1 -2 2 -23 29 0 -1 31
-22 -21 5 -40 -18 -40 -19 6 -22 -33 2 -4 -37 -22 -2 -6
-18 -25 1 -8 -13 -11 -17 -27 -20 -20 -25 -22 -18 -4 -43 -7
-7 -13 -13 -3 -14 -11 5 8 -14 -5 14 11 -7 2 -6 8
-15 -15 -9 -26 -2 -16 -22 -10 22 5 3 -7 -8 -28 8 5
12 -6 16 21 -6 3 32 10 13 14 -7 20 16 29 -5 5
-10 -19 -16 -23 -40 -42 -29 -14 -26 -9 -22 -17 -11 -42 -34 -15
26 -7 29 8 14 14 -7 14 -19 20 39 -18 -1 22 -21 17
-24 -8 -26 -30 -17 -17 -11 -1 -26 -17 -10 5 -9 -10 -37 -16
22 11 8 26 1 12 25 17 1 5 6 11 17 10 29 3
29 6 1 14 -6 8 3 11 -5 -13 0 4 17 21 19 17
3 -9 -8 9 4 0 -17 10 -20 -20 -17 2 -14 -7 -28 11
4 20 6 13 17 31 53 28 14 3 31 -20 33 -1 -1 22
