-12 -25 -14 -7 -14 -30 -8 -14 -10 -41 -27 6 -40 -26 3 -16
18 -7 11 36 5 -18 -13 16 1 19 -11 8 -13 -11 -21 -6
-20 24 19 26 8 33 20 3 -4 -2 -1 4 -16 23 -19 38
7 24 12 1 15 6 -4 11 25 2 38 26 -6 19 14 23
-9 -15 -4 20 -5 -27 -19 23 7 -17 -13 -29 -23 -15 -2 -10
-7 -4 4 3 -12 -2 32 64 -11 38 -24 4 13 6 -5 -17
40 11 15 -8 0 29 12 1 5 16 17 23 22 40 -26 3
27 21 13 36 12 26 -15 -8 23 12 -6 21 5 -5 26 -5
-11 -18 -20 8 -3 14 8 7 -14 9 1 -7 -23 3 -25 14
-19 -36 7 -23 -57 -9 2 -6 1 3 -22 -2 -24 -64 3 -4
-14 19 -2 3 -11 11 2 6 2 0 18 -26 13 13 -3 -4
-7 -25 9 8 -21 -6 14 -2 4 17 -20 -4 26 -1 -6 -29
1 36 10 0 -5 22 2 39 23 34 27 2 3 22 14 20
4 28 -13 20 -7 31 -19 -3 -11 4 -11 -22 11 0 -9 4
16 -5 -11 19 13 30 25 25 -21 19 -21 -23 -1 1 13 27
6 -21 -1 -18 2 -17 6 -4 2 10 -4 -10 -27 -11 2 3
23 -3 -13 -1 27 -9 14 -1 -9 -17 9 -36 23 -7 -5 -25
6 20 4 -5 -4 2 -22 36 -15 23 8 -7 -25 33 14 -21
25 21 17 -2 17 25 39 26 20 31 5 9 5 35 29 -2
-2 -18 -13 27 -6 23 14 25 12 3 18 31 37 17 12 -1
-5 -8 -15 18 -23 6 -24 -10 21 -22 25 -40 21 -20 -23 -8
-3 15 14 -2 18 27 11 -22 13 -12 -7 5 -5 -14 19 1
-19 -12 16 25 -14 2 29 8 13 17 8 15 -17 -3 3 31
27 6 25 -5 -34 -30 12 -19 -8 -8 -6 -38 12 -13 7 -37
-63 -39 0 -37 -16 -1 -5 -15 -14 -3 15 -14 -1 -9 -14 -9
-21 12 -10 23 -12 -7 -1 59 -8 18 -17 -3 6 17 23 -1
10 -32 -9 -29 -11 -8 -40 -20 -12 -18 -12 -3 -17 -11 -47 5
-32 -36 19 21 -1 -6 17 -7 -16 -16 -13 -7 -39 -13 -5 -10
-28 -27 15 16 18 19 21 17 -5 3 10 -18 23 -26 30 2
14 -22 -20 9 -1 -26 -4 0 -8 -3 -30 13 6 15 -8 24
13 3 8 0 -18 6 1 36 -21 25 19 -5 -33 9 25 -5
-13 2 -25 -15 -18 -6 -25 -11 1 -5 -12 -9 -19 -39 -3 -12
-11 -1 11 -18 20 29 -20 -16 2 17 15 9 -5 -6 -4 21
-7 -33 2 8 19 10 5 14 10 -6 -1 8 -14 -14 -26 27
-48 -11 -28 -29 -12 -31 -40 -9 -12 -20 8 -29 -6 27 14 -2
15 27 11 -1 19 4 -15 6 -13 10 51 -9 7 6 -2 2
-12 -3 -12 -24 16 28 -3 19 18 -8 26 10 -2 -7 37 8
4 9 8 -6 23 -29 18 4 22 15 -2 -10 7 22 37 -5
2 -11 -27 -16 0 3 11 31 -2 10 -2 5 -18 7 4 -1
-41 -15 -34 -21 -9 -5 -12 -6 22 -10 22 -29 -4 -2 -1 -21
-9 27 11 21 15 16 13 13 -4 -9 -11 24 -12 15 10 -19
0 7 20 23 18 -5 -9 -8 7 -9 -13 1 7 10 -16 27
5 0 9 -5 0 -15 4 41 -3 31 -19 -9 9 -7 49 -13
-13 24 -38 -10 -12 18 -52 -32 27 -23 5 19 26 6 -23 -33
-5 -22 -35 -16 -12 -20 -8 2 -19 20 -31 7 -9 -10 10 1
-23 -14 10 -11 0 -6 -20 -18 18 30 20 14 6 -15 -12 -8
-1 -2 -6 -29 14 7 2 -23 -1 -3 10 25 -9 14 -4 -28
14 -7 -1 -7 -24 3 -3 -23 -9 4 -29 25 5 20 -32 -12
-25 -1 -6 -18 -2 -12 -21 -17 0 -17 -4 19 -10 12 13 8
0 8 23 -12 16 -16 -11 3 0 39 11 11 -2 6 12 21
8 -2 -14 -14 -4 2 19 12 -15 -12 9 7 9 15 6 -30
25 -6 -1 -1 32 10 -30 29 -18 8 13 15 15 -9 2 9
-33 17 -28 -11 -13 7 -11 -2 -5 -5 -30 -25 19 32 -13 9
-27 -12 7 -10 -46 2 -36 -2 1 -8 2 -7 -12 -22 -16 22
9 -29 -11 -9 16 -2 -12 27 0 33 2 -34 -24 -23 3 -4
-37 0 -6 13 16 -27 -2 10 -6 -10 -6 -25 -16 -5 14 -40
16 -42 5 17 7 20 59 -7 -13 6 -17 25 22 -21 7 26
-17 -16 -38 -35 -15 -36 -1 7 -29 -8 -30 -3 -19 -6 -11 -8
9 -7 25 0 25 17 1 -19 10 8 -6 44 0 11 -8 8
9 -6 -26 -34 0 -3 -5 -6 7 16 -24 -23 -13 -26 4 -8
-5 15 18 0 2 -8 12 22 7 2 1 -28 -3 5 33 24
-13 16 16 -16 -7 -7 3 -26 -8 30 -12 16 32 23 -24 5
19 -2 -6 20 -6 -25 -5 16 -41 17 -17 -25 -23 7 -18 8
41 12 25 -26 -52 4 4 6 10 25 37 12 -2 -9 -17 30
